datetime,open,high,low,close,volume
2021-01-01 09:30:00+05:30,459.0,459.6,455.3,455.3,11510
2021-01-01 09:45:00+05:30,455.75,456.0,453.95,455.35,10061
2021-01-01 10:00:00+05:30,455.4,456.05,452.75,456.0,12571
2021-01-01 10:15:00+05:30,456.0,456.2,455.45,456.2,4647
2021-01-01 10:30:00+05:30,456.25,457.4,455.4,457.2,5579
2021-01-01 10:45:00+05:30,457.4,459.0,456.0,457.0,12210
2021-01-01 11:00:00+05:30,457.0,457.4,456.35,457.4,3387
2021-01-01 11:15:00+05:30,457.4,457.4,456.05,456.95,5491
2021-01-01 11:30:00+05:30,456.95,457.2,456.1,457.2,3802
2021-01-01 11:45:00+05:30,457.2,458.35,456.6,458.0,4790
2021-01-01 12:00:00+05:30,458.0,458.35,454.05,454.55,11213
2021-01-01 12:15:00+05:30,454.6,456.5,454.0,455.9,5784
2021-01-01 12:30:00+05:30,456.4,457.65,455.95,457.0,3137
2021-01-01 12:45:00+05:30,457.0,458.0,455.5,456.0,6429
2021-01-01 13:00:00+05:30,456.0,457.0,455.5,457.0,4579
2021-01-01 13:15:00+05:30,457.0,457.45,456.0,457.3,3114
2021-01-01 13:30:00+05:30,457.3,457.65,456.05,457.5,3740
2021-01-01 13:45:00+05:30,457.5,458.0,456.6,457.95,2313
2021-01-01 14:00:00+05:30,457.95,458.35,457.3,458.35,3403
2021-01-01 14:15:00+05:30,458.35,458.35,456.75,457.2,5171
2021-01-01 14:30:00+05:30,457.7,458.0,457.0,457.3,3906
2021-01-01 14:45:00+05:30,457.55,458.65,456.95,458.15,7349
2021-01-01 15:00:00+05:30,457.6,458.0,456.35,456.8,9769
2021-01-01 15:15:00+05:30,456.95,457.4,455.4,457.4,13592
2021-01-01 15:30:00+05:30,457.4,457.4,455.7,457.0,15078
2021-01-04 09:30:00+05:30,459.0,459.4,456.0,456.45,15287
2021-01-04 09:45:00+05:30,456.45,457.0,456.2,456.95,9736
2021-01-04 10:00:00+05:30,456.95,456.95,455.0,455.35,10762
2021-01-04 10:15:00+05:30,455.35,455.75,455.0,455.55,3219
2021-01-04 10:30:00+05:30,455.55,455.55,453.1,454.6,64098
2021-01-04 10:45:00+05:30,454.6,456.1,454.2,455.75,8239
2021-01-04 11:00:00+05:30,456.15,456.3,455.0,455.05,7524
2021-01-04 11:15:00+05:30,455.05,455.1,453.2,453.9,12609
2021-01-04 11:30:00+05:30,453.9,457.0,453.9,456.95,5239
2021-01-04 11:45:00+05:30,456.95,462.0,456.65,459.65,52869
2021-01-04 12:00:00+05:30,459.6,460.0,457.65,459.95,9142
2021-01-04 12:15:00+05:30,459.95,460.45,459.35,460.0,2721
2021-01-04 12:30:00+05:30,460.0,465.95,460.0,464.1,65076
2021-01-04 12:45:00+05:30,464.05,464.05,461.75,462.5,13379
2021-01-04 13:00:00+05:30,462.5,462.9,462.1,462.4,4172
2021-01-04 13:15:00+05:30,462.4,462.85,462.05,462.05,4861
2021-01-04 13:30:00+05:30,462.05,464.45,462.05,464.45,9438
2021-01-04 13:45:00+05:30,464.45,464.45,462.1,463.25,3813
2021-01-04 14:00:00+05:30,462.95,464.8,462.95,464.25,12032
2021-01-04 14:15:00+05:30,464.25,464.65,463.55,464.0,6843
2021-01-04 14:30:00+05:30,464.0,464.3,461.7,461.7,6118
2021-01-04 14:45:00+05:30,461.7,463.5,461.7,462.65,4977
2021-01-04 15:00:00+05:30,462.65,462.9,459.8,459.85,13121
2021-01-04 15:15:00+05:30,459.85,463.5,459.2,462.75,18969
2021-01-04 15:30:00+05:30,462.75,464.0,459.95,463.4,29940
2021-01-05 09:30:00+05:30,461.1,461.8,457.25,458.15,11854
2021-01-05 09:45:00+05:30,458.15,459.25,457.0,457.0,6661
2021-01-05 10:00:00+05:30,457.2,460.0,456.7,460.0,11689
2021-01-05 10:15:00+05:30,460.0,460.0,457.0,458.25,6344
2021-01-05 10:30:00+05:30,458.25,459.0,456.55,459.0,8050
2021-01-05 10:45:00+05:30,459.0,459.65,457.95,459.25,6090
2021-01-05 11:00:00+05:30,459.25,459.65,458.25,459.25,4361
2021-01-05 11:15:00+05:30,459.25,459.95,457.85,458.6,4974
2021-01-05 11:30:00+05:30,458.65,462.65,458.65,460.7,11719
2021-01-05 11:45:00+05:30,460.65,461.25,459.05,459.05,7056
2021-01-05 12:00:00+05:30,459.65,460.0,457.0,459.0,13676
2021-01-05 12:15:00+05:30,459.3,459.3,457.5,458.95,13482
2021-01-05 12:30:00+05:30,458.95,459.0,457.5,457.5,13319
2021-01-05 12:45:00+05:30,457.95,458.7,454.6,455.45,26551
2021-01-05 13:00:00+05:30,455.45,458.5,455.45,458.2,7673
2021-01-05 13:15:00+05:30,458.15,459.0,457.85,458.3,4809
2021-01-05 13:30:00+05:30,458.5,458.5,456.25,457.45,7264
2021-01-05 13:45:00+05:30,456.85,458.55,456.6,457.95,3217
2021-01-05 14:00:00+05:30,458.0,458.75,456.15,457.3,6674
2021-01-05 14:15:00+05:30,457.3,458.0,456.3,457.4,10662
2021-01-05 14:30:00+05:30,457.4,460.9,456.7,459.1,30427
2021-01-05 14:45:00+05:30,459.1,461.5,458.15,460.35,28441
2021-01-05 15:00:00+05:30,459.65,461.2,459.5,460.4,8434
2021-01-05 15:15:00+05:30,460.95,464.0,460.45,464.0,35090
2021-01-05 15:30:00+05:30,463.1,466.4,463.0,465.5,80970
2021-01-06 09:30:00+05:30,466.0,467.05,464.0,466.0,31670
2021-01-06 09:45:00+05:30,466.0,466.95,461.95,462.35,17652
2021-01-06 10:00:00+05:30,462.35,471.3,462.35,467.2,51317
2021-01-06 10:15:00+05:30,468.0,469.45,466.1,466.1,24687
2021-01-06 10:30:00+05:30,466.1,470.0,466.1,468.05,22382
2021-01-06 10:45:00+05:30,468.05,470.0,467.05,469.35,18046
2021-01-06 11:00:00+05:30,468.7,469.05,467.0,467.75,12343
2021-01-06 11:15:00+05:30,467.75,469.0,467.05,467.1,10417
2021-01-06 11:30:00+05:30,467.1,468.55,465.75,468.2,13373
2021-01-06 11:45:00+05:30,468.2,476.8,468.0,476.25,154321
2021-01-06 12:00:00+05:30,476.35,477.0,471.95,473.85,68657
2021-01-06 12:15:00+05:30,473.85,474.85,472.55,472.7,27383
2021-01-06 12:30:00+05:30,472.8,473.9,472.1,473.0,27868
2021-01-06 12:45:00+05:30,473.0,477.5,473.0,477.2,78995
2021-01-06 13:00:00+05:30,477.0,484.25,476.5,482.8,301637
2021-01-06 13:15:00+05:30,482.8,483.05,476.3,480.1,131366
2021-01-06 13:30:00+05:30,480.1,482.8,480.0,482.05,46986
2021-01-06 13:45:00+05:30,482.05,482.3,470.1,473.55,76519
2021-01-06 14:00:00+05:30,473.55,475.4,470.2,472.35,34034
2021-01-06 14:15:00+05:30,472.35,475.5,468.75,473.5,32836
2021-01-06 14:30:00+05:30,473.3,476.95,471.2,474.6,36769
2021-01-06 14:45:00+05:30,474.6,477.2,472.7,477.05,20270
2021-01-06 15:00:00+05:30,477.0,484.0,476.25,482.5,88771
2021-01-06 15:15:00+05:30,482.65,483.9,478.5,480.0,70904
2021-01-06 15:30:00+05:30,480.0,482.65,478.0,478.0,62391
2021-01-07 09:30:00+05:30,485.0,487.0,479.35,480.25,71727
2021-01-07 09:45:00+05:30,480.25,484.45,480.25,483.0,24545
2021-01-07 10:00:00+05:30,482.95,482.95,479.55,482.5,29217
2021-01-07 10:15:00+05:30,482.5,482.9,481.15,481.15,5859
2021-01-07 10:30:00+05:30,480.95,481.2,480.05,480.25,8658
2021-01-07 10:45:00+05:30,480.25,480.9,479.0,479.5,9818
2021-01-07 11:00:00+05:30,479.5,482.0,478.4,481.9,10034
2021-01-07 11:15:00+05:30,482.0,482.5,480.7,481.45,11519
2021-01-07 11:30:00+05:30,481.45,481.45,479.55,479.75,8034
2021-01-07 11:45:00+05:30,479.6,482.9,479.5,481.85,17144
2021-01-07 12:00:00+05:30,481.85,489.45,481.85,488.5,126260
2021-01-07 12:15:00+05:30,488.5,496.35,488.5,493.5,269373
2021-01-07 12:30:00+05:30,493.5,495.6,488.5,491.8,111216
2021-01-07 12:45:00+05:30,491.95,494.5,491.15,493.5,48673
2021-01-07 13:00:00+05:30,493.5,495.0,492.25,494.0,46849
2021-01-07 13:15:00+05:30,494.0,494.0,491.3,491.3,15346
2021-01-07 13:30:00+05:30,491.3,493.25,491.15,492.65,17185
2021-01-07 13:45:00+05:30,492.7,494.3,488.25,489.25,41015
2021-01-07 14:00:00+05:30,489.25,491.5,488.1,490.55,11431
2021-01-07 14:15:00+05:30,490.55,490.55,484.6,485.2,39059
2021-01-07 14:30:00+05:30,485.2,487.35,485.05,486.25,10841
2021-01-07 14:45:00+05:30,486.25,492.5,485.5,492.0,35652
2021-01-07 15:00:00+05:30,492.0,496.35,489.5,493.9,151794
2021-01-07 15:15:00+05:30,493.9,493.9,485.8,488.05,71871
2021-01-07 15:30:00+05:30,488.05,489.0,485.9,488.0,45725
2021-01-08 09:30:00+05:30,493.7,509.0,493.0,505.4,395979
2021-01-08 09:45:00+05:30,505.4,508.0,502.0,502.2,101954
2021-01-08 10:00:00+05:30,502.25,507.5,501.5,507.0,53036
2021-01-08 10:15:00+05:30,507.0,507.4,501.75,503.95,46392
2021-01-08 10:30:00+05:30,503.3,504.75,503.0,503.15,20436
2021-01-08 10:45:00+05:30,503.1,504.25,502.0,503.45,19478
2021-01-08 11:00:00+05:30,503.45,505.5,502.0,503.0,43832
2021-01-08 11:15:00+05:30,503.0,506.0,502.0,506.0,27469
2021-01-08 11:30:00+05:30,506.0,509.7,503.05,508.35,98227
2021-01-08 11:45:00+05:30,508.4,509.25,505.75,506.9,60119
2021-01-08 12:00:00+05:30,506.9,508.0,503.15,503.15,46698
2021-01-08 12:15:00+05:30,503.4,511.85,502.1,510.0,167956
2021-01-08 12:30:00+05:30,510.0,511.5,507.05,510.1,50003
2021-01-08 12:45:00+05:30,510.5,510.5,506.25,509.95,46923
2021-01-08 13:00:00+05:30,509.6,513.35,509.0,512.55,68883
2021-01-08 13:15:00+05:30,513.0,515.0,511.2,513.7,140643
2021-01-08 13:30:00+05:30,513.7,513.9,511.5,512.15,42607
2021-01-08 13:45:00+05:30,512.15,512.7,507.0,508.15,72299
2021-01-08 14:00:00+05:30,508.5,509.0,503.5,508.3,63608
2021-01-08 14:15:00+05:30,508.3,511.0,505.1,505.8,32718
2021-01-08 14:30:00+05:30,505.7,508.6,505.0,508.35,58620
2021-01-08 14:45:00+05:30,508.35,508.35,502.1,503.45,64120
2021-01-08 15:00:00+05:30,503.45,505.85,502.8,505.0,33419
2021-01-08 15:15:00+05:30,504.65,509.0,504.65,509.0,62626
2021-01-08 15:30:00+05:30,508.7,511.05,507.25,510.5,93391
2021-01-11 09:30:00+05:30,514.0,514.0,501.3,503.0,97152
2021-01-11 09:45:00+05:30,503.6,504.0,501.1,503.0,38444
2021-01-11 10:00:00+05:30,503.5,504.0,501.05,501.7,17924
2021-01-11 10:15:00+05:30,501.35,503.05,501.25,501.9,20817
2021-01-11 10:30:00+05:30,501.25,504.0,500.5,503.3,42561
2021-01-11 10:45:00+05:30,503.3,504.85,503.0,503.8,17643
2021-01-11 11:00:00+05:30,503.8,504.85,503.0,504.0,25112
2021-01-11 11:15:00+05:30,504.0,504.0,503.0,503.85,16221
2021-01-11 11:30:00+05:30,503.85,504.55,503.0,503.4,9543
2021-01-11 11:45:00+05:30,503.4,504.9,503.4,504.05,3441
2021-01-11 12:00:00+05:30,504.05,504.05,502.95,503.8,4684
2021-01-11 12:15:00+05:30,503.8,504.0,503.0,503.1,4207
2021-01-11 12:30:00+05:30,503.1,504.0,503.0,503.05,4431
2021-01-11 12:45:00+05:30,503.45,503.9,503.0,503.05,4478
2021-01-11 13:00:00+05:30,503.05,504.0,503.0,503.35,4271
2021-01-11 13:15:00+05:30,503.0,503.8,503.0,503.35,4595
2021-01-11 13:30:00+05:30,503.2,503.9,503.05,503.2,6706
2021-01-11 13:45:00+05:30,503.2,504.0,503.0,503.4,3865
2021-01-11 14:00:00+05:30,503.75,504.65,503.35,504.5,4878
2021-01-11 14:15:00+05:30,504.7,505.2,504.25,505.0,93934
2021-01-11 14:30:00+05:30,505.2,505.9,504.75,505.8,31606
2021-01-11 14:45:00+05:30,505.8,506.55,503.95,505.0,34387
2021-01-11 15:00:00+05:30,505.0,505.3,504.55,505.0,30332
2021-01-11 15:15:00+05:30,504.95,505.45,504.65,504.65,51295
2021-01-11 15:30:00+05:30,504.65,506.5,503.1,504.9,44636
2021-01-12 09:30:00+05:30,507.55,513.5,505.55,505.55,53581
2021-01-12 09:45:00+05:30,505.75,507.5,503.05,507.0,16015
2021-01-12 10:00:00+05:30,507.0,507.0,505.0,505.4,5975
2021-01-12 10:15:00+05:30,505.4,507.15,505.0,505.15,34341
2021-01-12 10:30:00+05:30,505.1,506.1,504.45,505.45,17002
2021-01-12 10:45:00+05:30,505.45,506.4,504.75,506.0,4115
2021-01-12 11:00:00+05:30,506.9,507.45,505.1,506.0,8828
2021-01-12 11:15:00+05:30,505.95,508.2,505.35,506.75,14318
2021-01-12 11:30:00+05:30,506.75,522.25,506.65,519.75,252365
2021-01-12 11:45:00+05:30,519.6,522.55,514.05,516.1,130339
2021-01-12 12:00:00+05:30,516.65,518.0,514.2,515.95,44227
2021-01-12 12:15:00+05:30,515.4,516.6,514.1,516.2,21617
2021-01-12 12:30:00+05:30,516.2,516.9,514.3,515.0,12850
2021-01-12 12:45:00+05:30,515.0,515.0,509.3,512.75,63284
2021-01-12 13:00:00+05:30,512.75,516.7,512.4,515.05,14943
2021-01-12 13:15:00+05:30,515.05,515.7,511.25,512.65,15880
2021-01-12 13:30:00+05:30,512.65,514.0,508.55,508.9,34050
2021-01-12 13:45:00+05:30,508.95,509.0,507.0,508.25,31964
2021-01-12 14:00:00+05:30,508.25,508.95,506.65,508.95,14961
2021-01-12 14:15:00+05:30,508.95,510.0,507.15,509.4,12075
2021-01-12 14:30:00+05:30,509.4,509.4,507.7,508.3,5181
2021-01-12 14:45:00+05:30,508.3,508.7,507.0,507.15,11207
2021-01-12 15:00:00+05:30,507.5,508.0,507.0,507.0,20960
2021-01-12 15:15:00+05:30,507.0,508.5,506.25,506.65,21327
2021-01-12 15:30:00+05:30,506.65,509.7,505.2,507.5,52681
2021-01-13 09:30:00+05:30,508.95,514.3,506.1,511.95,28622
2021-01-13 09:45:00+05:30,511.95,514.7,508.4,514.25,28905
2021-01-13 10:00:00+05:30,514.0,517.6,511.45,511.75,19520
2021-01-13 10:15:00+05:30,511.5,512.35,510.1,510.75,7111
2021-01-13 10:30:00+05:30,511.45,511.45,507.0,510.45,24981
2021-01-13 10:45:00+05:30,511.0,511.0,507.6,508.9,5049
2021-01-13 11:00:00+05:30,508.3,510.8,508.1,509.85,7073
2021-01-13 11:15:00+05:30,509.9,510.3,508.6,510.3,4842
2021-01-13 11:30:00+05:30,510.2,510.9,508.0,508.5,7880
2021-01-13 11:45:00+05:30,508.5,509.0,506.55,507.4,8549
2021-01-13 12:00:00+05:30,507.05,508.5,506.75,507.05,3751
2021-01-13 12:15:00+05:30,507.45,507.8,506.4,507.15,5920
2021-01-13 12:30:00+05:30,507.15,509.1,507.15,508.45,5207
2021-01-13 12:45:00+05:30,508.65,508.95,507.25,507.25,2319
2021-01-13 13:00:00+05:30,507.45,509.7,507.45,508.8,3567
2021-01-13 13:15:00+05:30,508.35,508.35,507.0,507.0,1421
2021-01-13 13:30:00+05:30,506.65,508.0,506.5,507.0,5793
2021-01-13 13:45:00+05:30,507.0,508.5,506.1,508.15,14926
2021-01-13 14:00:00+05:30,508.15,508.15,506.65,506.7,6467
2021-01-13 14:15:00+05:30,506.65,507.9,506.1,507.0,36757
2021-01-13 14:30:00+05:30,507.35,508.95,505.45,507.0,68830
2021-01-13 14:45:00+05:30,506.95,508.25,506.0,507.3,29506
2021-01-13 15:00:00+05:30,507.0,508.25,505.25,508.2,22159
2021-01-13 15:15:00+05:30,508.2,509.9,506.95,507.0,42873
2021-01-13 15:30:00+05:30,507.6,508.95,506.75,507.0,41112
2021-01-14 09:30:00+05:30,508.6,510.7,507.0,507.25,13243
2021-01-14 09:45:00+05:30,507.25,507.5,506.3,506.85,17242
2021-01-14 10:00:00+05:30,506.85,509.6,506.5,509.3,11797
2021-01-14 10:15:00+05:30,509.25,509.35,507.55,507.55,3259
2021-01-14 10:30:00+05:30,507.5,508.4,506.6,507.85,5762
2021-01-14 10:45:00+05:30,508.2,509.75,507.65,508.5,4278
2021-01-14 11:00:00+05:30,508.5,508.95,508.0,508.0,2752
2021-01-14 11:15:00+05:30,508.0,513.7,508.0,510.8,15398
2021-01-14 11:30:00+05:30,510.5,511.15,509.7,510.4,2946
2021-01-14 11:45:00+05:30,510.3,518.0,509.9,517.0,47619
2021-01-14 12:00:00+05:30,516.9,518.95,514.0,517.7,41675
2021-01-14 12:15:00+05:30,518.0,518.5,516.6,517.75,22180
2021-01-14 12:30:00+05:30,517.3,517.9,515.8,516.15,9036
2021-01-14 12:45:00+05:30,515.25,519.95,515.2,518.0,29778
2021-01-14 13:00:00+05:30,518.65,519.65,514.15,514.25,46373
2021-01-14 13:15:00+05:30,514.1,514.1,509.0,509.8,44531
2021-01-14 13:30:00+05:30,509.8,510.0,509.0,510.0,9153
2021-01-14 13:45:00+05:30,510.0,510.0,508.2,510.0,11555
2021-01-14 14:00:00+05:30,510.0,510.0,509.0,510.0,3740
2021-01-14 14:15:00+05:30,509.35,509.95,508.55,509.0,7056
2021-01-14 14:30:00+05:30,509.0,509.5,508.0,508.9,8322
2021-01-14 14:45:00+05:30,508.8,510.0,508.4,508.95,2671
2021-01-14 15:00:00+05:30,508.8,509.9,508.3,509.0,6069
2021-01-14 15:15:00+05:30,509.0,511.0,508.25,509.2,14675
2021-01-14 15:30:00+05:30,509.2,509.55,507.1,509.05,25481
2021-01-15 09:30:00+05:30,510.5,510.9,503.4,508.25,27589
2021-01-15 09:45:00+05:30,508.25,508.85,504.25,506.25,11751
2021-01-15 10:00:00+05:30,506.25,506.85,502.85,505.1,15129
2021-01-15 10:15:00+05:30,505.0,506.5,504.5,504.75,1792
2021-01-15 10:30:00+05:30,505.5,506.35,503.95,506.0,6208
2021-01-15 10:45:00+05:30,506.15,507.8,506.0,507.2,4059
2021-01-15 11:00:00+05:30,507.2,508.0,506.0,507.4,9451
2021-01-15 11:15:00+05:30,507.4,507.5,506.0,506.5,5387
2021-01-15 11:30:00+05:30,506.95,507.45,505.8,506.0,16723
2021-01-15 11:45:00+05:30,506.8,507.75,506.0,507.05,2984
2021-01-15 12:00:00+05:30,507.05,508.0,506.2,507.05,2854
2021-01-15 12:15:00+05:30,507.05,507.55,506.0,506.25,2921
2021-01-15 12:30:00+05:30,506.25,506.85,506.0,506.55,962
2021-01-15 12:45:00+05:30,506.55,506.8,506.0,506.35,1215
2021-01-15 13:00:00+05:30,506.35,506.55,506.0,506.4,540
2021-01-15 13:15:00+05:30,506.4,506.45,505.55,506.45,2131
2021-01-15 13:30:00+05:30,506.45,506.9,505.7,506.9,3085
2021-01-15 13:45:00+05:30,506.5,506.65,505.85,506.35,1795
2021-01-15 14:00:00+05:30,506.35,506.9,505.85,506.4,3786
2021-01-15 14:15:00+05:30,506.4,506.95,505.85,506.0,6339
2021-01-15 14:30:00+05:30,506.0,506.0,503.6,504.5,17491
2021-01-15 14:45:00+05:30,504.5,505.0,503.75,505.0,6896
2021-01-15 15:00:00+05:30,505.0,506.0,505.0,505.4,3701
2021-01-15 15:15:00+05:30,505.4,507.25,504.3,506.25,20135
2021-01-15 15:30:00+05:30,506.25,507.3,505.1,507.3,15406
2021-01-18 09:30:00+05:30,503.15,504.9,497.7,498.0,17062
2021-01-18 09:45:00+05:30,498.0,498.35,491.7,494.5,26920
2021-01-18 10:00:00+05:30,494.45,494.6,487.75,488.0,25375
2021-01-18 10:15:00+05:30,488.0,494.45,488.0,491.45,18756
2021-01-18 10:30:00+05:30,491.45,491.45,485.0,485.95,15162
2021-01-18 10:45:00+05:30,485.8,486.7,485.05,486.4,4447
2021-01-18 11:00:00+05:30,486.4,487.8,486.25,487.6,5063
2021-01-18 11:15:00+05:30,487.7,490.95,487.1,490.3,7524
2021-01-18 11:30:00+05:30,490.3,493.5,490.3,490.7,20737
2021-01-18 11:45:00+05:30,490.7,492.5,489.85,490.0,4883
2021-01-18 12:00:00+05:30,490.0,491.25,490.0,490.05,1802
2021-01-18 12:15:00+05:30,490.05,491.35,488.95,491.2,7001
2021-01-18 12:30:00+05:30,491.2,492.15,489.35,490.0,5324
2021-01-18 12:45:00+05:30,490.0,490.35,487.05,488.0,3077
2021-01-18 13:00:00+05:30,488.0,488.65,486.25,488.25,10122
2021-01-18 13:15:00+05:30,487.7,492.0,487.6,491.0,14576
2021-01-18 13:30:00+05:30,491.0,491.7,490.65,490.85,841
2021-01-18 13:45:00+05:30,490.5,493.0,490.0,492.45,7503
2021-01-18 14:00:00+05:30,492.45,492.95,491.1,491.75,2397
2021-01-18 14:15:00+05:30,491.75,497.0,491.2,497.0,13022
2021-01-18 14:30:00+05:30,497.05,498.45,492.5,497.5,25842
2021-01-18 14:45:00+05:30,497.5,500.8,497.05,497.05,45001
2021-01-18 15:00:00+05:30,497.05,497.6,492.5,496.85,22834
2021-01-18 15:15:00+05:30,496.85,497.35,494.95,496.0,10932
2021-01-18 15:30:00+05:30,496.0,496.2,493.5,495.0,22566
2021-01-19 09:30:00+05:30,497.7,502.4,497.2,497.35,14601
2021-01-19 09:45:00+05:30,497.35,498.95,496.0,496.1,8993
2021-01-19 10:00:00+05:30,496.1,502.0,496.05,502.0,9941
2021-01-19 10:15:00+05:30,502.0,503.9,501.05,501.7,13176
2021-01-19 10:30:00+05:30,501.7,502.3,498.65,500.65,5150
2021-01-19 10:45:00+05:30,500.65,501.45,499.8,500.45,2766
2021-01-19 11:00:00+05:30,500.5,501.3,500.0,500.8,1167
2021-01-19 11:15:00+05:30,500.8,501.3,500.6,501.3,1153
2021-01-19 11:30:00+05:30,501.3,504.4,499.7,502.7,14989
2021-01-19 11:45:00+05:30,502.7,514.5,502.0,512.0,98965
2021-01-19 12:00:00+05:30,512.0,513.9,510.0,511.5,36595
2021-01-19 12:15:00+05:30,512.25,512.5,510.6,511.0,9536
2021-01-19 12:30:00+05:30,511.0,511.6,509.55,510.9,17376
2021-01-19 12:45:00+05:30,510.9,511.5,510.0,511.5,10754
2021-01-19 13:00:00+05:30,511.5,512.0,511.1,511.6,9265
2021-01-19 13:15:00+05:30,511.6,516.45,511.5,515.0,46040
2021-01-19 13:30:00+05:30,515.0,516.0,514.85,515.0,25722
2021-01-19 13:45:00+05:30,515.05,515.75,515.0,515.0,23110
2021-01-19 14:00:00+05:30,515.0,515.5,514.35,515.25,13637
2021-01-19 14:15:00+05:30,515.25,515.5,514.05,514.35,9337
2021-01-19 14:30:00+05:30,514.35,514.9,512.2,514.55,13672
2021-01-19 14:45:00+05:30,514.05,514.85,512.75,513.3,8103
2021-01-19 15:00:00+05:30,513.2,514.8,513.05,513.85,8279
2021-01-19 15:15:00+05:30,513.85,514.9,512.45,513.5,13735
2021-01-19 15:30:00+05:30,513.4,522.0,513.35,521.0,81177
2021-01-20 09:30:00+05:30,524.7,529.85,523.0,525.6,168972
2021-01-20 09:45:00+05:30,525.05,526.0,510.15,520.0,105683
2021-01-20 10:00:00+05:30,520.0,520.0,516.6,520.0,30904
2021-01-20 10:15:00+05:30,520.0,521.25,517.8,519.4,19841
2021-01-20 10:30:00+05:30,519.4,521.0,519.0,519.75,12268
2021-01-20 10:45:00+05:30,519.75,520.25,519.1,519.4,6882
2021-01-20 11:00:00+05:30,519.4,519.9,514.6,517.0,15614
2021-01-20 11:15:00+05:30,517.0,519.0,514.1,519.0,9777
2021-01-20 11:30:00+05:30,518.95,518.95,515.5,516.7,9343
2021-01-20 11:45:00+05:30,516.7,518.5,516.7,516.9,6920
2021-01-20 12:00:00+05:30,516.9,517.45,515.0,515.0,7297
2021-01-20 12:15:00+05:30,515.0,516.95,515.0,516.85,5777
2021-01-20 12:30:00+05:30,516.85,516.85,515.05,515.7,2248
2021-01-20 12:45:00+05:30,515.7,515.7,513.55,514.5,8645
2021-01-20 13:00:00+05:30,514.5,514.5,511.75,513.65,8985
2021-01-20 13:15:00+05:30,513.65,515.85,513.65,515.85,4801
2021-01-20 13:30:00+05:30,515.85,516.0,514.4,515.25,1523
2021-01-20 13:45:00+05:30,515.25,516.55,514.75,515.65,3897
2021-01-20 14:00:00+05:30,515.65,516.35,514.0,514.3,3694
2021-01-20 14:15:00+05:30,514.3,515.8,514.15,515.5,5086
2021-01-20 14:30:00+05:30,515.5,515.5,514.05,515.05,3362
2021-01-20 14:45:00+05:30,515.35,515.35,511.95,511.95,8119
2021-01-20 15:00:00+05:30,511.25,512.7,510.15,510.8,17258
2021-01-20 15:15:00+05:30,510.8,512.4,510.45,511.0,15123
2021-01-20 15:30:00+05:30,511.0,511.7,504.05,508.0,52023
2021-01-21 09:30:00+05:30,503.35,515.0,503.35,511.2,20766
2021-01-21 09:45:00+05:30,511.2,516.55,510.5,513.6,14982
2021-01-21 10:00:00+05:30,514.2,516.25,511.1,511.1,9379
2021-01-21 10:15:00+05:30,511.1,513.75,511.1,512.55,4999
2021-01-21 10:30:00+05:30,512.9,515.0,512.45,514.4,4077
2021-01-21 10:45:00+05:30,514.4,514.95,512.5,513.7,7346
2021-01-21 11:00:00+05:30,513.7,513.8,511.0,512.0,6164
2021-01-21 11:15:00+05:30,512.0,512.0,510.8,512.0,3855
2021-01-21 11:30:00+05:30,512.0,513.7,511.1,512.5,11615
2021-01-21 11:45:00+05:30,512.5,514.2,512.0,513.5,8553
2021-01-21 12:00:00+05:30,513.5,516.0,512.25,515.0,18124
2021-01-21 12:15:00+05:30,515.15,519.0,514.75,516.35,17368
2021-01-21 12:30:00+05:30,516.35,517.0,513.5,514.55,7826
2021-01-21 12:45:00+05:30,514.55,515.0,513.5,514.1,2548
2021-01-21 13:00:00+05:30,514.0,515.0,513.6,513.9,3605
2021-01-21 13:15:00+05:30,513.9,514.1,511.05,511.45,4748
2021-01-21 13:30:00+05:30,511.45,515.0,511.15,513.5,9621
2021-01-21 13:45:00+05:30,513.5,514.25,513.0,513.65,3087
2021-01-21 14:00:00+05:30,513.65,513.65,511.05,511.8,2580
2021-01-21 14:15:00+05:30,511.8,511.9,510.0,510.95,14164
2021-01-21 14:30:00+05:30,510.95,512.95,509.15,510.5,17117
2021-01-21 14:45:00+05:30,510.5,511.0,508.1,509.1,10295
2021-01-21 15:00:00+05:30,509.1,509.55,506.1,508.8,16806
2021-01-21 15:15:00+05:30,508.75,510.0,505.05,506.25,23702
2021-01-21 15:30:00+05:30,506.25,509.55,506.05,508.0,14762
2021-01-22 09:30:00+05:30,510.4,511.8,505.7,508.6,21304
2021-01-22 09:45:00+05:30,508.8,510.0,507.0,509.9,15596
2021-01-22 10:00:00+05:30,509.9,514.0,509.85,514.0,18552
2021-01-22 10:15:00+05:30,513.95,521.8,512.85,519.0,100719
2021-01-22 10:30:00+05:30,519.0,519.7,514.0,515.0,34261
2021-01-22 10:45:00+05:30,515.5,521.9,514.6,520.9,74756
2021-01-22 11:00:00+05:30,520.55,520.8,516.0,516.2,59902
2021-01-22 11:15:00+05:30,516.2,516.7,512.1,515.5,47889
2021-01-22 11:30:00+05:30,515.5,516.0,513.1,514.9,12327
2021-01-22 11:45:00+05:30,514.8,515.6,512.0,514.5,26772
2021-01-22 12:00:00+05:30,513.7,516.1,513.6,514.85,6202
2021-01-22 12:15:00+05:30,514.85,515.45,513.15,514.8,6533
2021-01-22 12:30:00+05:30,514.0,515.85,514.0,515.4,3388
2021-01-22 12:45:00+05:30,515.4,515.4,513.2,514.05,6054
2021-01-22 13:00:00+05:30,514.05,514.35,513.05,513.85,4169
2021-01-22 13:15:00+05:30,513.85,514.0,512.5,512.65,7353
2021-01-22 13:30:00+05:30,512.2,514.6,512.0,514.6,4930
2021-01-22 13:45:00+05:30,514.25,515.0,514.0,514.0,7582
2021-01-22 14:00:00+05:30,514.0,514.75,512.05,512.3,10834
2021-01-22 14:15:00+05:30,512.3,514.9,512.15,514.05,9086
2021-01-22 14:30:00+05:30,514.0,515.45,514.0,515.1,9300
2021-01-22 14:45:00+05:30,515.1,516.0,513.9,515.0,10032
2021-01-22 15:00:00+05:30,515.0,515.4,513.8,514.25,5262
2021-01-22 15:15:00+05:30,514.25,517.0,514.0,516.35,39804
2021-01-22 15:30:00+05:30,516.35,516.4,511.0,513.55,27894
2021-01-25 09:30:00+05:30,518.0,520.75,508.2,511.55,20239
2021-01-25 09:45:00+05:30,511.65,512.35,503.0,505.15,14878
2021-01-25 10:00:00+05:30,505.15,505.15,497.0,504.55,16806
2021-01-25 10:15:00+05:30,505.35,506.0,504.0,506.0,7985
2021-01-25 10:30:00+05:30,506.0,507.4,504.5,507.4,5014
2021-01-25 10:45:00+05:30,507.4,507.4,505.55,506.55,10718
2021-01-25 11:00:00+05:30,506.5,509.0,506.15,508.5,5298
2021-01-25 11:15:00+05:30,507.85,509.0,507.6,507.75,2994
2021-01-25 11:30:00+05:30,507.75,508.4,501.0,503.15,7112
2021-01-25 11:45:00+05:30,503.15,507.85,502.1,504.15,10234
2021-01-25 12:00:00+05:30,504.15,504.2,501.2,502.5,4499
2021-01-25 12:15:00+05:30,502.5,506.4,502.5,505.75,2058
2021-01-25 12:30:00+05:30,505.75,508.35,505.55,507.05,5217
2021-01-25 12:45:00+05:30,507.05,511.4,507.05,509.3,9697
2021-01-25 13:00:00+05:30,509.3,509.85,508.45,508.8,1832
2021-01-25 13:15:00+05:30,508.8,510.0,507.9,509.45,2373
2021-01-25 13:30:00+05:30,509.45,513.0,508.55,512.1,10104
2021-01-25 13:45:00+05:30,512.1,512.65,508.5,509.6,3671
2021-01-25 14:00:00+05:30,509.6,511.0,509.2,510.2,5815
2021-01-25 14:15:00+05:30,510.2,510.2,505.1,506.8,6683
2021-01-25 14:30:00+05:30,506.8,506.9,500.0,501.95,13680
2021-01-25 14:45:00+05:30,501.9,504.95,501.8,501.85,4148
2021-01-25 15:00:00+05:30,501.85,503.5,499.55,500.0,6798
2021-01-25 15:15:00+05:30,500.3,502.8,498.05,499.3,13027
2021-01-25 15:30:00+05:30,499.3,501.8,496.25,501.0,18589
2021-01-27 09:30:00+05:30,500.5,504.8,498.1,502.8,22354
2021-01-27 09:45:00+05:30,502.8,504.0,501.65,503.55,8927
2021-01-27 10:00:00+05:30,502.35,502.7,500.6,501.05,4456
2021-01-27 10:15:00+05:30,501.15,502.15,499.55,501.05,4214
2021-01-27 10:30:00+05:30,501.05,503.95,500.1,501.5,9278
2021-01-27 10:45:00+05:30,501.5,502.9,500.1,501.65,4262
2021-01-27 11:00:00+05:30,501.65,503.75,501.25,503.15,3887
2021-01-27 11:15:00+05:30,503.15,503.7,501.3,502.6,2414
2021-01-27 11:30:00+05:30,502.6,503.3,500.5,500.5,3076
2021-01-27 11:45:00+05:30,500.55,501.6,499.4,499.95,3075
2021-01-27 12:00:00+05:30,499.85,501.05,497.75,499.3,4605
2021-01-27 12:15:00+05:30,499.3,500.0,498.0,499.05,2471
2021-01-27 12:30:00+05:30,499.05,499.4,497.35,498.15,3980
2021-01-27 12:45:00+05:30,498.15,499.95,496.0,498.6,4857
2021-01-27 13:00:00+05:30,498.6,499.95,497.2,499.95,5251
2021-01-27 13:15:00+05:30,499.95,499.95,497.65,498.4,4043
2021-01-27 13:30:00+05:30,498.4,498.5,497.5,497.65,2487
2021-01-27 13:45:00+05:30,497.5,497.65,494.0,494.0,8424
2021-01-27 14:00:00+05:30,494.0,495.35,492.3,493.8,5925
2021-01-27 14:15:00+05:30,493.35,493.5,490.35,490.6,4741
2021-01-27 14:30:00+05:30,490.6,490.95,480.85,488.0,29415
2021-01-27 14:45:00+05:30,488.0,490.0,486.55,487.85,9321
2021-01-27 15:00:00+05:30,487.85,496.0,487.0,496.0,11803
2021-01-27 15:15:00+05:30,496.0,502.2,493.0,502.05,21989
2021-01-27 15:30:00+05:30,502.05,502.35,496.05,500.95,26104
2021-01-28 09:30:00+05:30,492.0,497.9,490.0,491.75,17883
2021-01-28 09:45:00+05:30,491.75,495.3,491.6,493.1,12813
2021-01-28 10:00:00+05:30,493.1,493.95,485.9,493.05,12069
2021-01-28 10:15:00+05:30,493.05,497.0,492.9,497.0,9367
2021-01-28 10:30:00+05:30,497.0,497.45,493.7,494.05,12560
2021-01-28 10:45:00+05:30,494.0,501.8,493.25,499.5,31074
2021-01-28 11:00:00+05:30,499.4,506.65,499.1,503.75,17255
2021-01-28 11:15:00+05:30,503.75,508.5,503.0,506.05,18162
2021-01-28 11:30:00+05:30,506.0,506.95,505.0,505.0,2129
2021-01-28 11:45:00+05:30,505.0,505.85,504.2,505.0,11196
2021-01-28 12:00:00+05:30,505.0,505.65,503.6,505.1,10369
2021-01-28 12:15:00+05:30,505.1,506.3,504.5,505.0,4125
2021-01-28 12:30:00+05:30,505.0,506.9,505.0,505.0,4024
2021-01-28 12:45:00+05:30,505.0,505.0,497.0,497.4,9456
2021-01-28 13:00:00+05:30,497.4,503.05,495.0,497.1,32124
2021-01-28 13:15:00+05:30,497.1,497.75,493.0,494.55,4536
2021-01-28 13:30:00+05:30,494.55,498.05,492.05,494.6,18603
2021-01-28 13:45:00+05:30,494.6,512.8,492.65,497.0,263025
2021-01-28 14:00:00+05:30,497.0,497.25,489.2,492.0,52167
2021-01-28 14:15:00+05:30,492.0,497.0,488.7,496.8,30707
2021-01-28 14:30:00+05:30,496.8,497.95,495.0,497.0,14453
2021-01-28 14:45:00+05:30,497.0,499.45,493.3,495.2,40957
2021-01-28 15:00:00+05:30,495.2,495.95,491.1,493.0,12894
2021-01-28 15:15:00+05:30,493.0,496.4,492.05,496.0,15676
2021-01-28 15:30:00+05:30,496.0,498.4,493.75,496.0,27855
2021-01-29 09:30:00+05:30,497.1,507.95,497.1,503.85,30719
2021-01-29 09:45:00+05:30,503.85,504.0,500.5,500.7,19205
2021-01-29 10:00:00+05:30,500.9,502.0,496.4,497.05,14605
2021-01-29 10:15:00+05:30,497.2,499.95,494.3,499.95,20497
2021-01-29 10:30:00+05:30,499.95,500.0,492.3,492.3,11997
2021-01-29 10:45:00+05:30,492.3,492.8,490.1,491.9,10264
2021-01-29 11:00:00+05:30,491.9,496.95,491.05,496.95,15363
2021-01-29 11:15:00+05:30,496.7,497.9,494.5,497.2,4386
2021-01-29 11:30:00+05:30,497.5,500.25,497.0,497.5,10432
2021-01-29 11:45:00+05:30,497.5,498.8,496.05,497.0,1756
2021-01-29 12:00:00+05:30,497.0,498.0,494.85,495.55,16974
2021-01-29 12:15:00+05:30,495.55,495.85,488.1,490.0,21853
2021-01-29 12:30:00+05:30,490.0,494.25,490.0,494.1,1296
2021-01-29 12:45:00+05:30,494.1,494.35,491.55,492.35,8740
2021-01-29 13:00:00+05:30,492.35,493.6,492.05,492.75,952
2021-01-29 13:15:00+05:30,492.9,493.0,491.5,492.85,2734
2021-01-29 13:30:00+05:30,492.85,493.0,491.5,492.6,1607
2021-01-29 13:45:00+05:30,492.6,493.2,492.0,492.65,676
2021-01-29 14:00:00+05:30,492.65,496.2,492.25,496.2,7803
2021-01-29 14:15:00+05:30,496.5,498.0,494.55,497.75,10980
2021-01-29 14:30:00+05:30,497.75,498.7,492.55,493.25,22561
2021-01-29 14:45:00+05:30,494.2,496.9,492.5,494.35,25888
2021-01-29 15:00:00+05:30,494.0,495.95,489.45,491.95,25170
2021-01-29 15:15:00+05:30,491.95,491.95,485.5,489.1,16354
2021-01-29 15:30:00+05:30,489.1,494.1,486.0,486.95,31697
2021-02-01 09:15:00+05:30,495.0,495.0,495.0,495.0,744
2021-02-01 09:30:00+05:30,496.0,498.7,492.0,494.85,25569
2021-02-01 09:45:00+05:30,494.95,494.95,493.0,493.0,8036
2021-02-01 10:00:00+05:30,493.95,496.5,490.6,493.3,16609
2021-02-01 10:15:00+05:30,494.1,495.55,493.55,495.0,3414
2021-02-01 10:30:00+05:30,496.0,507.0,496.0,505.0,43496
2021-02-01 10:45:00+05:30,505.0,505.15,501.0,502.05,12865
2021-02-01 11:00:00+05:30,502.15,502.9,498.7,500.25,8184
2021-02-01 11:15:00+05:30,501.7,502.5,497.5,497.55,17362
2021-02-01 11:30:00+05:30,498.1,499.45,498.05,498.5,1913
2021-02-01 11:45:00+05:30,498.8,501.75,495.4,501.25,16826
2021-02-01 12:00:00+05:30,501.95,503.35,499.25,500.4,14320
2021-02-01 12:15:00+05:30,500.65,505.5,500.6,504.8,22593
2021-02-01 12:30:00+05:30,504.6,505.1,501.35,504.8,18805
2021-02-01 12:45:00+05:30,505.0,505.0,500.55,500.55,3860
2021-02-01 13:00:00+05:30,500.55,506.0,500.15,504.35,13832
2021-02-01 13:15:00+05:30,504.25,512.0,503.35,507.65,32713
2021-02-01 13:30:00+05:30,507.7,509.35,501.6,507.95,49610
2021-02-01 13:45:00+05:30,507.3,509.2,504.6,506.5,14234
2021-02-01 14:00:00+05:30,507.0,510.0,505.8,508.5,13900
2021-02-01 14:15:00+05:30,508.5,511.25,508.5,510.0,17915
2021-02-01 14:30:00+05:30,510.05,511.4,509.5,510.7,10743
2021-02-01 14:45:00+05:30,510.8,511.8,509.85,510.95,9399
2021-02-01 15:00:00+05:30,510.95,513.7,510.0,513.7,15551
2021-02-01 15:15:00+05:30,514.0,515.1,511.9,513.0,23656
2021-02-01 15:30:00+05:30,513.1,515.0,509.05,511.85,31781
2021-02-02 09:30:00+05:30,517.0,525.0,517.0,521.65,70951
2021-02-02 09:45:00+05:30,522.0,522.0,516.6,520.05,28079
2021-02-02 10:00:00+05:30,519.0,520.45,516.0,517.0,21345
2021-02-02 10:15:00+05:30,517.7,518.1,514.4,515.75,26460
2021-02-02 10:30:00+05:30,516.65,518.1,512.2,513.95,23289
2021-02-02 10:45:00+05:30,513.95,515.0,511.0,512.0,7853
2021-02-02 11:00:00+05:30,511.15,512.95,510.1,510.5,9344
2021-02-02 11:15:00+05:30,510.5,514.5,510.5,513.0,11881
2021-02-02 11:30:00+05:30,512.25,513.0,510.0,510.1,4403
2021-02-02 11:45:00+05:30,510.1,511.0,507.65,508.7,7657
2021-02-02 12:00:00+05:30,508.7,511.0,508.7,509.45,4282
2021-02-02 12:15:00+05:30,509.45,512.05,509.0,512.05,4932
2021-02-02 12:30:00+05:30,512.05,518.35,511.35,518.0,32690
2021-02-02 12:45:00+05:30,518.0,533.85,518.0,533.5,189635
2021-02-02 13:00:00+05:30,533.5,541.9,525.05,530.0,211588
2021-02-02 13:15:00+05:30,530.0,534.5,528.0,530.2,36341
2021-02-02 13:30:00+05:30,530.2,534.95,530.2,531.0,26820
2021-02-02 13:45:00+05:30,531.0,533.75,527.35,530.9,32483
2021-02-02 14:00:00+05:30,530.9,532.9,528.1,529.5,26186
2021-02-02 14:15:00+05:30,529.5,530.0,525.8,527.7,41116
2021-02-02 14:30:00+05:30,527.7,527.7,521.7,522.4,34358
2021-02-02 14:45:00+05:30,522.0,524.95,520.2,522.5,17033
2021-02-02 15:00:00+05:30,523.2,524.1,519.85,521.0,13770
2021-02-02 15:15:00+05:30,521.0,522.1,518.15,521.85,16596
2021-02-02 15:30:00+05:30,521.9,524.0,519.25,523.05,30111
2021-02-03 09:30:00+05:30,522.95,526.95,517.0,524.05,35031
2021-02-03 09:45:00+05:30,524.2,527.0,522.6,525.95,21602
2021-02-03 10:00:00+05:30,525.95,530.0,524.0,526.75,31836
2021-02-03 10:15:00+05:30,526.55,539.8,526.55,537.3,128091
2021-02-03 10:30:00+05:30,537.3,537.75,536.0,536.7,30238
2021-02-03 10:45:00+05:30,536.65,538.45,535.85,537.4,30933
2021-02-03 11:00:00+05:30,537.4,539.0,536.0,538.4,23911
2021-02-03 11:15:00+05:30,538.4,539.0,536.1,537.05,22314
2021-02-03 11:30:00+05:30,537.05,539.0,537.0,537.65,9827
2021-02-03 11:45:00+05:30,537.65,538.0,536.2,537.8,14029
2021-02-03 12:00:00+05:30,538.0,538.0,536.0,536.4,11793
2021-02-03 12:15:00+05:30,536.45,537.05,535.2,536.5,14929
2021-02-03 12:30:00+05:30,536.5,543.0,535.45,542.75,49124
2021-02-03 12:45:00+05:30,542.75,548.8,537.3,541.0,92589
2021-02-03 13:00:00+05:30,541.0,543.0,538.15,539.0,26008
2021-02-03 13:15:00+05:30,539.0,544.05,538.5,540.05,25802
2021-02-03 13:30:00+05:30,540.7,542.5,540.0,541.8,9789
2021-02-03 13:45:00+05:30,542.35,544.4,541.0,541.0,19925
2021-02-03 14:00:00+05:30,541.0,543.0,540.05,540.55,11347
2021-02-03 14:15:00+05:30,540.55,541.0,536.55,538.05,23157
2021-02-03 14:30:00+05:30,538.75,541.95,537.3,539.6,14062
2021-02-03 14:45:00+05:30,539.6,540.6,537.85,539.2,6987
2021-02-03 15:00:00+05:30,539.2,539.95,536.4,538.1,13644
2021-02-03 15:15:00+05:30,538.0,539.5,536.8,537.85,44901
2021-02-03 15:30:00+05:30,537.85,541.0,535.2,540.0,49979
2021-02-04 09:30:00+05:30,543.0,543.0,535.0,535.05,36810
2021-02-04 09:45:00+05:30,535.0,537.75,535.0,536.75,11509
2021-02-04 10:00:00+05:30,536.75,541.95,536.15,541.95,14628
2021-02-04 10:15:00+05:30,541.05,541.5,537.55,537.65,18670
2021-02-04 10:30:00+05:30,537.65,538.75,536.45,537.3,15806
2021-02-04 10:45:00+05:30,537.35,538.5,536.35,536.5,6689
2021-02-04 11:00:00+05:30,536.5,537.9,536.25,537.65,4220
2021-02-04 11:15:00+05:30,537.15,537.85,536.15,536.6,10337
2021-02-04 11:30:00+05:30,536.6,537.25,536.6,536.8,4979
2021-02-04 11:45:00+05:30,536.8,537.85,536.75,537.15,1763
2021-02-04 12:00:00+05:30,537.15,537.65,537.0,537.55,4036
2021-02-04 12:15:00+05:30,537.55,538.0,537.0,537.0,36940
2021-02-04 12:30:00+05:30,537.0,538.45,536.0,536.0,53428
2021-02-04 12:45:00+05:30,536.0,536.0,529.0,529.0,27105
2021-02-04 13:00:00+05:30,529.5,532.0,529.5,529.95,26391
2021-02-04 13:15:00+05:30,529.9,531.65,529.55,531.65,7587
2021-02-04 13:30:00+05:30,531.65,533.95,529.25,529.25,7601
2021-02-04 13:45:00+05:30,529.4,529.65,524.0,528.25,21574
2021-02-04 14:00:00+05:30,527.15,529.0,524.95,528.65,13695
2021-02-04 14:15:00+05:30,528.65,528.85,524.95,526.55,17289
2021-02-04 14:30:00+05:30,526.55,526.95,524.5,526.4,13162
2021-02-04 14:45:00+05:30,526.4,526.5,524.25,525.45,9787
2021-02-04 15:00:00+05:30,525.65,526.2,522.1,522.95,20676
2021-02-04 15:15:00+05:30,522.95,527.45,522.1,525.0,120616
2021-02-04 15:30:00+05:30,525.0,526.8,523.05,523.15,236691
2021-02-05 09:30:00+05:30,525.2,536.9,525.2,529.85,38586
2021-02-05 09:45:00+05:30,530.45,532.8,526.55,526.9,15756
2021-02-05 10:00:00+05:30,526.9,529.0,525.45,526.1,11578
2021-02-05 10:15:00+05:30,526.9,528.5,523.5,527.0,18551
2021-02-05 10:30:00+05:30,526.8,526.8,520.0,523.1,17892
2021-02-05 10:45:00+05:30,523.95,526.0,522.9,524.8,4796
2021-02-05 11:00:00+05:30,524.8,526.9,524.8,525.2,7830
2021-02-05 11:15:00+05:30,525.0,526.7,524.45,524.45,5326
2021-02-05 11:30:00+05:30,524.75,525.95,524.45,525.1,7298
2021-02-05 11:45:00+05:30,525.65,525.65,521.0,522.65,15830
2021-02-05 12:00:00+05:30,522.45,523.95,521.2,522.0,9560
2021-02-05 12:15:00+05:30,522.0,522.15,521.2,521.55,5161
2021-02-05 12:30:00+05:30,521.55,521.9,517.0,518.0,16660
2021-02-05 12:45:00+05:30,518.0,519.3,517.55,518.55,9770
2021-02-05 13:00:00+05:30,518.55,519.0,517.5,518.6,7778
2021-02-05 13:15:00+05:30,518.6,520.0,517.5,517.55,9933
2021-02-05 13:30:00+05:30,517.55,519.0,517.5,517.95,6185
2021-02-05 13:45:00+05:30,517.95,517.95,513.55,514.0,11826
2021-02-05 14:00:00+05:30,514.0,517.2,513.5,516.0,21215
2021-02-05 14:15:00+05:30,516.0,518.0,514.0,517.0,16151
2021-02-05 14:30:00+05:30,517.0,517.35,514.0,515.2,7598
2021-02-05 14:45:00+05:30,515.2,518.75,514.2,515.65,36563
2021-02-05 15:00:00+05:30,515.65,517.0,513.8,514.7,12405
2021-02-05 15:15:00+05:30,514.0,515.65,512.2,513.9,38085
2021-02-05 15:30:00+05:30,513.95,516.0,507.0,514.8,34132
2021-02-08 09:30:00+05:30,513.55,518.9,505.55,510.75,59717
2021-02-08 09:45:00+05:30,511.0,516.45,510.05,511.35,22368
2021-02-08 10:00:00+05:30,511.4,513.0,510.45,512.75,11819
2021-02-08 10:15:00+05:30,512.0,517.5,511.35,516.4,13261
2021-02-08 10:30:00+05:30,516.3,519.0,515.0,518.15,21910
2021-02-08 10:45:00+05:30,518.15,518.15,516.0,516.05,6973
2021-02-08 11:00:00+05:30,516.1,519.0,515.8,517.85,11431
2021-02-08 11:15:00+05:30,517.85,518.0,514.0,514.8,13071
2021-02-08 11:30:00+05:30,514.95,516.6,514.05,516.55,4584
2021-02-08 11:45:00+05:30,516.55,516.75,514.3,515.85,6058
2021-02-08 12:00:00+05:30,516.5,517.1,515.6,516.6,1581
2021-02-08 12:15:00+05:30,516.1,516.5,513.4,513.5,5800
2021-02-08 12:30:00+05:30,513.5,514.0,510.6,512.35,13904
2021-02-08 12:45:00+05:30,512.35,513.0,509.0,509.45,12253
2021-02-08 13:00:00+05:30,509.45,511.0,508.0,510.5,7833
2021-02-08 13:15:00+05:30,510.5,511.4,508.0,510.45,5522
2021-02-08 13:30:00+05:30,511.0,511.55,510.2,510.35,2374
2021-02-08 13:45:00+05:30,510.25,511.95,510.1,510.9,5381
2021-02-08 14:00:00+05:30,510.9,512.35,510.0,511.4,4078
2021-02-08 14:15:00+05:30,511.4,514.75,511.15,514.2,8160
2021-02-08 14:30:00+05:30,514.75,515.0,509.95,511.45,16296
2021-02-08 14:45:00+05:30,511.45,523.45,510.25,518.8,62874
2021-02-08 15:00:00+05:30,518.8,519.4,517.0,518.0,11647
2021-02-08 15:15:00+05:30,518.0,521.95,516.0,521.2,15639
2021-02-08 15:30:00+05:30,521.1,522.15,520.0,521.9,17085
2021-02-09 09:30:00+05:30,520.05,522.75,515.0,517.2,38286
2021-02-09 09:45:00+05:30,516.9,519.2,515.35,518.25,15543
2021-02-09 10:00:00+05:30,518.2,520.7,516.3,519.8,12032
2021-02-09 10:15:00+05:30,520.5,520.65,518.0,518.0,5714
2021-02-09 10:30:00+05:30,517.95,520.9,517.75,520.05,14696
2021-02-09 10:45:00+05:30,520.05,521.45,520.05,521.4,4234
2021-02-09 11:00:00+05:30,521.4,521.45,518.7,519.05,4628
2021-02-09 11:15:00+05:30,519.6,519.8,516.9,518.4,5564
2021-02-09 11:30:00+05:30,518.4,520.0,518.4,518.75,3043
2021-02-09 11:45:00+05:30,518.75,521.0,518.75,519.35,3878
2021-02-09 12:00:00+05:30,519.35,520.0,518.0,519.4,5038
2021-02-09 12:15:00+05:30,519.4,519.6,518.0,518.9,1257
2021-02-09 12:30:00+05:30,518.9,519.35,517.25,519.0,4163
2021-02-09 12:45:00+05:30,519.0,519.0,516.85,517.85,5099
2021-02-09 13:00:00+05:30,517.85,518.4,515.5,515.5,6399
2021-02-09 13:15:00+05:30,515.95,517.5,515.8,516.45,13458
2021-02-09 13:30:00+05:30,516.45,518.2,516.05,517.5,2461
2021-02-09 13:45:00+05:30,517.5,519.0,516.05,517.6,9578
2021-02-09 14:00:00+05:30,517.6,517.9,515.5,517.0,5796
2021-02-09 14:15:00+05:30,517.0,517.1,516.45,516.7,1803
2021-02-09 14:30:00+05:30,516.7,518.5,516.6,517.35,7847
2021-02-09 14:45:00+05:30,517.35,520.75,516.55,519.85,17883
2021-02-09 15:00:00+05:30,519.85,520.0,516.15,517.4,6484
2021-02-09 15:15:00+05:30,517.4,517.6,515.0,516.55,12591
2021-02-09 15:30:00+05:30,516.55,519.0,515.5,519.0,9756
2021-02-10 09:30:00+05:30,519.85,527.6,516.2,521.0,60475
2021-02-10 09:45:00+05:30,521.0,523.45,520.0,520.55,136114
2021-02-10 10:00:00+05:30,521.0,521.45,518.1,520.15,12245
2021-02-10 10:15:00+05:30,520.15,521.65,519.55,519.55,7157
2021-02-10 10:30:00+05:30,519.55,520.65,517.6,519.1,10330
2021-02-10 10:45:00+05:30,519.1,521.0,518.25,520.1,8855
2021-02-10 11:00:00+05:30,520.1,520.5,519.05,519.95,5194
2021-02-10 11:15:00+05:30,520.5,523.0,520.05,522.65,13565
2021-02-10 11:30:00+05:30,522.65,524.4,521.5,522.25,64136
2021-02-10 11:45:00+05:30,522.25,523.45,520.65,521.0,5555
2021-02-10 12:00:00+05:30,520.3,523.2,520.3,522.5,3085
2021-02-10 12:15:00+05:30,522.5,523.2,521.25,521.6,2243
2021-02-10 12:30:00+05:30,521.6,522.25,520.4,521.8,4846
2021-02-10 12:45:00+05:30,521.8,521.95,520.55,520.6,3491
2021-02-10 13:00:00+05:30,520.6,523.7,519.0,522.25,24362
2021-02-10 13:15:00+05:30,522.25,523.45,522.0,522.65,13283
2021-02-10 13:30:00+05:30,522.25,522.85,522.0,522.6,5752
2021-02-10 13:45:00+05:30,522.0,522.9,520.0,522.85,25144
2021-02-10 14:00:00+05:30,522.85,523.5,522.0,523.0,11178
2021-02-10 14:15:00+05:30,523.0,524.3,522.35,523.7,12571
2021-02-10 14:30:00+05:30,523.7,524.45,523.0,523.9,7719
2021-02-10 14:45:00+05:30,523.9,525.7,523.0,524.3,18790
2021-02-10 15:00:00+05:30,524.3,525.9,521.05,522.0,11616
2021-02-10 15:15:00+05:30,522.0,524.0,521.15,522.0,4701
2021-02-10 15:30:00+05:30,522.0,524.5,518.3,521.55,18657
2021-02-11 09:30:00+05:30,523.5,524.7,522.0,522.7,9528
2021-02-11 09:45:00+05:30,522.7,523.7,521.3,521.3,4332
2021-02-11 10:00:00+05:30,521.25,522.9,520.8,521.7,4162
2021-02-11 10:15:00+05:30,521.7,522.85,520.65,521.9,6139
2021-02-11 10:30:00+05:30,521.9,522.45,521.8,521.95,3386
2021-02-11 10:45:00+05:30,521.95,523.0,521.7,522.3,3839
2021-02-11 11:00:00+05:30,522.3,522.75,521.0,521.0,3009
2021-02-11 11:15:00+05:30,521.0,521.5,520.8,521.0,2068
2021-02-11 11:30:00+05:30,521.0,522.5,521.0,521.65,5484
2021-02-11 11:45:00+05:30,521.65,522.05,521.0,521.85,2930
2021-02-11 12:00:00+05:30,521.85,522.0,521.05,521.1,1699
2021-02-11 12:15:00+05:30,521.1,521.85,521.0,521.1,7221
2021-02-11 12:30:00+05:30,521.1,522.1,519.0,521.7,8085
2021-02-11 12:45:00+05:30,521.7,521.7,521.0,521.05,3168
2021-02-11 13:00:00+05:30,521.05,521.75,521.0,521.25,1787
2021-02-11 13:15:00+05:30,521.25,522.15,519.8,520.45,5288
2021-02-11 13:30:00+05:30,520.35,522.35,517.25,522.35,14643
2021-02-11 13:45:00+05:30,522.35,523.5,521.5,523.35,7819
2021-02-11 14:00:00+05:30,523.15,524.5,522.6,523.5,5875
2021-02-11 14:15:00+05:30,523.5,524.4,520.8,521.65,8195
2021-02-11 14:30:00+05:30,521.65,522.25,520.6,521.5,4540
2021-02-11 14:45:00+05:30,521.5,527.25,521.0,524.95,25798
2021-02-11 15:00:00+05:30,524.95,525.9,524.3,524.95,5464
2021-02-11 15:15:00+05:30,524.3,527.7,524.0,527.15,15809
2021-02-11 15:30:00+05:30,527.5,527.55,523.15,524.05,17769
2021-02-12 09:30:00+05:30,527.95,527.95,520.05,521.7,24148
2021-02-12 09:45:00+05:30,521.7,524.45,521.0,523.55,4797
2021-02-12 10:00:00+05:30,523.55,526.45,523.15,524.25,9345
2021-02-12 10:15:00+05:30,524.25,527.75,524.0,526.45,5431
2021-02-12 10:30:00+05:30,526.95,527.2,524.65,527.2,6742
2021-02-12 10:45:00+05:30,527.2,531.15,526.3,526.55,13302
2021-02-12 11:00:00+05:30,526.55,529.9,526.0,529.0,16813
2021-02-12 11:15:00+05:30,528.9,531.6,528.55,530.05,14201
2021-02-12 11:30:00+05:30,530.05,531.4,530.05,530.15,10118
2021-02-12 11:45:00+05:30,530.15,531.0,529.05,530.85,7518
2021-02-12 12:00:00+05:30,530.85,533.8,530.1,532.5,29969
2021-02-12 12:15:00+05:30,532.5,534.4,531.55,534.0,18717
2021-02-12 12:30:00+05:30,533.6,537.95,533.05,537.0,47046
2021-02-12 12:45:00+05:30,537.0,537.4,536.2,537.1,27773
2021-02-12 13:00:00+05:30,537.1,537.35,535.0,535.15,11366
2021-02-12 13:15:00+05:30,535.15,536.7,535.0,535.3,6162
2021-02-12 13:30:00+05:30,535.3,537.0,535.1,536.0,6541
2021-02-12 13:45:00+05:30,536.0,536.4,535.0,535.05,13860
2021-02-12 14:00:00+05:30,535.05,537.4,535.05,537.4,12358
2021-02-12 14:15:00+05:30,537.4,538.5,535.3,535.45,30412
2021-02-12 14:30:00+05:30,535.45,538.0,534.1,537.2,11749
2021-02-12 14:45:00+05:30,537.2,537.7,535.05,537.3,19515
2021-02-12 15:00:00+05:30,537.3,547.9,536.0,546.5,65990
2021-02-12 15:15:00+05:30,546.4,548.4,538.55,544.0,89876
2021-02-12 15:30:00+05:30,544.0,546.1,541.0,542.5,63551
2021-02-15 09:30:00+05:30,549.85,554.0,547.05,551.25,72065
2021-02-15 09:45:00+05:30,551.5,553.5,548.65,552.6,59770
2021-02-15 10:00:00+05:30,552.0,553.15,550.3,552.3,22117
2021-02-15 10:15:00+05:30,552.05,553.0,551.25,551.4,15113
2021-02-15 10:30:00+05:30,551.9,553.0,551.25,552.5,9612
2021-02-15 10:45:00+05:30,552.45,553.0,550.4,551.0,11127
2021-02-15 11:00:00+05:30,551.0,557.65,550.8,557.5,47018
2021-02-15 11:15:00+05:30,557.2,562.0,557.0,560.05,83866
2021-02-15 11:30:00+05:30,560.4,566.75,560.0,562.15,86389
2021-02-15 11:45:00+05:30,562.15,565.75,561.5,565.15,28082
2021-02-15 12:00:00+05:30,565.15,568.0,564.5,566.55,45167
2021-02-15 12:15:00+05:30,566.05,567.5,564.5,565.4,39626
2021-02-15 12:30:00+05:30,565.3,567.75,565.05,566.6,23541
2021-02-15 12:45:00+05:30,566.5,567.5,566.0,567.5,13585
2021-02-15 13:00:00+05:30,567.5,569.9,567.4,569.0,44790
2021-02-15 13:15:00+05:30,569.0,570.0,566.0,567.4,42277
2021-02-15 13:30:00+05:30,567.4,570.0,566.5,568.0,18082
2021-02-15 13:45:00+05:30,568.0,569.0,566.25,566.9,14352
2021-02-15 14:00:00+05:30,566.9,569.95,566.9,569.25,16583
2021-02-15 14:15:00+05:30,569.25,569.35,567.05,567.95,10892
2021-02-15 14:30:00+05:30,567.95,568.9,565.6,566.2,14938
2021-02-15 14:45:00+05:30,566.2,568.0,564.1,567.95,37901
2021-02-15 15:00:00+05:30,567.8,569.0,566.0,566.85,16840
2021-02-15 15:15:00+05:30,566.9,568.45,565.0,568.45,36573
2021-02-15 15:30:00+05:30,568.45,574.0,568.0,570.05,81132
2021-02-16 09:30:00+05:30,571.5,574.85,564.1,574.0,50782
2021-02-16 09:45:00+05:30,574.45,577.0,572.9,576.2,62729
2021-02-16 10:00:00+05:30,576.0,578.5,575.1,575.25,48570
2021-02-16 10:15:00+05:30,575.75,575.75,570.2,574.75,26809
2021-02-16 10:30:00+05:30,574.3,575.2,573.5,575.0,19592
2021-02-16 10:45:00+05:30,575.0,578.8,574.7,577.9,20931
2021-02-16 11:00:00+05:30,578.0,580.7,577.35,579.6,47596
2021-02-16 11:15:00+05:30,579.25,580.7,579.25,580.0,16137
2021-02-16 11:30:00+05:30,580.0,580.7,575.05,576.0,22444
2021-02-16 11:45:00+05:30,575.6,577.4,574.5,575.9,11906
2021-02-16 12:00:00+05:30,576.5,576.6,574.0,574.5,4423
2021-02-16 12:15:00+05:30,574.5,575.0,573.0,573.0,7649
2021-02-16 12:30:00+05:30,573.0,573.55,570.1,570.25,6180
2021-02-16 12:45:00+05:30,570.85,573.0,569.25,571.1,14906
2021-02-16 13:00:00+05:30,571.5,571.5,569.2,570.15,6933
2021-02-16 13:15:00+05:30,570.15,571.7,565.7,571.7,15858
2021-02-16 13:30:00+05:30,572.25,574.35,571.45,572.95,16135
2021-02-16 13:45:00+05:30,573.3,577.25,571.5,573.65,24527
2021-02-16 14:00:00+05:30,573.65,574.0,568.5,570.15,6821
2021-02-16 14:15:00+05:30,570.15,575.95,569.8,573.2,13557
2021-02-16 14:30:00+05:30,573.2,574.0,570.85,571.45,3985
2021-02-16 14:45:00+05:30,571.45,572.0,568.15,569.95,5672
2021-02-16 15:00:00+05:30,569.95,571.0,565.45,567.45,10114
2021-02-16 15:15:00+05:30,567.45,567.95,563.15,563.15,9436
2021-02-16 15:30:00+05:30,563.3,567.0,558.0,567.0,22989
2021-02-17 09:30:00+05:30,564.0,567.0,559.8,562.05,35917
2021-02-17 09:45:00+05:30,563.95,563.95,561.0,563.1,3705
2021-02-17 10:00:00+05:30,563.1,565.7,562.1,563.0,7247
2021-02-17 10:15:00+05:30,563.0,563.5,561.4,562.95,2352
2021-02-17 10:30:00+05:30,562.95,564.0,561.45,561.6,2904
2021-02-17 10:45:00+05:30,561.6,562.1,561.0,561.0,1758
2021-02-17 11:00:00+05:30,561.7,562.75,561.0,562.0,1603
2021-02-17 11:15:00+05:30,562.0,562.6,561.15,561.15,2371
2021-02-17 11:30:00+05:30,561.1,561.9,561.0,561.0,3798
2021-02-17 11:45:00+05:30,561.0,566.4,561.0,565.95,16177
2021-02-17 12:00:00+05:30,566.2,567.0,565.0,565.55,9414
2021-02-17 12:15:00+05:30,565.55,566.6,565.0,566.0,5009
2021-02-17 12:30:00+05:30,565.85,566.75,565.0,566.05,4723
2021-02-17 12:45:00+05:30,566.05,566.75,565.05,565.1,2101
2021-02-17 13:00:00+05:30,565.05,566.85,565.05,566.3,3961
2021-02-17 13:15:00+05:30,566.25,566.55,565.25,565.25,4328
2021-02-17 13:30:00+05:30,565.25,568.0,565.25,566.0,5574
2021-02-17 13:45:00+05:30,566.0,566.6,565.0,566.0,8968
2021-02-17 14:00:00+05:30,566.6,567.0,565.3,566.1,6957
2021-02-17 14:15:00+05:30,566.1,566.8,565.05,565.15,3195
2021-02-17 14:30:00+05:30,565.15,566.3,563.1,563.15,3386
2021-02-17 14:45:00+05:30,563.15,565.9,561.55,562.3,4766
2021-02-17 15:00:00+05:30,562.3,563.9,561.15,563.7,9154
2021-02-17 15:15:00+05:30,563.7,564.8,562.5,563.35,4766
2021-02-17 15:30:00+05:30,564.4,565.0,561.5,562.0,10236
2021-02-18 09:30:00+05:30,562.0,565.8,560.0,560.0,45757
2021-02-18 09:45:00+05:30,558.55,565.0,558.55,564.4,19698
2021-02-18 10:00:00+05:30,563.4,566.75,563.0,566.2,98428
2021-02-18 10:15:00+05:30,565.75,569.7,565.75,567.6,8441
2021-02-18 10:30:00+05:30,567.1,572.4,567.0,571.15,12865
2021-02-18 10:45:00+05:30,571.9,571.9,568.6,570.05,10163
2021-02-18 11:00:00+05:30,570.0,572.0,569.95,571.4,7793
2021-02-18 11:15:00+05:30,571.95,573.95,571.35,573.25,21398
2021-02-18 11:30:00+05:30,573.2,573.95,570.65,571.35,6951
2021-02-18 11:45:00+05:30,571.35,572.95,571.25,571.75,5115
2021-02-18 12:00:00+05:30,571.75,571.85,571.25,571.25,3243
2021-02-18 12:15:00+05:30,571.25,571.85,571.25,571.25,789
2021-02-18 12:30:00+05:30,571.25,571.55,569.0,569.0,4101
2021-02-18 12:45:00+05:30,569.05,569.3,564.25,565.0,15482
2021-02-18 13:00:00+05:30,566.4,568.95,566.05,568.2,2917
2021-02-18 13:15:00+05:30,568.45,571.0,567.5,568.4,4925
2021-02-18 13:30:00+05:30,567.5,569.4,567.5,568.5,4188
2021-02-18 13:45:00+05:30,568.5,569.45,568.5,568.5,1946
2021-02-18 14:00:00+05:30,568.55,569.3,568.5,568.6,2138
2021-02-18 14:15:00+05:30,568.55,569.35,567.5,567.5,4364
2021-02-18 14:30:00+05:30,567.5,568.0,563.1,565.4,7510
2021-02-18 14:45:00+05:30,565.2,566.65,565.0,565.0,1624
2021-02-18 15:00:00+05:30,565.3,565.3,563.0,564.95,2519
2021-02-18 15:15:00+05:30,565.65,565.85,561.05,561.75,4810
2021-02-18 15:30:00+05:30,561.2,570.0,561.0,568.35,15171
2021-02-18 15:45:00+05:30,568.3,568.3,568.3,568.3,1
2021-02-19 09:30:00+05:30,564.75,564.75,556.0,561.75,16593
2021-02-19 09:45:00+05:30,561.75,565.85,561.75,562.85,22665
2021-02-19 10:00:00+05:30,562.85,564.0,558.8,559.4,21489
2021-02-19 10:15:00+05:30,559.4,562.0,557.45,559.55,7836
2021-02-19 10:30:00+05:30,559.55,559.95,557.35,559.0,16201
2021-02-19 10:45:00+05:30,559.0,559.0,557.1,557.55,3529
2021-02-19 11:00:00+05:30,557.55,557.55,553.0,554.6,8092
2021-02-19 11:15:00+05:30,553.9,558.7,553.6,555.05,7385
2021-02-19 11:30:00+05:30,555.05,556.95,553.6,555.35,4442
2021-02-19 11:45:00+05:30,554.7,561.05,554.7,556.55,18439
2021-02-19 12:00:00+05:30,556.55,561.55,556.35,560.9,12703
2021-02-19 12:15:00+05:30,562.0,562.0,560.15,560.5,10283
2021-02-19 12:30:00+05:30,560.5,560.85,557.9,558.05,6498
2021-02-19 12:45:00+05:30,557.25,559.25,557.0,558.35,5528
2021-02-19 13:00:00+05:30,558.35,560.0,558.0,559.25,4044
2021-02-19 13:15:00+05:30,559.75,559.75,558.0,558.0,5727
2021-02-19 13:30:00+05:30,558.0,558.95,558.0,558.3,1151
2021-02-19 13:45:00+05:30,558.15,558.55,553.25,555.7,17177
2021-02-19 14:00:00+05:30,555.7,561.3,554.45,560.0,23427
2021-02-19 14:15:00+05:30,560.0,560.85,554.3,560.3,42860
2021-02-19 14:30:00+05:30,560.3,561.5,557.05,559.05,108448
2021-02-19 14:45:00+05:30,559.05,560.05,553.3,554.15,17251
2021-02-19 15:00:00+05:30,554.0,555.85,551.2,551.35,10262
2021-02-19 15:15:00+05:30,552.35,559.8,552.0,558.75,10165
2021-02-19 15:30:00+05:30,558.75,558.85,552.2,558.85,13751
2021-02-22 09:30:00+05:30,556.9,559.05,548.05,549.2,10333
2021-02-22 09:45:00+05:30,548.7,551.7,545.8,546.65,21749
2021-02-22 10:00:00+05:30,546.65,547.55,543.3,545.05,13027
2021-02-22 10:15:00+05:30,545.05,554.65,544.15,552.55,36194
2021-02-22 10:30:00+05:30,553.5,555.0,550.0,550.15,9854
2021-02-22 10:45:00+05:30,550.15,553.8,550.15,552.85,2138
2021-02-22 11:00:00+05:30,552.85,553.85,550.1,550.55,7227
2021-02-22 11:15:00+05:30,550.55,553.95,550.0,550.0,3246
2021-02-22 11:30:00+05:30,550.0,553.7,550.0,551.0,13181
2021-02-22 11:45:00+05:30,551.0,553.65,551.0,551.0,2969
2021-02-22 12:00:00+05:30,551.0,551.6,548.0,548.25,1778
2021-02-22 12:15:00+05:30,548.25,550.0,548.1,549.55,902
2021-02-22 12:30:00+05:30,549.55,555.9,548.5,551.3,15839
2021-02-22 12:45:00+05:30,550.8,555.7,550.8,552.0,6885
2021-02-22 13:00:00+05:30,552.0,554.3,550.0,550.7,29024
2021-02-22 13:15:00+05:30,550.7,553.85,550.2,551.2,13463
2021-02-22 13:30:00+05:30,551.2,552.4,550.0,551.0,2942
2021-02-22 13:45:00+05:30,551.0,551.65,550.0,550.0,2548
2021-02-22 14:00:00+05:30,550.0,552.15,550.0,551.2,3141
2021-02-22 14:15:00+05:30,551.2,555.0,550.55,552.05,8387
2021-02-22 14:30:00+05:30,552.05,568.25,552.05,565.25,19809
2021-02-22 14:45:00+05:30,565.25,566.0,557.4,559.8,10244
2021-02-22 15:00:00+05:30,559.8,565.5,559.6,563.65,7897
2021-02-22 15:15:00+05:30,564.75,565.0,558.0,558.2,12087
2021-02-22 15:30:00+05:30,559.2,564.95,555.1,558.5,11259
2021-02-23 09:30:00+05:30,562.0,563.35,553.65,556.1,21377
2021-02-23 09:45:00+05:30,556.0,557.75,553.0,555.1,6061
2021-02-23 10:00:00+05:30,553.9,557.8,553.6,554.85,9626
2021-02-23 10:15:00+05:30,554.85,558.0,554.25,557.9,4738
2021-02-23 10:30:00+05:30,557.55,562.45,557.55,561.0,7719
2021-02-23 10:45:00+05:30,560.8,565.45,560.2,562.05,9270
2021-02-23 11:00:00+05:30,562.05,562.55,560.1,560.6,2096
2021-02-23 11:15:00+05:30,560.6,564.4,560.1,561.6,8121
2021-02-23 11:30:00+05:30,561.6,564.8,561.3,562.75,5973
2021-02-23 11:45:00+05:30,562.45,564.5,559.4,559.4,4252
2021-02-23 12:00:00+05:30,559.0,559.0,555.15,558.4,7019
2021-02-23 12:15:00+05:30,557.85,559.45,557.0,559.45,898
2021-02-23 12:30:00+05:30,558.85,558.85,551.75,556.5,7106
2021-02-23 12:45:00+05:30,556.6,559.0,555.0,555.85,3048
2021-02-23 13:00:00+05:30,556.35,558.45,556.35,557.75,766
2021-02-23 13:15:00+05:30,557.75,563.7,557.75,563.25,10098
2021-02-23 13:30:00+05:30,563.25,564.0,560.0,560.4,3339
2021-02-23 13:45:00+05:30,560.4,561.75,559.0,560.0,2569
2021-02-23 14:00:00+05:30,560.0,560.95,559.0,560.0,1042
2021-02-23 14:15:00+05:30,560.0,562.1,557.45,557.45,15526
2021-02-23 14:30:00+05:30,559.15,561.85,556.75,558.3,11028
2021-02-23 14:45:00+05:30,558.35,560.0,556.15,557.15,2478
2021-02-23 15:00:00+05:30,557.15,559.5,556.05,557.4,4019
2021-02-23 15:15:00+05:30,556.8,557.25,554.1,554.8,3488
2021-02-23 15:30:00+05:30,554.15,555.95,553.0,554.65,8603
2021-02-24 09:30:00+05:30,555.1,558.7,554.2,556.6,18277
2021-02-24 09:45:00+05:30,556.6,558.85,554.25,555.0,9798
2021-02-24 10:00:00+05:30,555.0,558.2,550.1,554.6,20294
2021-02-24 10:15:00+05:30,555.0,555.95,553.25,553.95,9151
2021-02-24 10:30:00+05:30,554.0,555.1,552.4,554.0,5024
2021-02-24 10:45:00+05:30,553.95,556.9,551.0,555.05,7742
2021-02-24 11:00:00+05:30,555.05,556.25,552.35,553.3,18988
2021-02-24 11:15:00+05:30,553.3,553.95,552.15,553.0,1128
2021-02-24 11:30:00+05:30,553.0,554.85,552.0,554.05,3633
2021-02-24 11:45:00+05:30,553.65,556.6,553.4,555.6,4183
2021-02-24 16:00:00+05:30,560.0,576.8,541.0,558.9,2378
2021-02-24 16:15:00+05:30,555.1,558.85,555.0,555.55,1869
2021-02-24 16:30:00+05:30,555.55,558.75,555.0,555.85,2639
2021-02-24 16:45:00+05:30,555.85,559.75,555.8,558.7,3830
2021-02-24 17:00:00+05:30,558.7,559.4,556.0,559.35,3997
2021-02-25 09:30:00+05:30,558.3,563.95,558.25,561.4,33325
2021-02-25 09:45:00+05:30,561.2,569.5,558.3,566.4,56877
2021-02-25 10:00:00+05:30,566.45,567.6,562.85,564.5,4142
2021-02-25 10:15:00+05:30,564.5,565.45,562.25,563.85,8301
2021-02-25 10:30:00+05:30,563.85,563.95,561.3,563.15,3979
2021-02-25 10:45:00+05:30,563.15,565.0,562.55,563.8,2396
2021-02-25 11:00:00+05:30,563.8,565.05,562.55,562.9,3116
2021-02-25 11:15:00+05:30,562.9,566.45,561.45,566.45,7972
2021-02-25 11:30:00+05:30,566.45,568.8,563.75,566.55,14837
2021-02-25 11:45:00+05:30,566.55,567.35,563.1,563.1,1559
2021-02-25 12:00:00+05:30,563.1,565.1,562.3,564.05,2073
2021-02-25 12:15:00+05:30,564.05,564.6,562.3,562.35,6096
2021-02-25 12:30:00+05:30,562.35,562.95,562.3,562.65,699
2021-02-25 12:45:00+05:30,562.65,563.15,561.0,561.5,3356
2021-02-25 13:00:00+05:30,561.5,563.1,561.05,562.75,6506
2021-02-25 13:15:00+05:30,562.75,564.75,562.5,563.65,22155
2021-02-25 13:30:00+05:30,564.5,566.0,563.2,565.1,3205
2021-02-25 13:45:00+05:30,565.1,565.75,564.8,565.1,2472
2021-02-25 14:00:00+05:30,565.1,567.75,564.35,567.0,3096
2021-02-25 14:15:00+05:30,567.0,567.75,567.0,567.0,3390
2021-02-25 14:30:00+05:30,567.0,567.8,567.0,567.25,5107
2021-02-25 14:45:00+05:30,567.05,568.55,567.0,567.95,4490
2021-02-25 15:00:00+05:30,567.95,568.45,567.35,567.7,5238
2021-02-25 15:15:00+05:30,567.95,569.25,567.65,567.75,10653
2021-02-25 15:30:00+05:30,567.75,568.95,567.7,568.0,14169
2021-02-26 09:30:00+05:30,564.0,568.8,555.55,568.05,9053
2021-02-26 09:45:00+05:30,568.25,572.7,566.95,567.1,12021
2021-02-26 10:00:00+05:30,567.45,571.75,566.25,567.1,7994
2021-02-26 10:15:00+05:30,567.1,569.15,565.05,569.15,1779
2021-02-26 10:30:00+05:30,569.15,569.75,565.6,568.3,3319
2021-02-26 10:45:00+05:30,568.5,568.65,566.5,566.5,1392
2021-02-26 11:00:00+05:30,566.5,567.6,565.2,566.95,1661
2021-02-26 11:15:00+05:30,566.95,567.8,565.1,566.25,7472
2021-02-26 11:30:00+05:30,566.3,567.0,565.65,567.0,17213
2021-02-26 11:45:00+05:30,566.65,567.0,565.95,566.5,12484
2021-02-26 12:00:00+05:30,566.5,567.0,566.0,566.9,11558
2021-02-26 12:15:00+05:30,566.9,566.95,565.65,566.1,13543
2021-02-26 12:30:00+05:30,566.7,566.7,562.3,563.5,8463
2021-02-26 12:45:00+05:30,563.55,563.95,560.85,562.15,3277
2021-02-26 13:00:00+05:30,562.1,564.2,561.5,563.1,7164
2021-02-26 13:15:00+05:30,563.1,563.35,561.8,562.05,3380
2021-02-26 13:30:00+05:30,562.05,563.0,561.55,562.0,3290
2021-02-26 13:45:00+05:30,562.0,563.3,561.5,562.1,3681
2021-02-26 14:00:00+05:30,562.1,562.8,561.55,562.35,4682
2021-02-26 14:15:00+05:30,562.35,562.8,561.65,562.0,4079
2021-02-26 14:30:00+05:30,562.0,563.0,561.6,562.05,3332
2021-02-26 14:45:00+05:30,562.05,564.0,561.6,563.0,3729
2021-02-26 15:00:00+05:30,563.0,566.65,563.0,563.15,8432
2021-02-26 15:15:00+05:30,563.65,576.4,563.65,565.0,40995
2021-02-26 15:30:00+05:30,565.0,570.0,563.0,569.0,40611
2021-03-01 09:30:00+05:30,579.95,597.4,560.0,588.95,78525
2021-03-01 09:45:00+05:30,589.4,589.95,584.0,584.45,31876
2021-03-01 10:00:00+05:30,584.45,587.45,582.6,583.95,36474
2021-03-01 10:15:00+05:30,583.95,591.5,582.8,588.8,24922
2021-03-01 10:30:00+05:30,588.8,591.5,587.1,589.75,9179
2021-03-01 10:45:00+05:30,589.95,591.95,588.85,590.0,14547
2021-03-01 11:00:00+05:30,590.0,590.95,588.35,589.45,5647
2021-03-01 11:15:00+05:30,589.6,591.65,588.4,589.65,20446
2021-03-01 11:30:00+05:30,589.65,590.0,588.55,589.55,3901
2021-03-01 11:45:00+05:30,589.55,591.0,588.65,589.25,12588
2021-03-01 12:00:00+05:30,589.25,590.0,586.65,587.3,4741
2021-03-01 12:15:00+05:30,587.0,590.0,586.3,586.95,5658
2021-03-01 12:30:00+05:30,587.65,587.7,583.5,584.35,6484
2021-03-01 12:45:00+05:30,584.35,586.9,581.55,582.9,10843
2021-03-01 13:00:00+05:30,582.9,583.0,581.05,581.65,6711
2021-03-01 13:15:00+05:30,581.3,582.9,578.3,580.75,9066
2021-03-01 13:30:00+05:30,580.75,581.95,579.05,581.55,2293
2021-03-01 13:45:00+05:30,581.05,582.0,580.15,581.05,2935
2021-03-01 14:00:00+05:30,581.05,582.65,580.35,581.65,3555
2021-03-01 14:15:00+05:30,581.65,582.6,580.0,580.85,6614
2021-03-01 14:30:00+05:30,580.85,583.0,580.85,582.8,11576
2021-03-01 14:45:00+05:30,582.8,589.6,582.0,585.35,14997
2021-03-01 15:00:00+05:30,585.35,585.95,580.8,585.5,6442
2021-03-01 15:15:00+05:30,585.5,593.8,585.5,590.55,30172
2021-03-01 15:30:00+05:30,590.55,599.85,589.65,597.0,79999
2021-03-02 09:30:00+05:30,606.0,609.0,592.5,594.5,78554
2021-03-02 09:45:00+05:30,596.0,600.5,596.0,599.0,34530
2021-03-02 10:00:00+05:30,599.0,600.0,596.05,599.8,17314
2021-03-02 10:15:00+05:30,599.3,599.95,593.0,593.6,18114
2021-03-02 10:30:00+05:30,593.9,598.5,593.8,598.4,22528
2021-03-02 10:45:00+05:30,598.4,600.65,597.1,597.8,26979
2021-03-02 11:00:00+05:30,597.8,598.85,597.0,597.4,10289
2021-03-02 11:15:00+05:30,597.4,598.75,597.0,598.65,3638
2021-03-02 11:30:00+05:30,598.65,599.15,594.8,597.2,19388
2021-03-02 11:45:00+05:30,597.6,598.25,595.9,597.65,3444
2021-03-02 12:00:00+05:30,597.65,599.5,595.6,597.7,4439
2021-03-02 12:15:00+05:30,597.7,599.0,597.3,598.8,3582
2021-03-02 12:30:00+05:30,598.25,598.9,597.5,598.15,1849
2021-03-02 12:45:00+05:30,598.15,598.9,597.5,598.0,3299
2021-03-02 13:00:00+05:30,598.0,608.95,597.2,607.6,31709
2021-03-02 13:15:00+05:30,607.55,613.9,605.3,610.0,41290
2021-03-02 13:30:00+05:30,610.05,618.0,609.0,609.85,40861
2021-03-02 13:45:00+05:30,610.0,611.45,605.15,610.15,18868
2021-03-02 14:00:00+05:30,610.15,611.25,609.0,610.0,6522
2021-03-02 14:15:00+05:30,609.4,611.25,609.3,610.0,10578
2021-03-02 14:30:00+05:30,610.1,613.2,610.05,612.0,12890
2021-03-02 14:45:00+05:30,612.05,613.3,610.0,611.9,14272
2021-03-02 15:00:00+05:30,611.9,613.0,608.1,612.1,10492
2021-03-02 15:15:00+05:30,612.9,615.0,612.0,614.4,18706
2021-03-02 15:30:00+05:30,614.15,615.85,612.0,612.8,25860
2021-03-03 09:30:00+05:30,618.0,627.8,617.45,621.0,45151
2021-03-03 09:45:00+05:30,620.1,620.95,614.2,615.0,23440
2021-03-03 10:00:00+05:30,615.05,617.85,604.05,610.5,41107
2021-03-03 10:15:00+05:30,609.0,610.75,602.0,604.0,34769
2021-03-03 10:30:00+05:30,604.0,605.0,602.65,605.0,8279
2021-03-03 10:45:00+05:30,605.0,607.0,604.8,606.95,11091
2021-03-03 11:00:00+05:30,606.95,607.0,605.75,606.8,2714
2021-03-03 11:15:00+05:30,606.8,607.0,606.0,606.0,3903
2021-03-03 11:30:00+05:30,606.35,607.0,604.0,605.0,7760
2021-03-03 11:45:00+05:30,605.0,605.4,597.0,600.8,38577
2021-03-03 12:00:00+05:30,600.8,605.0,599.45,604.55,30443
2021-03-03 12:15:00+05:30,604.55,605.0,601.15,603.25,21214
2021-03-03 12:30:00+05:30,603.6,610.65,599.8,609.05,53645
2021-03-03 12:45:00+05:30,608.3,609.15,604.35,606.25,6411
2021-03-03 13:00:00+05:30,606.25,608.5,604.65,606.0,12299
2021-03-03 13:15:00+05:30,607.0,608.0,605.1,607.0,8511
2021-03-03 13:30:00+05:30,607.0,607.0,603.8,604.35,4861
2021-03-03 13:45:00+05:30,604.35,606.0,603.85,605.55,7159
2021-03-03 14:00:00+05:30,605.55,606.55,604.0,605.45,2870
2021-03-03 14:15:00+05:30,604.65,605.7,603.2,603.3,2874
2021-03-03 14:30:00+05:30,603.25,604.5,602.0,603.0,8875
2021-03-03 14:45:00+05:30,602.55,605.85,601.55,605.4,8944
2021-03-03 15:00:00+05:30,605.9,605.9,603.0,604.3,3836
2021-03-03 15:15:00+05:30,604.05,607.0,604.05,606.95,39262
2021-03-03 15:30:00+05:30,606.5,607.0,600.1,603.0,42732
2021-03-04 09:30:00+05:30,601.0,617.0,596.0,611.1,52190
2021-03-04 09:45:00+05:30,611.1,616.55,605.6,614.75,38131
2021-03-04 10:00:00+05:30,615.35,618.85,612.95,618.15,29267
2021-03-04 10:15:00+05:30,618.15,618.95,615.65,618.65,13682
2021-03-04 10:30:00+05:30,618.3,622.0,616.3,620.5,42839
2021-03-04 10:45:00+05:30,620.5,621.9,619.05,620.0,11431
2021-03-04 11:00:00+05:30,620.55,622.3,620.0,622.3,13441
2021-03-04 11:15:00+05:30,622.3,623.75,620.3,620.55,10093
2021-03-04 11:30:00+05:30,620.55,621.75,619.2,620.0,13166
2021-03-04 11:45:00+05:30,620.0,620.95,619.25,620.15,6361
2021-03-04 12:00:00+05:30,620.15,621.0,619.25,619.5,4625
2021-03-04 12:15:00+05:30,619.7,620.0,619.05,620.0,7246
2021-03-04 12:30:00+05:30,620.0,620.0,616.8,619.45,10565
2021-03-04 12:45:00+05:30,619.45,620.0,618.8,619.75,5762
2021-03-04 13:00:00+05:30,619.8,620.5,619.15,619.95,5258
2021-03-04 13:15:00+05:30,620.0,621.05,619.0,620.2,9388
2021-03-04 13:30:00+05:30,620.2,620.8,619.2,620.0,5966
2021-03-04 13:45:00+05:30,620.15,621.0,619.7,620.0,4470
2021-03-04 14:00:00+05:30,620.25,621.0,617.65,618.65,14041
2021-03-04 14:15:00+05:30,618.65,619.0,617.25,617.9,6412
2021-03-04 14:30:00+05:30,617.9,618.5,617.35,617.55,9559
2021-03-04 14:45:00+05:30,617.55,617.85,612.5,617.15,26422
2021-03-04 15:00:00+05:30,617.15,617.5,615.0,616.0,5299
2021-03-04 15:15:00+05:30,616.0,617.55,615.05,616.5,17650
2021-03-04 15:30:00+05:30,616.5,617.5,615.0,617.5,21279
2021-03-05 09:30:00+05:30,616.0,616.0,601.0,609.85,27911
2021-03-05 09:45:00+05:30,609.85,610.55,606.0,608.0,21720
2021-03-05 10:00:00+05:30,607.25,612.0,607.25,610.45,2685
2021-03-05 10:15:00+05:30,610.45,610.45,606.0,608.85,3076
2021-03-05 10:30:00+05:30,608.85,609.35,605.0,607.6,3249
2021-03-05 10:45:00+05:30,607.55,607.95,604.25,605.75,4366
2021-03-05 11:00:00+05:30,604.95,605.7,603.3,603.3,9615
2021-03-05 11:15:00+05:30,603.25,603.4,599.4,602.45,18563
2021-03-05 11:30:00+05:30,603.05,605.0,603.05,604.95,10275
2021-03-05 11:45:00+05:30,604.35,604.95,601.0,602.25,6567
2021-03-05 12:00:00+05:30,602.35,604.45,598.5,599.8,19284
2021-03-05 12:15:00+05:30,599.8,600.35,596.8,599.95,4881
2021-03-05 12:30:00+05:30,599.95,600.5,598.45,599.3,4870
2021-03-05 12:45:00+05:30,599.3,600.45,599.1,599.5,3221
2021-03-05 13:00:00+05:30,599.5,600.5,598.55,599.45,12685
2021-03-05 13:15:00+05:30,598.8,602.3,598.0,600.25,28770
2021-03-05 13:30:00+05:30,600.45,602.7,588.85,598.0,18663
2021-03-05 13:45:00+05:30,598.0,601.95,595.85,597.45,10915
2021-03-05 14:00:00+05:30,597.45,599.1,584.45,589.95,21635
2021-03-05 14:15:00+05:30,589.95,593.35,582.8,583.25,12190
2021-03-05 14:30:00+05:30,583.25,589.95,580.95,587.0,19774
2021-03-05 14:45:00+05:30,587.0,587.0,582.25,586.0,16221
2021-03-05 15:00:00+05:30,586.0,593.65,584.8,585.95,69585
2021-03-05 15:15:00+05:30,585.95,589.95,584.4,587.9,11232
2021-03-05 15:30:00+05:30,587.9,594.45,585.2,590.0,22608
2021-03-08 09:30:00+05:30,586.5,650.0,571.0,590.5,83435
2021-03-08 09:45:00+05:30,590.5,594.0,585.45,588.7,17190
2021-03-08 10:00:00+05:30,589.35,590.5,586.65,588.5,29657
2021-03-08 10:15:00+05:30,588.5,590.45,586.0,588.0,13254
2021-03-08 10:30:00+05:30,588.0,590.0,587.75,589.35,7322
2021-03-08 10:45:00+05:30,589.35,590.0,586.25,586.6,8360
2021-03-08 11:00:00+05:30,586.6,587.0,585.1,587.0,65751
2021-03-08 11:15:00+05:30,587.0,588.0,586.25,586.8,8739
2021-03-08 11:30:00+05:30,586.8,588.0,586.6,587.05,6047
2021-03-08 11:45:00+05:30,587.05,588.0,585.0,586.0,5852
2021-03-08 12:00:00+05:30,585.7,587.75,585.7,587.2,5445
2021-03-08 12:15:00+05:30,587.2,588.0,586.5,588.0,5025
2021-03-08 12:30:00+05:30,587.85,587.85,582.3,583.85,20223
2021-03-08 12:45:00+05:30,583.85,587.0,583.6,585.9,9520
2021-03-08 13:00:00+05:30,585.9,586.95,583.75,584.3,5770
2021-03-08 13:15:00+05:30,584.3,585.0,584.3,584.75,3730
2021-03-08 13:30:00+05:30,584.75,585.0,584.05,584.5,4180
2021-03-08 13:45:00+05:30,585.0,587.6,584.5,586.85,16587
2021-03-08 14:00:00+05:30,586.85,587.55,585.15,585.75,9969
2021-03-08 14:15:00+05:30,586.0,586.15,585.05,585.05,5343
2021-03-08 14:30:00+05:30,585.05,586.0,582.75,584.15,9248
2021-03-08 14:45:00+05:30,584.15,584.75,579.9,582.15,18449
2021-03-08 15:00:00+05:30,582.15,585.0,582.05,584.5,11385
2021-03-08 15:15:00+05:30,584.5,584.85,580.8,582.9,11595
2021-03-08 15:30:00+05:30,582.9,582.9,575.0,577.8,20102
2021-03-09 09:30:00+05:30,577.05,591.95,577.05,588.5,22690
2021-03-09 09:45:00+05:30,588.9,595.95,587.45,593.4,41915
2021-03-09 10:00:00+05:30,593.4,595.95,587.9,590.3,45620
2021-03-09 10:15:00+05:30,590.3,591.0,589.15,589.75,11796
2021-03-09 10:30:00+05:30,589.75,590.2,587.6,588.45,17241
2021-03-09 10:45:00+05:30,588.45,591.0,588.45,590.15,5704
2021-03-09 11:00:00+05:30,590.15,590.55,588.35,588.4,5187
2021-03-09 11:15:00+05:30,588.25,589.85,588.0,588.4,2820
2021-03-09 11:30:00+05:30,588.4,590.0,588.15,589.15,8723
2021-03-09 11:45:00+05:30,589.15,590.0,589.0,589.2,2491
2021-03-09 12:00:00+05:30,589.0,589.4,589.0,589.35,2009
2021-03-09 12:15:00+05:30,589.35,590.0,589.0,589.35,3357
2021-03-09 12:30:00+05:30,589.35,590.0,582.75,584.9,13752
2021-03-09 12:45:00+05:30,584.9,585.95,583.65,585.0,4344
2021-03-09 13:00:00+05:30,585.0,587.95,583.1,583.5,7634
2021-03-09 13:15:00+05:30,583.5,584.0,579.0,579.0,39208
2021-03-09 13:30:00+05:30,579.0,581.5,578.5,580.65,9321
2021-03-09 13:45:00+05:30,580.65,582.5,578.3,579.0,18029
2021-03-09 14:00:00+05:30,579.0,582.25,578.25,578.85,6181
2021-03-09 14:15:00+05:30,578.85,579.0,576.1,578.0,7489
2021-03-09 14:30:00+05:30,578.0,578.0,572.45,574.25,6955
2021-03-09 14:45:00+05:30,574.25,576.7,574.25,575.75,20275
2021-03-09 15:00:00+05:30,575.75,577.0,573.45,573.45,18549
2021-03-09 15:15:00+05:30,573.45,578.3,569.75,578.3,38794
2021-03-09 15:30:00+05:30,578.3,578.3,571.25,577.4,37719
2021-03-10 09:30:00+05:30,581.0,584.95,578.25,579.4,29474
2021-03-10 09:45:00+05:30,579.4,580.05,576.0,576.85,11494
2021-03-10 10:00:00+05:30,576.9,579.75,575.9,579.3,17015
2021-03-10 10:15:00+05:30,579.3,580.85,577.65,579.2,26668
2021-03-10 10:30:00+05:30,579.2,579.8,576.3,577.65,17329
2021-03-10 10:45:00+05:30,577.65,577.95,574.0,576.15,13736
2021-03-10 11:00:00+05:30,576.15,577.6,574.5,575.65,13444
2021-03-10 11:15:00+05:30,575.65,575.65,573.15,574.0,2179
2021-03-10 11:30:00+05:30,574.0,576.0,573.7,575.45,16522
2021-03-10 11:45:00+05:30,575.45,576.0,573.6,573.6,4984
2021-03-10 12:00:00+05:30,573.6,575.95,573.05,573.9,4263
2021-03-10 12:15:00+05:30,573.4,575.6,573.4,575.5,9787
2021-03-10 12:30:00+05:30,575.15,575.8,573.25,574.75,7352
2021-03-10 12:45:00+05:30,573.5,574.95,573.5,574.45,6457
2021-03-10 13:00:00+05:30,574.45,574.75,573.6,573.6,8878
2021-03-10 13:15:00+05:30,573.5,574.95,570.0,573.8,17905
2021-03-10 13:30:00+05:30,573.8,574.85,571.95,573.0,5812
2021-03-10 13:45:00+05:30,573.0,574.6,568.6,569.8,19907
2021-03-10 14:00:00+05:30,569.8,572.0,566.3,567.2,16680
2021-03-10 14:15:00+05:30,567.2,571.2,567.05,569.4,8555
2021-03-10 14:30:00+05:30,569.4,570.4,567.4,569.1,5481
2021-03-10 14:45:00+05:30,569.1,570.75,567.7,568.35,4698
2021-03-10 15:00:00+05:30,569.1,571.1,567.9,567.9,6044
2021-03-10 15:15:00+05:30,567.9,570.6,567.85,568.0,10765
2021-03-10 15:30:00+05:30,567.8,569.55,565.0,567.9,29348
2021-03-12 09:30:00+05:30,571.85,580.85,570.85,577.0,33409
2021-03-12 09:45:00+05:30,577.0,579.0,575.5,577.35,10800
2021-03-12 10:00:00+05:30,577.7,580.45,576.35,578.35,32804
2021-03-12 10:15:00+05:30,578.35,587.65,577.25,584.9,75326
2021-03-12 10:30:00+05:30,584.9,585.35,583.55,583.6,14894
2021-03-12 10:45:00+05:30,583.6,584.55,583.0,584.0,19802
2021-03-12 11:00:00+05:30,583.75,584.6,583.0,584.15,6118
2021-03-12 11:15:00+05:30,584.15,584.4,583.0,583.8,6435
2021-03-12 11:30:00+05:30,583.8,586.8,583.4,584.15,15149
2021-03-12 11:45:00+05:30,584.15,585.9,583.0,585.65,6518
2021-03-12 12:00:00+05:30,585.65,586.9,585.1,585.1,5322
2021-03-12 12:15:00+05:30,585.5,585.5,583.3,584.4,6365
2021-03-12 12:30:00+05:30,584.6,584.8,582.0,582.35,6817
2021-03-12 12:45:00+05:30,582.35,584.35,582.25,583.0,9812
2021-03-12 13:00:00+05:30,583.0,584.0,582.35,583.55,5862
2021-03-12 13:15:00+05:30,583.55,585.0,582.7,584.3,6468
2021-03-12 13:30:00+05:30,584.4,584.95,583.0,583.35,5171
2021-03-12 13:45:00+05:30,583.35,585.0,580.9,584.0,18768
2021-03-12 14:00:00+05:30,583.95,584.3,579.3,580.8,36880
2021-03-12 14:15:00+05:30,580.8,581.0,578.0,578.0,6491
2021-03-12 14:30:00+05:30,578.0,582.0,576.0,577.5,18979
2021-03-12 14:45:00+05:30,577.7,580.0,574.05,575.4,19112
2021-03-12 15:00:00+05:30,575.05,577.55,572.85,574.0,11598
2021-03-12 15:15:00+05:30,574.0,574.5,572.6,573.6,12814
2021-03-12 15:30:00+05:30,573.4,574.45,568.0,571.6,41613
2021-03-15 09:30:00+05:30,574.8,579.9,565.2,567.95,23915
2021-03-15 09:45:00+05:30,567.5,567.6,557.25,558.0,35765
2021-03-15 10:00:00+05:30,558.4,559.9,555.3,557.45,38662
2021-03-15 10:15:00+05:30,557.45,557.95,553.25,554.75,25704
2021-03-15 10:30:00+05:30,554.75,555.0,553.05,554.85,28141
2021-03-15 10:45:00+05:30,554.85,554.9,553.1,554.05,11179
2021-03-15 11:00:00+05:30,554.1,554.9,553.3,553.5,11032
2021-03-15 11:15:00+05:30,552.5,552.5,538.05,549.25,69547
2021-03-15 11:30:00+05:30,549.25,551.85,549.0,551.1,6672
2021-03-15 11:45:00+05:30,551.1,551.5,549.0,550.1,7843
2021-03-15 12:00:00+05:30,550.5,551.5,548.0,551.4,6213
2021-03-15 12:15:00+05:30,552.45,554.65,549.45,554.45,18600
2021-03-15 12:30:00+05:30,554.45,555.0,551.75,554.85,12078
2021-03-15 12:45:00+05:30,554.8,554.95,552.75,554.0,4206
2021-03-15 13:00:00+05:30,554.0,554.95,553.05,554.0,4228
2021-03-15 13:15:00+05:30,554.0,554.9,551.95,554.6,7420
2021-03-15 13:30:00+05:30,554.6,555.0,553.4,554.9,8275
2021-03-15 13:45:00+05:30,554.9,555.95,553.6,555.5,8919
2021-03-15 14:00:00+05:30,555.5,559.4,554.95,557.5,7767
2021-03-15 14:15:00+05:30,557.5,557.5,554.85,556.95,5099
2021-03-15 14:30:00+05:30,556.75,559.25,556.75,558.85,8078
2021-03-15 14:45:00+05:30,558.85,561.0,555.25,559.1,8990
2021-03-15 15:00:00+05:30,559.55,561.0,559.0,559.45,11648
2021-03-15 15:15:00+05:30,559.6,559.95,550.0,551.9,32072
2021-03-15 15:30:00+05:30,551.9,553.95,548.15,551.45,32141
2021-03-16 09:30:00+05:30,557.55,563.8,555.6,563.4,21040
2021-03-16 09:45:00+05:30,563.0,564.75,559.15,562.7,29949
2021-03-16 10:00:00+05:30,563.4,564.0,547.4,551.5,95385
2021-03-16 10:15:00+05:30,551.2,552.45,544.65,548.0,28136
2021-03-16 10:30:00+05:30,548.0,549.7,546.3,549.65,8834
2021-03-16 10:45:00+05:30,549.65,550.0,549.0,550.0,4484
2021-03-16 11:00:00+05:30,549.6,550.75,549.15,549.2,8528
2021-03-16 11:15:00+05:30,549.2,550.0,549.15,550.0,3115
2021-03-16 11:30:00+05:30,550.0,550.0,549.0,549.5,3410
2021-03-16 11:45:00+05:30,549.5,549.5,548.3,549.25,3377
2021-03-16 12:00:00+05:30,549.5,551.0,548.65,549.15,4446
2021-03-16 12:15:00+05:30,549.8,551.9,549.3,550.3,2837
2021-03-16 12:30:00+05:30,550.3,552.9,550.3,552.3,3628
2021-03-16 12:45:00+05:30,552.3,552.45,551.25,552.0,1307
2021-03-16 13:00:00+05:30,552.0,552.0,550.85,551.85,2558
2021-03-16 13:15:00+05:30,551.95,552.5,550.45,552.0,9899
2021-03-16 13:30:00+05:30,552.0,552.55,550.85,552.45,4392
2021-03-16 13:45:00+05:30,552.45,553.5,550.75,553.45,5399
2021-03-16 14:00:00+05:30,553.5,553.5,551.65,553.0,4334
2021-03-16 14:15:00+05:30,553.0,553.0,551.75,552.4,5907
2021-03-16 14:30:00+05:30,552.4,553.0,551.25,552.5,10939
2021-03-16 14:45:00+05:30,552.5,557.3,551.95,553.5,27624
2021-03-16 15:00:00+05:30,553.5,560.35,552.3,557.95,34868
2021-03-16 15:15:00+05:30,557.95,560.0,557.95,559.5,13101
2021-03-16 15:30:00+05:30,559.5,560.0,556.05,560.0,19852
2021-03-17 09:30:00+05:30,560.0,561.9,558.2,560.05,11555
2021-03-17 09:45:00+05:30,560.95,562.0,558.55,558.55,12606
2021-03-17 10:00:00+05:30,558.55,560.5,558.55,559.25,3024
2021-03-17 10:15:00+05:30,559.25,561.25,557.0,557.6,6535
2021-03-17 10:30:00+05:30,557.6,557.85,553.85,555.8,4610
2021-03-17 10:45:00+05:30,555.8,559.15,553.0,556.65,11754
2021-03-17 11:00:00+05:30,556.65,558.75,555.0,558.05,9172
2021-03-17 11:15:00+05:30,558.05,558.05,555.5,556.3,1229
2021-03-17 11:30:00+05:30,556.3,557.5,556.3,556.75,1240
2021-03-17 11:45:00+05:30,556.75,557.95,556.5,557.3,2806
2021-03-17 12:00:00+05:30,557.3,557.85,555.1,555.1,2152
2021-03-17 12:15:00+05:30,555.1,556.4,554.0,554.0,2675
2021-03-17 12:30:00+05:30,554.55,555.75,554.15,554.8,975
2021-03-17 12:45:00+05:30,554.8,554.8,553.65,553.95,1942
2021-03-17 13:00:00+05:30,553.95,554.8,553.95,554.8,1027
2021-03-17 13:15:00+05:30,554.8,554.8,553.75,553.75,398
2021-03-17 13:30:00+05:30,554.0,554.35,553.6,553.6,524
2021-03-17 13:45:00+05:30,553.6,553.6,550.0,552.1,7958
2021-03-17 14:00:00+05:30,552.1,552.75,550.45,550.85,3484
2021-03-17 14:15:00+05:30,550.85,551.55,548.0,548.2,6425
2021-03-17 14:30:00+05:30,548.2,552.1,547.5,551.95,5607
2021-03-17 14:45:00+05:30,551.95,552.7,551.4,552.7,686
2021-03-17 15:00:00+05:30,552.7,553.5,551.5,552.45,2285
2021-03-17 15:15:00+05:30,552.45,552.7,537.25,539.6,18846
2021-03-17 15:30:00+05:30,539.05,551.95,538.8,550.0,18963
2021-03-18 09:30:00+05:30,559.95,559.95,548.05,554.25,28895
2021-03-18 09:45:00+05:30,553.45,554.55,548.0,550.85,32442
2021-03-18 10:00:00+05:30,550.85,552.45,543.8,546.9,16470
2021-03-18 10:15:00+05:30,546.9,549.95,545.7,547.3,5027
2021-03-18 10:30:00+05:30,547.3,549.25,543.95,546.9,8998
2021-03-18 10:45:00+05:30,546.8,546.9,543.8,544.5,4465
2021-03-18 11:00:00+05:30,544.5,548.7,543.8,547.7,4337
2021-03-18 11:15:00+05:30,547.7,551.85,547.7,551.0,18529
2021-03-18 11:30:00+05:30,551.0,551.0,550.0,550.65,3552
2021-03-18 11:45:00+05:30,550.65,551.8,550.05,551.8,8824
2021-03-18 12:00:00+05:30,551.8,551.9,550.35,551.9,4253
2021-03-18 12:15:00+05:30,551.9,554.85,551.0,553.05,5655
2021-03-18 12:30:00+05:30,552.05,553.25,551.35,553.0,2943
2021-03-18 12:45:00+05:30,553.0,553.55,550.55,551.5,3300
2021-03-18 13:00:00+05:30,551.5,551.6,550.0,550.05,1914
2021-03-18 13:15:00+05:30,550.5,553.15,550.1,551.1,3403
2021-03-18 13:30:00+05:30,551.1,551.1,544.0,544.7,77687
2021-03-18 13:45:00+05:30,544.7,545.5,541.0,542.5,11007
2021-03-18 14:00:00+05:30,543.0,544.55,542.0,542.0,4434
2021-03-18 14:15:00+05:30,542.0,542.0,536.0,536.35,10353
2021-03-18 14:30:00+05:30,536.35,539.55,533.5,538.95,11554
2021-03-18 14:45:00+05:30,538.25,541.3,536.0,537.9,4744
2021-03-18 15:00:00+05:30,537.9,539.05,536.4,536.95,3622
2021-03-18 15:15:00+05:30,536.95,540.8,536.95,540.45,10419
2021-03-18 15:30:00+05:30,540.45,540.8,536.8,538.0,11937
2021-03-19 09:30:00+05:30,535.0,544.85,522.85,523.65,27577
2021-03-19 09:45:00+05:30,523.65,527.3,516.0,524.9,19512
2021-03-19 10:00:00+05:30,524.6,530.0,523.05,529.8,11969
2021-03-19 10:15:00+05:30,530.85,535.0,528.55,533.15,18664
2021-03-19 10:30:00+05:30,533.15,536.65,526.35,534.0,15424
2021-03-19 10:45:00+05:30,534.0,540.35,534.0,537.75,9129
2021-03-19 11:00:00+05:30,537.75,540.85,535.0,539.95,6706
2021-03-19 11:15:00+05:30,539.95,541.2,538.45,540.0,4558
2021-03-19 11:30:00+05:30,540.0,540.1,535.1,535.65,6049
2021-03-19 11:45:00+05:30,535.65,537.8,533.25,534.85,7489
2021-03-19 12:00:00+05:30,534.85,535.7,531.45,533.9,4445
2021-03-19 12:15:00+05:30,533.9,534.85,530.6,532.35,10194
2021-03-19 12:30:00+05:30,532.35,534.15,530.35,530.6,4726
2021-03-19 12:45:00+05:30,531.5,534.5,530.75,533.0,2742
2021-03-19 13:00:00+05:30,533.0,535.55,531.3,534.0,5262
2021-03-19 13:15:00+05:30,534.0,536.05,532.6,534.0,3424
2021-03-19 13:30:00+05:30,534.0,537.0,532.9,534.05,3698
2021-03-19 13:45:00+05:30,534.05,535.9,533.25,535.0,1418
2021-03-19 14:00:00+05:30,535.75,537.0,533.65,537.0,3209
2021-03-19 14:15:00+05:30,537.0,540.0,536.25,538.15,6227
2021-03-19 14:30:00+05:30,538.15,539.5,537.0,538.45,1929
2021-03-19 14:45:00+05:30,538.45,540.0,537.75,539.2,5840
2021-03-19 15:00:00+05:30,539.2,541.9,537.15,538.9,8467
2021-03-19 15:15:00+05:30,538.9,538.9,530.45,531.8,57187
2021-03-19 15:30:00+05:30,531.8,539.8,526.0,539.8,76562
2021-03-22 09:30:00+05:30,534.9,540.0,533.0,537.7,20541
2021-03-22 09:45:00+05:30,537.35,539.1,536.5,536.5,13390
2021-03-22 10:00:00+05:30,537.4,539.45,536.75,537.55,14832
2021-03-22 10:15:00+05:30,537.55,537.55,534.2,536.65,7681
2021-03-22 10:30:00+05:30,536.65,537.35,534.2,534.95,2236
2021-03-22 10:45:00+05:30,535.0,536.1,535.0,535.15,1243
2021-03-22 11:00:00+05:30,535.15,535.8,534.5,535.2,4847
2021-03-22 11:15:00+05:30,535.2,536.15,530.0,535.0,13356
2021-03-22 11:30:00+05:30,535.0,539.7,533.0,533.0,22420
2021-03-22 11:45:00+05:30,533.0,535.7,533.0,534.45,3077
2021-03-22 12:00:00+05:30,534.45,535.0,534.0,534.05,1700
2021-03-22 12:15:00+05:30,534.05,535.35,534.05,535.1,548
2021-03-22 12:30:00+05:30,535.1,535.1,533.5,534.4,1550
2021-03-22 12:45:00+05:30,534.4,534.4,533.5,533.5,619
2021-03-22 13:00:00+05:30,533.5,534.6,530.95,532.95,3675
2021-03-22 13:15:00+05:30,532.95,532.95,527.9,532.0,5616
2021-03-22 13:30:00+05:30,532.0,532.0,529.75,531.05,1560
2021-03-22 13:45:00+05:30,531.05,531.85,530.2,531.25,695
2021-03-22 14:00:00+05:30,530.35,531.75,529.55,530.5,2103
2021-03-22 14:15:00+05:30,529.45,533.3,529.45,531.15,4299
2021-03-22 14:30:00+05:30,531.15,531.2,530.0,530.05,1406
2021-03-22 14:45:00+05:30,530.05,531.2,529.6,531.05,1463
2021-03-22 15:00:00+05:30,531.05,533.45,529.35,531.85,4268
2021-03-22 15:15:00+05:30,531.85,533.5,530.4,531.35,8707
2021-03-22 15:30:00+05:30,532.7,532.7,527.15,529.0,13141
2021-03-23 09:30:00+05:30,536.0,538.35,530.0,537.15,24579
2021-03-23 09:45:00+05:30,537.5,541.45,535.5,540.6,22224
2021-03-23 10:00:00+05:30,540.45,554.35,540.0,548.7,73248
2021-03-23 10:15:00+05:30,548.2,548.95,543.9,547.05,34079
2021-03-23 10:30:00+05:30,547.5,552.0,547.15,550.85,21603
2021-03-23 10:45:00+05:30,550.75,551.7,547.5,548.8,12634
2021-03-23 11:00:00+05:30,548.8,551.2,547.85,550.35,11376
2021-03-23 11:15:00+05:30,550.35,551.3,547.6,547.6,10579
2021-03-23 11:30:00+05:30,547.6,553.0,547.6,551.5,19415
2021-03-23 11:45:00+05:30,551.5,554.0,550.05,553.0,26332
2021-03-23 12:00:00+05:30,553.0,553.7,550.75,552.3,24740
2021-03-23 12:15:00+05:30,552.3,552.5,551.25,551.3,5208
2021-03-23 12:30:00+05:30,551.3,553.0,551.25,551.8,8496
2021-03-23 12:45:00+05:30,551.8,553.95,551.55,553.85,8980
2021-03-23 13:00:00+05:30,553.85,557.0,553.3,556.0,25990
2021-03-23 13:15:00+05:30,556.05,556.6,555.0,555.8,14738
2021-03-23 13:30:00+05:30,555.8,556.5,553.25,554.8,9831
2021-03-23 13:45:00+05:30,554.8,556.0,554.0,555.25,12401
2021-03-23 14:00:00+05:30,555.25,558.45,555.25,555.25,24051
2021-03-23 14:15:00+05:30,555.25,558.2,555.25,557.85,17988
2021-03-23 14:30:00+05:30,557.85,560.0,556.8,557.2,38019
2021-03-23 14:45:00+05:30,557.85,567.5,556.8,560.0,135874
2021-03-23 15:00:00+05:30,560.0,564.0,556.65,560.5,35092
2021-03-23 15:15:00+05:30,560.75,564.1,558.05,561.75,49135
2021-03-23 15:30:00+05:30,561.75,577.35,561.15,571.95,79092
2021-03-24 09:30:00+05:30,563.0,577.15,558.15,565.0,98083
2021-03-24 09:45:00+05:30,565.05,567.85,563.4,565.5,28038
2021-03-24 10:00:00+05:30,565.5,569.7,563.05,566.9,20192
2021-03-24 10:15:00+05:30,566.9,567.7,562.2,564.2,17153
2021-03-24 10:30:00+05:30,564.2,565.0,562.5,563.15,12816
2021-03-24 10:45:00+05:30,562.9,566.0,562.9,563.65,6843
2021-03-24 11:00:00+05:30,564.25,566.45,563.6,564.2,9454
2021-03-24 11:15:00+05:30,564.25,564.95,561.85,563.05,9484
2021-03-24 11:30:00+05:30,562.8,563.95,560.2,561.3,15751
2021-03-24 11:45:00+05:30,561.3,562.55,561.25,561.65,4205
2021-03-24 12:00:00+05:30,561.65,565.95,561.05,565.75,12583
2021-03-24 12:15:00+05:30,565.75,565.75,564.3,564.3,5453
2021-03-24 12:30:00+05:30,564.3,565.7,563.8,563.95,4901
2021-03-24 12:45:00+05:30,563.95,565.0,563.9,564.5,1010
2021-03-24 13:00:00+05:30,564.5,565.5,564.0,564.0,2700
2021-03-24 13:15:00+05:30,564.0,564.9,563.85,564.0,1657
2021-03-24 13:30:00+05:30,564.0,564.8,563.3,563.55,4121
2021-03-24 13:45:00+05:30,563.55,563.95,560.85,561.4,4817
2021-03-24 14:00:00+05:30,561.35,562.25,560.6,561.65,3033
2021-03-24 14:15:00+05:30,561.65,563.5,556.75,556.9,12459
2021-03-24 14:30:00+05:30,556.9,557.45,555.3,555.65,9021
2021-03-24 14:45:00+05:30,555.75,557.0,553.75,554.5,17449
2021-03-24 15:00:00+05:30,554.5,554.75,545.1,545.9,27076
2021-03-24 15:15:00+05:30,546.85,557.0,546.55,556.95,15699
2021-03-24 15:30:00+05:30,558.5,562.0,551.0,555.0,29621
2021-03-25 09:30:00+05:30,555.0,555.2,536.4,539.15,50008
2021-03-25 09:45:00+05:30,539.0,544.15,537.25,543.05,31435
2021-03-25 10:00:00+05:30,543.05,543.05,540.0,541.15,7116
2021-03-25 10:15:00+05:30,541.15,543.0,541.15,543.0,2588
2021-03-25 10:30:00+05:30,543.0,543.2,541.4,541.5,6784
2021-03-25 10:45:00+05:30,541.4,541.5,541.2,541.2,6996
2021-03-25 11:00:00+05:30,541.5,542.35,540.1,540.1,3274
2021-03-25 11:15:00+05:30,540.1,542.4,540.0,540.95,16732
2021-03-25 11:30:00+05:30,540.4,543.0,540.4,541.6,2060
2021-03-25 11:45:00+05:30,542.35,544.1,542.0,543.0,2295
2021-03-25 12:00:00+05:30,543.0,543.0,540.1,540.1,1491
2021-03-25 12:15:00+05:30,540.1,541.45,538.2,540.25,8052
2021-03-25 12:30:00+05:30,539.2,540.5,537.1,539.45,20927
2021-03-25 12:45:00+05:30,539.45,540.1,539.45,540.05,1638
2021-03-25 13:00:00+05:30,540.0,543.0,539.45,541.85,5399
2021-03-25 13:15:00+05:30,541.8,541.8,538.05,540.5,10556
2021-03-25 13:30:00+05:30,540.8,541.7,540.15,541.65,1344
2021-03-25 13:45:00+05:30,541.65,543.0,538.9,542.4,15996
2021-03-25 14:00:00+05:30,542.4,547.75,541.55,546.0,16968
2021-03-25 14:15:00+05:30,546.1,547.0,542.95,544.9,15766
2021-03-25 14:30:00+05:30,544.9,545.1,541.4,542.95,1903
2021-03-25 14:45:00+05:30,543.7,545.8,542.85,545.0,1893
2021-03-25 15:00:00+05:30,545.45,547.5,545.0,545.0,8022
2021-03-25 15:15:00+05:30,544.0,544.4,541.5,542.8,6502
2021-03-25 15:30:00+05:30,542.8,545.45,541.5,544.5,12505
2021-03-26 09:30:00+05:30,549.0,553.8,547.15,553.25,42192
2021-03-26 09:45:00+05:30,553.5,553.5,549.15,551.0,20167
2021-03-26 10:00:00+05:30,550.9,552.0,549.45,550.7,6042
2021-03-26 10:15:00+05:30,550.7,552.0,550.05,552.0,2815
2021-03-26 10:30:00+05:30,552.0,555.6,551.5,554.35,9423
2021-03-26 10:45:00+05:30,554.35,564.9,554.3,562.2,26884
2021-03-26 11:00:00+05:30,562.2,563.0,556.8,557.9,13303
2021-03-26 11:15:00+05:30,557.0,557.55,555.25,556.1,7599
2021-03-26 11:30:00+05:30,556.1,557.45,556.0,557.0,876
2021-03-26 11:45:00+05:30,557.0,559.0,555.65,556.6,10336
2021-03-26 12:00:00+05:30,556.6,557.3,555.55,556.75,1740
2021-03-26 12:15:00+05:30,556.75,557.4,555.95,556.0,2050
2021-03-26 12:30:00+05:30,556.0,557.0,555.25,555.55,5193
2021-03-26 12:45:00+05:30,555.55,557.0,555.55,556.15,892
2021-03-26 13:00:00+05:30,556.15,557.0,556.0,556.0,1686
2021-03-26 13:15:00+05:30,556.6,556.95,554.25,556.95,15712
2021-03-26 13:30:00+05:30,556.95,557.0,554.25,555.7,7183
2021-03-26 13:45:00+05:30,555.7,556.0,554.75,555.1,784
2021-03-26 14:00:00+05:30,555.1,555.45,553.2,555.0,3916
2021-03-26 14:15:00+05:30,553.85,555.85,553.7,555.05,1233
2021-03-26 14:30:00+05:30,555.05,555.9,553.0,553.9,2882
2021-03-26 14:45:00+05:30,553.9,555.0,552.4,553.75,4630
2021-03-26 15:00:00+05:30,553.75,556.9,552.25,556.05,9163
2021-03-26 15:15:00+05:30,556.05,563.95,556.0,561.65,30921
2021-03-26 15:30:00+05:30,560.35,565.0,556.15,562.0,23532
2021-03-30 09:30:00+05:30,565.0,577.0,561.2,569.5,60890
2021-03-30 09:45:00+05:30,569.5,575.05,569.15,572.0,35234
2021-03-30 10:00:00+05:30,572.0,572.95,569.15,572.0,17754
2021-03-30 10:15:00+05:30,572.0,572.75,568.2,570.0,15912
2021-03-30 10:30:00+05:30,570.0,571.4,568.05,568.3,4343
2021-03-30 10:45:00+05:30,568.3,569.5,568.0,569.15,48916
2021-03-30 11:00:00+05:30,569.15,570.0,565.4,566.0,7848
2021-03-30 11:15:00+05:30,566.0,568.0,561.0,564.0,16179
2021-03-30 11:30:00+05:30,564.0,564.85,562.0,563.35,8307
2021-03-30 11:45:00+05:30,563.35,565.0,561.65,562.6,6948
2021-03-30 12:00:00+05:30,562.6,563.65,560.5,560.9,5457
2021-03-30 12:15:00+05:30,560.9,562.25,560.1,560.35,4302
2021-03-30 12:30:00+05:30,560.0,561.7,560.0,561.65,3387
2021-03-30 12:45:00+05:30,561.0,563.9,561.0,562.05,2637
2021-03-30 13:00:00+05:30,562.05,562.55,560.85,562.4,2581
2021-03-30 13:15:00+05:30,562.4,562.4,559.25,560.0,2229
2021-03-30 13:30:00+05:30,560.0,561.85,559.65,561.55,1146
2021-03-30 13:45:00+05:30,561.55,561.8,560.0,561.15,2145
2021-03-30 14:00:00+05:30,561.15,562.95,560.4,562.3,1513
2021-03-30 14:15:00+05:30,562.35,562.5,560.45,561.45,1174
2021-03-30 14:30:00+05:30,561.45,563.15,560.6,563.15,2782
2021-03-30 14:45:00+05:30,563.15,563.25,560.25,562.6,5192
2021-03-30 15:00:00+05:30,562.6,562.6,560.25,560.9,2345
2021-03-30 15:15:00+05:30,560.9,567.1,560.75,566.6,35954
2021-03-30 15:30:00+05:30,566.6,567.1,561.5,565.5,34069
2021-03-31 09:30:00+05:30,566.95,566.95,557.4,558.95,25597
2021-03-31 09:45:00+05:30,558.95,561.5,558.95,561.4,4512
2021-03-31 10:00:00+05:30,561.4,563.6,560.9,563.1,3984
2021-03-31 10:15:00+05:30,563.1,563.9,562.3,563.0,3324
2021-03-31 10:30:00+05:30,563.0,564.25,562.0,563.6,6123
2021-03-31 10:45:00+05:30,563.6,564.25,562.15,563.6,1789
2021-03-31 11:00:00+05:30,563.5,563.6,562.1,562.15,2229
2021-03-31 11:15:00+05:30,562.15,563.75,562.0,562.6,1631
2021-03-31 11:30:00+05:30,562.6,563.8,562.15,563.0,1252
2021-03-31 11:45:00+05:30,563.0,563.0,560.3,561.4,6955
2021-03-31 12:00:00+05:30,561.35,563.0,560.6,562.1,1803
2021-03-31 12:15:00+05:30,562.1,563.0,561.85,562.9,690
2021-03-31 12:30:00+05:30,562.85,563.5,561.1,563.5,16689
2021-03-31 12:45:00+05:30,563.5,566.0,562.6,565.5,14833
2021-03-31 13:00:00+05:30,565.5,569.0,565.5,565.7,7911
2021-03-31 13:15:00+05:30,565.7,566.55,565.5,565.7,2373
2021-03-31 13:30:00+05:30,565.7,566.7,565.5,565.55,5351
2021-03-31 13:45:00+05:30,565.55,567.7,565.5,567.5,2006
2021-03-31 14:00:00+05:30,567.5,567.95,556.0,567.35,19643
2021-03-31 14:15:00+05:30,567.5,569.0,564.5,564.5,12508
2021-03-31 14:30:00+05:30,564.5,565.55,564.5,564.6,3956
2021-03-31 14:45:00+05:30,564.6,564.6,560.4,562.25,6452
2021-03-31 15:00:00+05:30,562.35,562.8,559.5,559.9,3410
2021-03-31 15:15:00+05:30,559.9,565.0,558.35,560.95,31220
2021-03-31 15:30:00+05:30,560.95,561.45,552.1,553.1,17391
2021-04-01 09:30:00+05:30,561.0,567.65,560.0,562.8,19234
2021-04-01 09:45:00+05:30,563.65,564.0,560.2,561.25,5464
2021-04-01 10:00:00+05:30,561.25,563.45,560.45,562.8,8197
2021-04-01 10:15:00+05:30,563.45,564.3,561.25,562.65,4243
2021-04-01 10:30:00+05:30,563.0,563.0,561.1,562.1,1949
2021-04-01 10:45:00+05:30,561.7,564.3,561.45,563.65,4030
2021-04-01 11:00:00+05:30,563.3,563.9,562.1,563.55,2248
2021-04-01 11:15:00+05:30,563.8,565.0,562.65,564.55,2296
2021-04-01 11:30:00+05:30,565.0,567.1,564.05,567.0,6933
2021-04-01 11:45:00+05:30,567.0,567.45,564.9,566.35,1737
2021-04-01 12:00:00+05:30,566.85,568.4,566.35,567.85,2387
2021-04-01 12:15:00+05:30,567.85,568.1,563.9,567.15,3918
2021-04-01 12:30:00+05:30,567.15,569.0,563.7,568.85,6830
2021-04-01 12:45:00+05:30,568.0,568.35,564.0,567.0,12535
2021-04-01 13:00:00+05:30,567.0,568.35,565.05,565.7,6930
2021-04-01 13:15:00+05:30,565.7,568.0,565.7,568.0,1461
2021-04-01 13:30:00+05:30,568.0,568.5,566.35,568.0,2132
2021-04-01 13:45:00+05:30,568.0,568.45,566.05,567.7,1332
2021-04-01 14:00:00+05:30,568.25,568.35,566.9,568.0,5083
2021-04-01 14:15:00+05:30,568.0,568.0,566.9,568.0,1541
2021-04-01 14:30:00+05:30,568.0,568.35,567.3,568.0,2253
2021-04-01 14:45:00+05:30,568.0,568.0,565.05,567.0,3267
2021-04-01 15:00:00+05:30,567.0,567.85,565.1,567.0,3558
2021-04-01 15:15:00+05:30,566.2,568.0,565.7,565.7,9574
2021-04-01 15:30:00+05:30,565.7,565.7,562.1,562.65,20011
2021-04-05 09:30:00+05:30,565.0,565.0,551.55,552.2,29922
2021-04-05 09:45:00+05:30,552.7,556.7,552.0,556.7,9212
2021-04-05 10:00:00+05:30,556.7,557.0,548.25,549.9,11495
2021-04-05 10:15:00+05:30,549.9,552.25,548.0,550.0,7315
2021-04-05 10:30:00+05:30,550.0,550.35,544.05,550.0,8716
2021-04-05 10:45:00+05:30,550.0,550.0,546.45,548.2,2153
2021-04-05 11:00:00+05:30,548.2,551.95,547.1,550.45,6005
2021-04-05 11:15:00+05:30,550.95,551.45,547.35,547.35,1988
2021-04-05 11:30:00+05:30,547.0,549.35,545.45,548.25,2246
2021-04-05 11:45:00+05:30,548.4,550.25,546.0,547.4,2805
2021-04-05 12:00:00+05:30,547.4,549.4,545.5,547.95,4018
2021-04-05 12:15:00+05:30,547.95,548.0,545.0,547.5,3487
2021-04-05 12:30:00+05:30,547.5,549.0,546.35,547.5,5249
2021-04-05 12:45:00+05:30,547.3,554.6,547.3,551.2,9828
2021-04-05 13:00:00+05:30,551.2,551.2,549.4,550.35,1258
2021-04-05 13:15:00+05:30,550.35,550.55,548.25,549.0,1822
2021-04-05 13:30:00+05:30,549.0,550.0,549.0,549.7,908
2021-04-05 13:45:00+05:30,549.7,551.6,549.0,550.05,1750
2021-04-05 14:00:00+05:30,550.5,551.0,549.4,550.0,1684
2021-04-05 14:15:00+05:30,550.0,550.0,547.0,548.5,2968
2021-04-05 14:30:00+05:30,548.5,551.7,548.5,550.0,2659
2021-04-05 14:45:00+05:30,551.0,551.8,549.7,550.6,2794
2021-04-05 15:00:00+05:30,550.6,550.95,548.45,549.0,2850
2021-04-05 15:15:00+05:30,549.0,549.35,545.7,547.65,10942
2021-04-05 15:30:00+05:30,547.65,552.0,545.25,550.0,19225
2021-04-06 09:30:00+05:30,553.8,558.8,547.3,558.8,31764
2021-04-06 09:45:00+05:30,558.8,560.0,555.15,558.4,13526
2021-04-06 10:00:00+05:30,558.25,559.8,555.25,556.7,4338
2021-04-06 10:15:00+05:30,555.8,559.85,555.65,556.85,19536
2021-04-06 10:30:00+05:30,556.85,557.85,555.0,557.35,2769
2021-04-06 10:45:00+05:30,557.35,557.45,555.3,556.6,1854
2021-04-06 11:00:00+05:30,556.6,557.65,555.65,556.35,1139
2021-04-06 11:15:00+05:30,556.35,559.0,556.35,558.7,1589
2021-04-06 11:30:00+05:30,558.75,559.5,557.0,557.45,1412
2021-04-06 11:45:00+05:30,557.45,558.65,556.9,557.95,1018
2021-04-06 12:00:00+05:30,557.95,558.5,556.5,556.85,1483
2021-04-06 12:15:00+05:30,556.85,558.7,553.75,557.55,7510
2021-04-06 12:30:00+05:30,558.0,558.5,555.3,556.55,2946
2021-04-06 12:45:00+05:30,556.55,557.8,555.0,557.0,5947
2021-04-06 13:00:00+05:30,557.0,557.55,556.05,557.45,2271
2021-04-06 13:15:00+05:30,557.45,557.45,552.0,554.35,9452
2021-04-06 13:30:00+05:30,554.35,554.75,551.0,551.05,7674
2021-04-06 13:45:00+05:30,551.05,554.7,551.05,552.5,2097
2021-04-06 14:00:00+05:30,553.35,553.55,551.75,552.95,1694
2021-04-06 14:15:00+05:30,552.95,554.5,548.0,548.35,13101
2021-04-06 14:30:00+05:30,548.35,549.85,547.25,549.85,3812
2021-04-06 14:45:00+05:30,549.85,551.85,549.05,551.55,2994
2021-04-06 15:00:00+05:30,551.55,552.9,547.0,549.5,10594
2021-04-06 15:15:00+05:30,549.5,552.55,547.15,549.0,5546
2021-04-06 15:30:00+05:30,549.0,549.75,545.05,545.9,10275
2021-04-07 09:30:00+05:30,548.6,553.7,546.9,547.0,26545
2021-04-07 09:45:00+05:30,547.2,550.7,546.0,550.55,29601
2021-04-07 10:00:00+05:30,550.55,552.85,549.65,551.95,3051
2021-04-07 10:15:00+05:30,551.95,552.6,549.25,549.9,7885
2021-04-07 10:30:00+05:30,549.9,550.0,547.25,547.25,6360
2021-04-07 10:45:00+05:30,547.25,547.8,543.1,543.95,11657
2021-04-07 11:00:00+05:30,543.95,545.0,543.0,544.75,7387
2021-04-07 11:15:00+05:30,544.75,545.05,544.25,544.8,8996
2021-04-07 11:30:00+05:30,544.95,545.0,544.15,544.6,4186
2021-04-07 11:45:00+05:30,544.6,545.0,544.45,545.0,1689
2021-04-07 12:00:00+05:30,545.0,545.0,544.2,544.95,2518
2021-04-07 12:15:00+05:30,544.95,545.0,541.05,544.85,18570
2021-04-07 12:30:00+05:30,544.85,545.0,543.0,545.0,6928
2021-04-07 12:45:00+05:30,545.0,545.0,544.0,545.0,3909
2021-04-07 13:00:00+05:30,545.0,545.1,543.0,544.5,7383
2021-04-07 13:15:00+05:30,544.8,545.0,544.5,544.5,3322
2021-04-07 13:30:00+05:30,545.0,545.0,544.0,544.15,3521
2021-04-07 13:45:00+05:30,544.15,545.5,543.25,545.05,8931
2021-04-07 14:00:00+05:30,543.95,545.6,543.4,544.7,9157
2021-04-07 14:15:00+05:30,544.5,545.7,544.25,544.7,3461
2021-04-07 14:30:00+05:30,544.7,545.7,543.65,544.2,5817
2021-04-07 14:45:00+05:30,544.5,545.3,543.65,543.65,10033
2021-04-07 15:00:00+05:30,543.65,545.5,543.55,543.8,6486
2021-04-07 15:15:00+05:30,543.8,544.0,540.0,541.5,21357
2021-04-07 15:30:00+05:30,540.85,544.7,540.0,544.0,16702
2021-04-08 09:30:00+05:30,544.9,553.95,544.25,552.55,22930
2021-04-08 09:45:00+05:30,552.55,553.35,549.1,550.1,14132
2021-04-08 10:00:00+05:30,550.7,550.95,548.5,550.05,13586
2021-04-08 10:15:00+05:30,550.05,551.0,548.05,550.0,6717
2021-04-08 10:30:00+05:30,550.0,550.95,548.85,549.95,2153
2021-04-08 10:45:00+05:30,549.95,551.0,548.15,549.6,2569
2021-04-08 11:00:00+05:30,549.6,550.7,549.05,550.0,979
2021-04-08 11:15:00+05:30,550.0,551.5,548.9,550.9,7715
2021-04-08 11:30:00+05:30,550.95,555.0,550.95,553.1,11114
2021-04-08 11:45:00+05:30,553.1,554.35,550.0,551.1,8419
2021-04-08 12:00:00+05:30,551.1,552.15,549.3,551.0,9571
2021-04-08 12:15:00+05:30,551.0,551.75,549.95,551.15,2234
2021-04-08 12:30:00+05:30,550.55,551.85,547.65,549.0,3819
2021-04-08 12:45:00+05:30,549.0,549.45,547.4,547.95,4656
2021-04-08 13:00:00+05:30,547.95,548.95,544.75,548.05,8333
2021-04-08 13:15:00+05:30,548.05,548.3,546.5,547.85,1529
2021-04-08 13:30:00+05:30,547.85,548.25,546.75,547.85,601
2021-04-08 13:45:00+05:30,547.85,549.1,547.7,549.0,1127
2021-04-08 14:00:00+05:30,549.0,549.0,546.0,547.9,3500
2021-04-08 14:15:00+05:30,547.9,548.05,546.4,547.7,781
2021-04-08 14:30:00+05:30,546.95,548.9,546.0,548.3,4485
2021-04-08 14:45:00+05:30,548.3,550.0,546.9,549.0,10555
2021-04-08 15:00:00+05:30,549.0,549.0,547.9,548.6,3542
2021-04-08 15:15:00+05:30,548.6,548.6,544.4,546.0,5143
2021-04-08 15:30:00+05:30,546.0,546.9,543.0,545.0,14425
2021-04-09 09:30:00+05:30,542.0,551.8,541.1,549.25,17286
2021-04-09 09:45:00+05:30,549.25,550.95,546.65,550.95,6240
2021-04-09 10:00:00+05:30,550.0,550.65,547.0,547.95,2003
2021-04-09 10:15:00+05:30,548.0,548.25,547.3,547.35,3266
2021-04-09 10:30:00+05:30,547.35,548.0,544.0,545.15,6886
2021-04-09 10:45:00+05:30,546.0,546.0,545.0,545.35,1323
2021-04-09 11:00:00+05:30,545.35,547.0,544.0,545.85,3642
2021-04-09 11:15:00+05:30,545.15,546.6,542.25,545.25,5852
2021-04-09 11:30:00+05:30,545.25,545.6,542.25,543.2,11974
2021-04-09 11:45:00+05:30,543.2,546.4,543.2,546.0,2372
2021-04-09 12:00:00+05:30,546.0,547.05,544.1,546.15,4211
2021-04-09 12:15:00+05:30,546.15,547.05,544.1,544.1,1387
2021-04-09 12:30:00+05:30,545.0,545.7,544.0,544.1,680
2021-04-09 12:45:00+05:30,544.45,545.0,543.3,544.75,1079
2021-04-09 13:00:00+05:30,545.0,545.5,543.85,544.85,598
2021-04-09 13:15:00+05:30,544.85,545.15,544.3,544.9,1200
2021-04-09 13:30:00+05:30,544.9,545.0,544.3,544.85,1059
2021-04-09 13:45:00+05:30,544.85,545.0,541.15,542.1,2579
2021-04-09 14:00:00+05:30,542.1,543.4,541.85,542.25,1621
2021-04-09 14:15:00+05:30,542.35,544.0,541.0,543.0,3895
2021-04-09 14:30:00+05:30,543.0,544.7,543.0,543.95,2595
2021-04-09 14:45:00+05:30,543.95,544.6,543.45,544.6,887
2021-04-09 15:00:00+05:30,544.6,544.9,543.45,544.4,1926
2021-04-09 15:15:00+05:30,544.0,545.0,543.0,544.05,6575
2021-04-09 15:30:00+05:30,544.05,544.25,541.6,543.9,12932
2021-04-12 09:30:00+05:30,539.9,539.9,526.25,529.4,15017
2021-04-12 09:45:00+05:30,529.4,531.0,525.0,529.0,16287
2021-04-12 10:00:00+05:30,529.3,535.0,528.25,531.9,15248
2021-04-12 10:15:00+05:30,531.9,532.0,528.55,529.1,14051
2021-04-12 10:30:00+05:30,529.1,529.7,525.0,526.75,12307
2021-04-12 10:45:00+05:30,526.75,526.75,523.25,524.7,7661
2021-04-12 11:00:00+05:30,524.7,526.5,523.95,526.5,3206
2021-04-12 11:15:00+05:30,526.5,526.55,523.0,523.95,3943
2021-04-12 11:30:00+05:30,523.95,524.6,523.25,524.35,3103
2021-04-12 11:45:00+05:30,523.05,523.9,516.8,518.0,11628
2021-04-12 12:00:00+05:30,518.0,519.35,516.05,519.2,4887
2021-04-12 12:15:00+05:30,518.9,518.9,513.9,517.0,7154
2021-04-12 12:30:00+05:30,517.0,519.95,515.85,518.95,6820
2021-04-12 12:45:00+05:30,517.25,521.65,516.85,520.85,2331
2021-04-12 13:00:00+05:30,520.1,522.65,519.4,520.15,2043
2021-04-12 13:15:00+05:30,520.15,523.0,520.15,521.35,2741
2021-04-12 13:30:00+05:30,521.35,522.05,515.65,515.65,6758
2021-04-12 13:45:00+05:30,515.65,516.0,495.65,506.0,71719
2021-04-12 14:00:00+05:30,506.0,506.3,503.0,505.8,10039
2021-04-12 14:15:00+05:30,505.8,509.0,505.5,507.0,11931
2021-04-12 14:30:00+05:30,507.0,508.3,505.0,507.0,5251
2021-04-12 14:45:00+05:30,507.65,512.25,506.75,510.9,19708
2021-04-12 15:00:00+05:30,510.3,512.9,510.05,510.2,8871
2021-04-12 15:15:00+05:30,510.2,512.9,510.15,510.8,7565
2021-04-12 15:30:00+05:30,510.8,512.5,506.1,511.7,22910
2021-04-13 09:30:00+05:30,508.6,526.9,508.05,518.0,23468
2021-04-13 09:45:00+05:30,518.0,520.0,515.9,516.3,6945
2021-04-13 10:00:00+05:30,516.3,521.0,516.0,519.8,9343
2021-04-13 10:15:00+05:30,520.0,522.0,518.75,521.35,4424
2021-04-13 10:30:00+05:30,521.35,523.0,518.8,520.15,9683
2021-04-13 10:45:00+05:30,520.15,522.0,519.0,520.7,4314
2021-04-13 11:00:00+05:30,520.7,523.2,518.65,521.5,11043
2021-04-13 11:15:00+05:30,521.0,521.8,518.5,519.8,5246
2021-04-13 11:30:00+05:30,519.8,519.95,516.0,518.5,9695
2021-04-13 11:45:00+05:30,518.5,518.85,516.45,517.2,1827
2021-04-13 12:00:00+05:30,517.2,518.4,515.75,517.15,6916
2021-04-13 12:15:00+05:30,517.15,518.6,516.0,516.75,6431
2021-04-13 12:30:00+05:30,516.75,518.55,516.0,517.2,18566
2021-04-13 12:45:00+05:30,517.2,518.0,516.5,517.8,3262
2021-04-13 13:00:00+05:30,517.0,518.0,512.2,513.2,3897
2021-04-13 13:15:00+05:30,513.2,513.95,511.0,511.0,4222
2021-04-13 13:30:00+05:30,511.0,512.7,508.0,509.65,6505
2021-04-13 13:45:00+05:30,509.65,509.95,508.0,509.95,6000
2021-04-13 14:00:00+05:30,509.95,511.95,508.5,510.9,5039
2021-04-13 14:15:00+05:30,511.15,513.9,510.95,512.6,6309
2021-04-13 14:30:00+05:30,512.55,515.8,512.55,514.0,6590
2021-04-13 14:45:00+05:30,514.0,515.8,514.0,514.0,3416
2021-04-13 15:00:00+05:30,514.0,515.0,510.0,510.0,5626
2021-04-13 15:15:00+05:30,510.8,512.1,508.1,512.1,13762
2021-04-13 15:30:00+05:30,512.1,527.65,510.0,521.0,62148
2021-04-15 09:30:00+05:30,516.1,518.95,512.05,515.0,13101
2021-04-15 09:45:00+05:30,514.85,516.0,511.5,511.8,5098
2021-04-15 10:00:00+05:30,511.65,512.55,505.55,506.85,15571
2021-04-15 10:15:00+05:30,506.85,511.35,506.85,511.0,3483
2021-04-15 10:30:00+05:30,511.0,511.0,509.0,510.35,2786
2021-04-15 10:45:00+05:30,510.35,510.35,506.35,507.9,5845
2021-04-15 11:00:00+05:30,507.9,509.9,507.6,509.3,3638
2021-04-15 11:15:00+05:30,509.3,509.45,505.0,508.65,10748
2021-04-15 11:30:00+05:30,508.0,508.75,507.0,508.75,3707
2021-04-15 11:45:00+05:30,508.75,509.75,507.0,508.0,2703
2021-04-15 12:00:00+05:30,508.0,511.0,508.0,509.0,4176
2021-04-15 12:15:00+05:30,509.0,509.0,508.0,508.5,940
2021-04-15 12:30:00+05:30,508.5,508.7,506.05,506.65,3806
2021-04-15 12:45:00+05:30,506.65,508.85,506.65,508.8,1540
2021-04-15 13:00:00+05:30,508.8,512.95,508.8,511.2,3853
2021-04-15 13:15:00+05:30,511.2,512.45,510.8,510.95,3166
2021-04-15 13:30:00+05:30,510.95,510.95,508.0,509.95,3469
2021-04-15 13:45:00+05:30,509.95,511.15,507.7,509.35,3574
2021-04-15 14:00:00+05:30,509.35,510.9,509.0,509.0,1981
2021-04-15 14:15:00+05:30,509.0,511.5,508.6,510.55,3423
2021-04-15 14:30:00+05:30,510.55,511.35,508.6,509.0,1705
2021-04-15 14:45:00+05:30,509.15,511.95,508.55,511.9,1963
2021-04-15 15:00:00+05:30,511.9,511.9,508.05,510.3,3365
2021-04-15 15:15:00+05:30,510.3,510.95,508.1,510.9,7376
2021-04-15 15:30:00+05:30,509.75,510.85,507.0,507.3,12863
2021-04-16 09:30:00+05:30,509.7,511.95,505.0,511.25,20363
2021-04-16 09:45:00+05:30,511.25,512.8,510.05,512.8,6370
2021-04-16 10:00:00+05:30,512.1,515.0,511.3,513.85,5845
2021-04-16 10:15:00+05:30,513.85,514.95,511.4,513.75,4413
2021-04-16 10:30:00+05:30,513.75,515.0,512.2,514.45,3639
2021-04-16 10:45:00+05:30,514.45,516.5,513.35,513.95,6268
2021-04-16 11:00:00+05:30,513.3,515.0,513.15,514.2,4347
2021-04-16 11:15:00+05:30,514.2,514.85,513.4,514.0,1871
2021-04-16 11:30:00+05:30,514.0,514.75,513.5,514.4,1278
2021-04-16 11:45:00+05:30,514.4,514.45,513.75,514.4,878
2021-04-16 12:00:00+05:30,514.4,514.95,513.35,514.95,3864
2021-04-16 12:15:00+05:30,514.2,515.0,513.5,514.2,2710
2021-04-16 12:30:00+05:30,514.2,514.25,513.5,514.0,494
2021-04-16 12:45:00+05:30,514.05,516.0,513.55,515.35,7330
2021-04-16 13:00:00+05:30,515.35,516.5,514.5,514.85,2643
2021-04-16 13:15:00+05:30,514.5,516.7,514.5,515.25,2926
2021-04-16 13:30:00+05:30,515.25,518.1,515.25,517.15,5622
2021-04-16 13:45:00+05:30,517.6,519.8,516.0,519.05,5837
2021-04-16 14:00:00+05:30,519.05,519.8,519.0,519.5,1704
2021-04-16 14:15:00+05:30,519.5,519.5,516.75,517.55,4633
2021-04-16 14:30:00+05:30,517.9,518.7,515.6,518.05,5487
2021-04-16 14:45:00+05:30,518.05,518.1,515.85,517.0,2287
2021-04-16 15:00:00+05:30,517.0,517.8,515.35,516.5,3531
2021-04-16 15:15:00+05:30,516.5,517.3,515.5,517.05,4150
2021-04-16 15:30:00+05:30,516.5,520.2,513.45,518.3,19712
2021-04-19 09:30:00+05:30,515.0,515.0,494.0,498.3,55834
2021-04-19 09:45:00+05:30,499.8,500.4,495.1,497.25,12762
2021-04-19 10:00:00+05:30,496.1,500.0,495.6,498.95,9627
2021-04-19 10:15:00+05:30,498.95,504.45,498.1,503.6,13024
2021-04-19 10:30:00+05:30,504.1,504.1,500.0,501.6,9259
2021-04-19 10:45:00+05:30,501.5,503.75,500.0,503.0,3035
2021-04-19 11:00:00+05:30,503.0,503.0,501.8,502.75,1441
2021-04-19 11:15:00+05:30,502.75,502.75,500.45,502.65,4842
2021-04-19 11:30:00+05:30,502.65,502.65,499.1,499.1,4258
2021-04-19 11:45:00+05:30,499.1,500.5,498.0,498.9,3489
2021-04-19 12:00:00+05:30,498.9,500.65,498.0,499.6,2453
2021-04-19 12:15:00+05:30,499.6,500.35,495.0,497.95,15167
2021-04-19 12:30:00+05:30,497.95,498.3,496.75,497.6,1276
2021-04-19 12:45:00+05:30,497.6,498.0,497.1,497.5,1720
2021-04-19 13:00:00+05:30,497.5,500.55,496.85,498.95,5630
2021-04-19 13:15:00+05:30,498.95,500.4,498.5,499.95,2802
2021-04-19 13:30:00+05:30,499.95,501.0,499.4,500.65,1966
2021-04-19 13:45:00+05:30,500.65,502.0,500.1,501.1,2325
2021-04-19 14:00:00+05:30,501.1,502.0,500.0,501.45,2719
2021-04-19 14:15:00+05:30,501.6,503.0,500.6,500.9,2618
2021-04-19 14:30:00+05:30,501.0,503.3,500.0,502.75,4473
2021-04-19 14:45:00+05:30,503.0,503.55,501.0,501.0,8592
2021-04-19 15:00:00+05:30,500.9,503.2,500.2,503.15,3707
2021-04-19 15:15:00+05:30,503.15,503.35,498.55,498.65,9680
2021-04-19 15:30:00+05:30,499.4,502.0,498.0,500.0,11211
2021-04-20 09:30:00+05:30,501.0,513.6,501.0,510.75,19536
2021-04-20 09:45:00+05:30,510.15,510.8,508.05,510.75,2928
2021-04-20 10:00:00+05:30,510.75,511.7,510.0,510.8,2568
2021-04-20 10:15:00+05:30,510.8,511.7,510.0,511.35,1730
2021-04-20 10:30:00+05:30,511.35,517.7,510.1,516.1,33229
2021-04-20 10:45:00+05:30,516.1,523.95,516.0,517.9,46127
2021-04-20 11:00:00+05:30,517.9,517.9,515.0,515.7,2031
2021-04-20 11:15:00+05:30,515.7,515.85,513.75,514.1,1883
2021-04-20 11:30:00+05:30,514.1,515.5,513.0,515.5,2938
2021-04-20 11:45:00+05:30,515.5,515.5,513.35,513.5,2968
2021-04-20 12:00:00+05:30,513.5,515.0,513.5,514.8,1079
2021-04-20 12:15:00+05:30,514.1,517.0,514.1,517.0,1539
2021-04-20 12:30:00+05:30,517.0,517.0,514.5,515.15,4046
2021-04-20 12:45:00+05:30,515.15,515.8,513.65,515.35,3558
2021-04-20 13:00:00+05:30,514.95,515.15,513.75,514.75,1641
2021-04-20 13:15:00+05:30,514.75,514.95,512.45,513.0,4758
2021-04-20 13:30:00+05:30,513.0,515.7,513.0,514.7,3681
2021-04-20 13:45:00+05:30,514.7,515.2,514.45,515.0,917
2021-04-20 14:00:00+05:30,515.0,515.0,513.9,514.0,1759
2021-04-20 14:15:00+05:30,514.0,515.8,513.5,514.35,3743
2021-04-20 14:30:00+05:30,514.35,515.05,512.5,513.4,2657
2021-04-20 14:45:00+05:30,514.0,514.0,511.5,512.0,2500
2021-04-20 15:00:00+05:30,512.0,513.0,510.5,512.1,5190
2021-04-20 15:15:00+05:30,512.05,515.0,510.95,512.7,9981
2021-04-20 15:30:00+05:30,512.95,516.0,512.05,514.8,9109
2021-04-22 09:30:00+05:30,508.2,510.95,506.05,509.55,4886
2021-04-22 09:45:00+05:30,509.55,510.4,507.1,509.8,4396
2021-04-22 10:00:00+05:30,509.8,515.3,509.7,513.25,5790
2021-04-22 10:15:00+05:30,512.8,515.3,512.15,513.1,2608
2021-04-22 10:30:00+05:30,513.1,513.75,511.1,512.6,2519
2021-04-22 10:45:00+05:30,512.6,513.5,511.5,512.75,1595
2021-04-22 11:00:00+05:30,512.75,513.35,510.5,511.55,6464
2021-04-22 11:15:00+05:30,511.55,511.7,508.0,510.5,7035
2021-04-22 11:30:00+05:30,510.5,511.45,510.0,510.7,1375
2021-04-22 11:45:00+05:30,510.7,511.85,510.1,511.4,1812
2021-04-22 12:00:00+05:30,511.4,511.8,510.0,510.65,1889
2021-04-22 12:15:00+05:30,510.65,511.95,510.0,511.95,1604
2021-04-22 12:30:00+05:30,511.95,512.95,510.5,511.6,2583
2021-04-22 12:45:00+05:30,511.6,511.6,510.5,510.5,638
2021-04-22 13:00:00+05:30,510.5,511.45,508.1,511.45,2467
2021-04-22 13:15:00+05:30,511.45,511.95,510.1,511.0,1029
2021-04-22 13:30:00+05:30,511.0,512.1,511.0,512.05,977
2021-04-22 13:45:00+05:30,512.05,512.4,511.0,511.95,873
2021-04-22 14:00:00+05:30,511.95,515.0,511.55,513.9,4232
2021-04-22 14:15:00+05:30,513.9,514.05,511.5,513.0,3965
2021-04-22 14:30:00+05:30,513.0,513.1,509.95,511.6,1029
2021-04-22 14:45:00+05:30,511.6,513.15,511.5,512.0,3279
2021-04-22 15:00:00+05:30,512.0,512.95,511.4,512.25,2175
2021-04-22 15:15:00+05:30,512.9,514.0,510.5,512.4,3148
2021-04-22 15:30:00+05:30,512.4,512.55,508.2,510.0,6135
2021-04-23 09:30:00+05:30,510.05,511.15,507.05,509.05,8840
2021-04-23 09:45:00+05:30,508.35,510.45,507.25,510.45,3556
2021-04-23 10:00:00+05:30,510.85,514.95,509.9,513.9,9027
2021-04-23 10:15:00+05:30,513.9,520.85,512.05,519.0,22581
2021-04-23 10:30:00+05:30,519.75,519.85,517.5,518.05,3416
2021-04-23 10:45:00+05:30,518.05,518.9,516.95,517.3,3859
2021-04-23 11:00:00+05:30,517.3,517.75,516.0,516.95,1617
2021-04-23 11:15:00+05:30,516.95,517.8,516.05,517.4,484
2021-04-23 11:30:00+05:30,517.4,518.0,517.0,518.0,822
2021-04-23 11:45:00+05:30,518.0,518.0,515.7,516.5,2898
2021-04-23 12:00:00+05:30,516.5,517.1,516.0,516.75,346
2021-04-23 12:15:00+05:30,516.75,517.9,515.3,517.5,2348
2021-04-23 12:30:00+05:30,517.5,517.5,515.55,516.7,1186
2021-04-23 12:45:00+05:30,516.7,516.95,514.05,516.1,9046
2021-04-23 13:00:00+05:30,516.1,516.8,515.1,515.1,563
2021-04-23 13:15:00+05:30,516.0,517.0,515.75,516.65,619
2021-04-23 13:30:00+05:30,516.65,516.95,516.05,516.95,404
2021-04-23 13:45:00+05:30,516.95,516.95,514.35,515.4,1970
2021-04-23 14:00:00+05:30,515.4,515.4,514.0,515.05,1377
2021-04-23 14:15:00+05:30,515.05,515.4,514.05,514.9,807
2021-04-23 14:30:00+05:30,514.9,515.4,514.0,515.0,1599
2021-04-23 14:45:00+05:30,515.0,515.4,514.0,514.7,2032
2021-04-23 15:00:00+05:30,514.05,515.15,514.05,514.95,1052
2021-04-23 15:15:00+05:30,515.0,517.85,514.0,517.1,6260
2021-04-23 15:30:00+05:30,517.1,519.0,515.0,519.0,12983
2021-04-26 09:30:00+05:30,519.05,519.2,511.05,513.0,17671
2021-04-26 09:45:00+05:30,513.0,514.5,512.75,513.05,3623
2021-04-26 10:00:00+05:30,513.05,513.9,512.75,513.25,2230
2021-04-26 10:15:00+05:30,513.2,514.55,513.2,513.9,2490
2021-04-26 10:30:00+05:30,513.9,514.35,513.4,513.45,2367
2021-04-26 10:45:00+05:30,513.9,515.0,513.35,513.9,4442
2021-04-26 11:00:00+05:30,514.3,514.4,513.35,513.9,2583
2021-04-26 11:15:00+05:30,513.9,514.9,513.5,513.9,3277
2021-04-26 11:30:00+05:30,513.95,514.5,513.35,514.25,2713
2021-04-26 11:45:00+05:30,514.2,514.9,513.9,514.7,2693
2021-04-26 12:00:00+05:30,514.7,514.7,513.7,513.9,2743
2021-04-26 12:15:00+05:30,513.9,517.5,513.9,516.75,6284
2021-04-26 12:30:00+05:30,516.7,516.7,513.9,514.35,2350
2021-04-26 12:45:00+05:30,514.35,514.35,513.0,513.9,2661
2021-04-26 13:00:00+05:30,513.9,515.15,513.75,514.05,2904
2021-04-26 13:15:00+05:30,514.05,514.6,513.5,514.5,4179
2021-04-26 13:30:00+05:30,514.5,515.6,513.5,514.4,5139
2021-04-26 13:45:00+05:30,514.4,514.4,513.55,513.9,2229
2021-04-26 14:00:00+05:30,513.9,514.95,512.6,514.25,7360
2021-04-26 14:15:00+05:30,513.9,514.6,513.65,513.8,2234
2021-04-26 14:30:00+05:30,513.8,514.75,513.05,513.9,2713
2021-04-26 14:45:00+05:30,513.9,514.75,513.6,514.35,3010
2021-04-26 15:00:00+05:30,513.9,514.45,513.0,514.35,4547
2021-04-26 15:15:00+05:30,514.35,514.4,513.0,513.9,9780
2021-04-26 15:30:00+05:30,513.9,527.4,512.75,520.0,32998
2021-04-27 09:30:00+05:30,531.0,534.0,522.0,528.55,19483
2021-04-27 09:45:00+05:30,528.55,528.55,525.1,526.0,5330
2021-04-27 10:00:00+05:30,526.0,528.0,526.0,526.2,2130
2021-04-27 10:15:00+05:30,526.2,529.0,525.3,526.75,9143
2021-04-27 10:30:00+05:30,526.75,527.95,526.75,526.75,1243
2021-04-27 10:45:00+05:30,526.75,528.0,525.75,527.35,3491
2021-04-27 11:00:00+05:30,527.35,529.0,527.15,528.9,2178
2021-04-27 11:15:00+05:30,528.9,535.0,527.8,535.0,23277
2021-04-27 11:30:00+05:30,534.95,541.8,533.4,536.9,51284
2021-04-27 11:45:00+05:30,536.9,542.5,536.0,542.45,25286
2021-04-27 12:00:00+05:30,542.5,547.0,542.45,543.1,34572
2021-04-27 12:15:00+05:30,543.7,543.7,541.45,542.0,19295
2021-04-27 12:30:00+05:30,541.1,543.0,541.1,542.9,6259
2021-04-27 12:45:00+05:30,542.9,545.95,542.0,544.25,15086
2021-04-27 13:00:00+05:30,544.25,545.7,544.05,544.6,13303
2021-04-27 13:15:00+05:30,544.6,545.95,542.55,543.0,16103
2021-04-27 13:30:00+05:30,542.5,544.7,542.5,544.35,3750
2021-04-27 13:45:00+05:30,544.35,546.35,542.5,544.55,13887
2021-04-27 14:00:00+05:30,544.55,545.0,543.1,544.85,5286
2021-04-27 14:15:00+05:30,544.85,545.0,542.55,542.8,6540
2021-04-27 14:30:00+05:30,542.85,544.75,542.55,543.65,3662
2021-04-27 14:45:00+05:30,543.65,545.6,543.65,545.5,5970
2021-04-27 15:00:00+05:30,545.5,546.5,545.0,546.5,12100
2021-04-27 15:15:00+05:30,546.5,547.0,545.0,546.5,23532
2021-04-27 15:30:00+05:30,546.5,550.0,544.0,545.05,26289
2021-04-28 09:30:00+05:30,550.0,551.4,545.0,546.6,15234
2021-04-28 09:45:00+05:30,546.6,548.95,546.15,547.35,5152
2021-04-28 10:00:00+05:30,547.35,548.9,546.85,548.6,2707
2021-04-28 10:15:00+05:30,548.6,553.0,548.05,550.6,8737
2021-04-28 10:30:00+05:30,550.6,553.15,550.2,552.0,7608
2021-04-28 10:45:00+05:30,552.5,553.8,552.0,553.25,9715
2021-04-28 11:00:00+05:30,553.25,565.6,553.25,563.2,49986
2021-04-28 11:15:00+05:30,563.2,569.75,559.9,567.3,101799
2021-04-28 11:30:00+05:30,567.3,568.5,564.5,567.5,28221
2021-04-28 11:45:00+05:30,568.2,568.95,565.1,568.0,20700
2021-04-28 12:00:00+05:30,568.0,569.5,567.0,568.2,16568
2021-04-28 12:15:00+05:30,568.2,569.5,568.1,569.25,12510
2021-04-28 12:30:00+05:30,569.25,569.45,566.6,567.15,18147
2021-04-28 12:45:00+05:30,566.6,567.45,565.1,565.7,10553
2021-04-28 13:00:00+05:30,565.7,567.0,565.1,566.35,6453
2021-04-28 13:15:00+05:30,566.35,567.0,565.75,566.05,5734
2021-04-28 13:30:00+05:30,566.05,566.7,564.5,565.0,9536
2021-04-28 13:45:00+05:30,565.0,566.5,564.5,566.5,10162
2021-04-28 14:00:00+05:30,566.5,569.55,565.9,569.55,12559
2021-04-28 14:15:00+05:30,568.9,570.9,568.0,569.9,21001
2021-04-28 14:30:00+05:30,569.9,569.95,569.05,569.55,10481
2021-04-28 14:45:00+05:30,569.55,569.6,564.75,565.9,27980
2021-04-28 15:00:00+05:30,565.9,569.0,565.45,568.0,15048
2021-04-28 15:15:00+05:30,568.0,569.5,567.45,568.0,15409
2021-04-28 15:30:00+05:30,567.35,570.55,564.15,570.0,64341
2021-04-29 09:30:00+05:30,574.0,576.0,567.65,569.0,29790
2021-04-29 09:45:00+05:30,569.0,571.6,567.65,568.85,8540
2021-04-29 10:00:00+05:30,568.85,569.8,567.8,568.75,15861
2021-04-29 10:15:00+05:30,568.75,571.35,567.8,570.35,10739
2021-04-29 10:30:00+05:30,570.35,572.5,570.0,572.35,13487
2021-04-29 10:45:00+05:30,572.35,574.7,570.5,570.5,163215
2021-04-29 11:00:00+05:30,570.5,572.8,570.05,570.7,8507
2021-04-29 11:15:00+05:30,570.7,571.8,569.25,570.0,11347
2021-04-29 11:30:00+05:30,570.05,570.75,568.75,569.95,7484
2021-04-29 11:45:00+05:30,569.95,572.45,569.0,571.9,5887
2021-04-29 12:00:00+05:30,571.9,574.7,570.5,571.15,10873
2021-04-29 12:15:00+05:30,571.15,573.1,571.15,572.75,2887
2021-04-29 12:30:00+05:30,572.75,573.0,571.6,572.0,3364
2021-04-29 12:45:00+05:30,572.0,573.0,572.0,572.0,3240
2021-04-29 13:00:00+05:30,572.0,572.5,572.0,572.0,3827
2021-04-29 13:15:00+05:30,572.0,572.45,572.0,572.0,2703
2021-04-29 13:30:00+05:30,572.0,572.5,570.5,572.5,7847
2021-04-29 13:45:00+05:30,572.5,572.95,571.55,572.1,2458
2021-04-29 14:00:00+05:30,572.1,572.35,570.0,570.0,5130
2021-04-29 14:15:00+05:30,570.0,572.7,568.85,571.85,4316
2021-04-29 14:30:00+05:30,571.85,572.8,571.15,572.0,2599
2021-04-29 14:45:00+05:30,572.0,572.45,571.0,571.55,4721
2021-04-29 15:00:00+05:30,571.55,572.8,571.45,572.8,5014
2021-04-29 15:15:00+05:30,572.8,575.0,572.0,574.95,19797
2021-04-29 15:30:00+05:30,574.95,576.05,574.0,576.0,24932
2021-04-30 09:30:00+05:30,574.5,574.5,567.0,569.55,13715
2021-04-30 09:45:00+05:30,569.55,570.0,567.65,568.95,3520
2021-04-30 10:00:00+05:30,568.95,570.0,567.75,569.9,4026
2021-04-30 10:15:00+05:30,569.9,569.95,567.25,568.5,3171
2021-04-30 10:30:00+05:30,568.5,569.5,567.7,568.45,1483
2021-04-30 10:45:00+05:30,568.45,568.6,567.3,568.0,1655
2021-04-30 11:00:00+05:30,568.0,568.6,567.25,567.7,2421
2021-04-30 11:15:00+05:30,567.7,572.3,567.7,571.0,6500
2021-04-30 11:30:00+05:30,571.0,573.25,570.0,573.05,13202
2021-04-30 11:45:00+05:30,573.05,574.1,571.4,572.0,5085
2021-04-30 12:00:00+05:30,572.1,582.95,571.85,581.4,20224
2021-04-30 12:15:00+05:30,581.4,581.8,577.0,577.0,6153
2021-04-30 12:30:00+05:30,577.0,577.0,575.75,576.05,5172
2021-04-30 12:45:00+05:30,575.5,576.6,572.45,573.25,4865
2021-04-30 13:00:00+05:30,573.25,573.9,571.6,573.9,3940
2021-04-30 13:15:00+05:30,573.9,573.9,569.7,570.7,7778
2021-04-30 13:30:00+05:30,570.7,574.0,570.7,572.5,2364
2021-04-30 13:45:00+05:30,572.5,574.75,571.05,571.05,3302
2021-04-30 14:00:00+05:30,571.05,572.6,568.45,572.0,6886
2021-04-30 14:15:00+05:30,572.0,572.4,568.1,570.0,5148
2021-04-30 14:30:00+05:30,570.0,573.3,569.05,570.0,10395
2021-04-30 14:45:00+05:30,570.0,570.7,570.0,570.65,3828
2021-04-30 15:00:00+05:30,570.65,570.65,567.05,568.25,4912
2021-04-30 15:15:00+05:30,568.2,569.9,567.0,569.85,13741
2021-04-30 15:30:00+05:30,569.6,569.8,563.2,564.7,12962
2021-05-03 09:30:00+05:30,565.5,565.5,559.9,562.95,6801
2021-05-03 09:45:00+05:30,562.95,563.25,550.05,553.9,24605
2021-05-03 10:00:00+05:30,554.05,555.9,550.0,553.4,21279
2021-05-03 10:15:00+05:30,553.35,555.95,553.05,555.85,5822
2021-05-03 10:30:00+05:30,555.85,558.75,555.85,558.5,3624
2021-05-03 10:45:00+05:30,558.5,559.0,557.05,558.7,2823
2021-05-03 11:00:00+05:30,558.7,559.0,558.0,558.4,942
2021-05-03 11:15:00+05:30,558.25,559.35,558.0,558.5,2341
2021-05-03 11:30:00+05:30,558.5,560.0,558.1,559.9,3152
2021-05-03 11:45:00+05:30,560.0,561.5,559.3,560.35,3590
2021-05-03 12:00:00+05:30,560.35,562.35,560.3,561.45,2417
2021-05-03 12:15:00+05:30,561.45,564.05,561.35,563.45,4451
2021-05-03 12:30:00+05:30,562.1,563.5,561.6,561.85,1397
2021-05-03 12:45:00+05:30,562.6,562.8,560.6,562.1,1619
2021-05-03 13:00:00+05:30,562.55,564.4,562.05,564.0,2840
2021-05-03 13:15:00+05:30,564.0,564.4,562.4,563.55,2350
2021-05-03 13:30:00+05:30,563.7,565.0,562.25,563.05,8751
2021-05-03 13:45:00+05:30,563.05,563.05,560.7,561.6,2702
2021-05-03 14:00:00+05:30,561.6,561.9,560.7,561.5,1224
2021-05-03 14:15:00+05:30,561.5,561.5,558.75,560.45,2179
2021-05-03 14:30:00+05:30,560.45,563.95,560.05,563.95,2448
2021-05-03 14:45:00+05:30,564.35,568.6,562.8,565.4,7734
2021-05-03 15:00:00+05:30,565.4,567.35,565.4,566.3,4728
2021-05-03 15:15:00+05:30,565.95,565.95,560.7,562.5,6130
2021-05-03 15:30:00+05:30,562.5,566.0,560.0,560.0,9834
2021-05-04 09:30:00+05:30,568.95,568.95,563.05,563.75,15153
2021-05-04 09:45:00+05:30,563.95,566.5,563.0,565.75,6559
2021-05-04 10:00:00+05:30,564.6,568.45,564.4,565.25,25531
2021-05-04 10:15:00+05:30,565.2,568.55,565.2,567.95,10466
2021-05-04 10:30:00+05:30,567.95,569.0,567.0,567.15,3473
2021-05-04 10:45:00+05:30,567.7,568.7,567.5,568.0,2774
2021-05-04 11:00:00+05:30,568.0,572.8,567.65,570.8,9971
2021-05-04 11:15:00+05:30,571.6,572.85,570.55,571.6,5848
2021-05-04 11:30:00+05:30,571.6,572.25,568.8,570.05,6452
2021-05-04 11:45:00+05:30,570.05,570.05,567.0,567.3,5648
2021-05-04 12:00:00+05:30,567.3,569.2,567.0,568.0,4519
2021-05-04 12:15:00+05:30,568.0,575.55,567.35,570.2,23647
2021-05-04 12:30:00+05:30,570.2,570.95,569.05,570.6,2482
2021-05-04 12:45:00+05:30,570.6,570.95,570.0,570.85,1949
2021-05-04 13:00:00+05:30,570.85,571.0,569.1,569.3,2795
2021-05-04 13:15:00+05:30,569.8,572.3,568.5,569.65,6402
2021-05-04 13:30:00+05:30,569.65,569.65,560.75,565.0,20856
2021-05-04 13:45:00+05:30,565.0,565.0,564.25,564.95,4148
2021-05-04 14:00:00+05:30,564.95,566.25,564.45,566.1,2678
2021-05-04 14:15:00+05:30,566.05,566.4,564.55,565.3,1624
2021-05-04 14:30:00+05:30,565.3,565.5,564.5,565.3,2019
2021-05-04 14:45:00+05:30,565.3,565.4,557.9,564.0,29192
2021-05-04 15:00:00+05:30,564.8,568.65,564.05,564.6,8187
2021-05-04 15:15:00+05:30,565.7,566.05,561.25,562.3,5583
2021-05-04 15:30:00+05:30,562.8,564.9,561.0,564.9,16325
2021-05-05 09:30:00+05:30,562.15,564.7,560.05,564.25,8080
2021-05-05 09:45:00+05:30,564.25,564.25,560.0,561.1,6027
2021-05-05 10:00:00+05:30,561.1,563.7,560.5,562.45,2343
2021-05-05 10:15:00+05:30,562.45,565.0,561.65,563.4,2332
2021-05-05 10:30:00+05:30,563.4,566.0,556.1,564.65,12300
2021-05-05 10:45:00+05:30,564.65,565.75,563.0,564.9,3540
2021-05-05 11:00:00+05:30,564.9,566.0,563.4,564.65,1306
2021-05-05 11:15:00+05:30,565.1,565.1,563.45,564.45,1085
2021-05-05 11:30:00+05:30,564.45,564.75,562.5,563.0,3191
2021-05-05 11:45:00+05:30,563.0,563.0,562.0,562.0,1081
2021-05-05 12:00:00+05:30,562.0,563.95,562.0,563.3,1135
2021-05-05 12:15:00+05:30,563.3,563.3,561.5,562.15,1667
2021-05-05 12:30:00+05:30,562.15,562.4,556.1,558.05,8412
2021-05-05 12:45:00+05:30,558.0,559.0,555.4,557.55,5355
2021-05-05 13:00:00+05:30,557.95,560.9,557.0,559.1,5531
2021-05-05 13:15:00+05:30,559.2,560.0,558.25,559.7,984
2021-05-05 13:30:00+05:30,559.7,559.75,558.0,558.0,1967
2021-05-05 13:45:00+05:30,558.6,558.85,555.95,558.45,1889
2021-05-05 14:00:00+05:30,558.45,559.5,556.2,556.2,4156
2021-05-05 14:15:00+05:30,556.2,558.2,556.2,557.35,2220
2021-05-05 14:30:00+05:30,557.35,558.05,556.0,556.45,2021
2021-05-05 14:45:00+05:30,557.15,557.15,553.4,556.65,6897
2021-05-05 15:00:00+05:30,556.95,557.0,551.55,555.2,3483
2021-05-05 15:15:00+05:30,555.2,556.35,553.55,555.1,4664
2021-05-05 15:30:00+05:30,555.1,557.0,553.0,554.85,13371
2021-05-06 09:30:00+05:30,557.85,561.35,556.0,557.2,7748
2021-05-06 09:45:00+05:30,557.2,559.25,556.25,558.35,2010
2021-05-06 10:00:00+05:30,558.35,559.0,556.0,558.35,3497
2021-05-06 10:15:00+05:30,558.0,558.35,557.2,557.8,1763
2021-05-06 10:30:00+05:30,557.8,558.35,556.05,557.05,1673
2021-05-06 10:45:00+05:30,557.05,558.6,556.95,557.4,6015
2021-05-06 11:00:00+05:30,557.4,557.6,557.0,557.05,5737
2021-05-06 11:15:00+05:30,557.5,558.7,556.9,557.4,3757
2021-05-06 11:30:00+05:30,557.4,557.95,556.55,557.5,5143
2021-05-06 11:45:00+05:30,557.5,558.0,556.75,557.9,3839
2021-05-06 12:00:00+05:30,557.45,560.9,557.35,560.6,2576
2021-05-06 12:15:00+05:30,560.6,560.85,559.25,560.0,2476
2021-05-06 12:30:00+05:30,560.0,563.9,557.95,559.85,16043
2021-05-06 12:45:00+05:30,559.85,561.35,559.55,560.5,979
2021-05-06 13:00:00+05:30,560.5,560.8,558.15,560.8,1177
2021-05-06 13:15:00+05:30,560.8,561.95,560.15,561.6,949
2021-05-06 13:30:00+05:30,561.6,561.6,561.0,561.15,724
2021-05-06 13:45:00+05:30,561.15,561.5,558.0,558.55,2375
2021-05-06 14:00:00+05:30,558.55,558.55,557.0,558.0,811
2021-05-06 14:15:00+05:30,557.8,558.0,556.5,557.95,1313
2021-05-06 14:30:00+05:30,557.5,558.0,557.4,557.85,2125
2021-05-06 14:45:00+05:30,557.85,559.6,557.3,559.15,4519
2021-05-06 15:00:00+05:30,559.15,559.15,558.2,558.6,1475
2021-05-06 15:15:00+05:30,558.6,561.45,558.0,560.0,5636
2021-05-06 15:30:00+05:30,560.0,564.0,559.0,562.9,7888
2021-05-07 09:30:00+05:30,563.15,567.55,560.4,561.0,6370
2021-05-07 09:45:00+05:30,561.0,564.85,561.0,564.65,3708
2021-05-07 10:00:00+05:30,564.65,564.95,559.15,560.65,7545
2021-05-07 10:15:00+05:30,560.65,561.0,559.5,560.95,1781
2021-05-07 10:30:00+05:30,561.0,561.0,560.35,561.0,1833
2021-05-07 10:45:00+05:30,561.0,561.0,558.05,558.95,2587
2021-05-07 11:00:00+05:30,558.95,559.7,557.0,559.45,3506
2021-05-07 11:15:00+05:30,559.45,559.45,554.5,555.0,7518
2021-05-07 11:30:00+05:30,555.0,555.0,552.0,552.35,15846
2021-05-07 11:45:00+05:30,552.5,552.5,545.95,551.85,14380
2021-05-07 12:00:00+05:30,552.8,554.0,551.3,553.35,5037
2021-05-07 12:15:00+05:30,553.35,555.55,552.15,555.0,3091
2021-05-07 12:30:00+05:30,555.0,555.0,554.15,554.15,1016
2021-05-07 12:45:00+05:30,554.7,557.0,554.0,557.0,3522
2021-05-07 13:00:00+05:30,557.0,557.5,555.1,556.05,1721
2021-05-07 13:15:00+05:30,556.05,557.0,555.1,556.6,1069
2021-05-07 13:30:00+05:30,556.6,557.0,555.45,556.75,2248
2021-05-07 13:45:00+05:30,556.75,556.9,555.1,556.9,1040
2021-05-07 14:00:00+05:30,556.9,557.0,554.8,555.85,1241
2021-05-07 14:15:00+05:30,555.85,556.8,554.85,555.95,2440
2021-05-07 14:30:00+05:30,555.8,556.15,553.5,555.95,2171
2021-05-07 14:45:00+05:30,555.95,556.9,553.5,555.85,4170
2021-05-07 15:00:00+05:30,555.75,556.0,553.55,554.75,2745
2021-05-07 15:15:00+05:30,554.75,555.0,553.6,554.1,3998
2021-05-07 15:30:00+05:30,554.35,558.0,553.5,554.0,13025
2021-05-10 09:30:00+05:30,545.25,558.5,545.25,555.0,12491
2021-05-10 09:45:00+05:30,555.0,556.95,552.45,555.2,9536
2021-05-10 10:00:00+05:30,555.2,556.35,552.35,553.75,16871
2021-05-10 10:15:00+05:30,553.75,553.75,548.9,552.0,10362
2021-05-10 10:30:00+05:30,552.3,552.55,550.35,551.75,2214
2021-05-10 10:45:00+05:30,551.75,552.5,551.1,551.3,3332
2021-05-10 11:00:00+05:30,551.3,553.95,550.05,552.05,5186
2021-05-10 11:15:00+05:30,551.95,552.05,550.8,552.0,1238
2021-05-10 11:30:00+05:30,552.0,553.15,550.85,551.95,937
2021-05-10 11:45:00+05:30,551.95,552.2,551.4,551.85,1066
2021-05-10 12:00:00+05:30,551.85,552.6,550.05,550.05,1295
2021-05-10 12:15:00+05:30,550.65,552.05,548.4,550.35,7199
2021-05-10 12:30:00+05:30,550.35,550.75,549.5,550.1,764
2021-05-10 12:45:00+05:30,550.85,550.85,549.6,549.6,1259
2021-05-10 13:00:00+05:30,550.1,550.55,549.45,550.55,1271
2021-05-10 13:15:00+05:30,550.55,550.8,548.05,548.65,4598
2021-05-10 13:30:00+05:30,548.25,549.9,548.25,549.5,1217
2021-05-10 13:45:00+05:30,549.5,549.95,549.5,549.95,814
2021-05-10 14:00:00+05:30,549.95,549.95,549.3,549.5,1024
2021-05-10 14:15:00+05:30,549.5,550.0,548.5,549.95,3404
2021-05-10 14:30:00+05:30,549.95,549.95,549.05,549.7,961
2021-05-10 14:45:00+05:30,549.7,550.65,549.0,550.0,1948
2021-05-10 15:00:00+05:30,550.0,550.3,549.0,549.65,1598
2021-05-10 15:15:00+05:30,549.65,549.85,547.5,549.0,5769
2021-05-10 15:30:00+05:30,549.0,575.25,545.05,556.5,43707
2021-05-11 09:30:00+05:30,555.1,564.0,550.3,561.0,13167
2021-05-11 09:45:00+05:30,561.0,561.55,558.45,560.4,5541
2021-05-11 10:00:00+05:30,559.5,561.65,559.0,560.95,2310
2021-05-11 10:15:00+05:30,560.85,565.0,560.65,564.3,11692
2021-05-11 10:30:00+05:30,564.3,565.0,560.6,561.85,7151
2021-05-11 10:45:00+05:30,561.85,562.75,561.1,562.5,1188
2021-05-11 11:00:00+05:30,562.5,563.9,561.8,562.55,3160
2021-05-11 11:15:00+05:30,562.55,563.0,562.0,563.0,1739
2021-05-11 11:30:00+05:30,562.2,564.65,561.25,563.95,7284
2021-05-11 11:45:00+05:30,563.95,570.0,563.95,565.75,11134
2021-05-11 12:00:00+05:30,565.75,567.1,563.95,566.9,2638
2021-05-11 12:15:00+05:30,566.9,569.1,565.3,565.35,4909
2021-05-11 12:30:00+05:30,565.3,567.0,565.3,566.95,967
2021-05-11 12:45:00+05:30,566.95,566.95,565.0,565.85,2287
2021-05-11 13:00:00+05:30,565.85,565.85,563.0,563.25,2820
2021-05-11 13:15:00+05:30,563.25,566.0,561.95,564.5,9716
2021-05-11 13:30:00+05:30,564.5,565.65,562.25,563.4,1858
2021-05-11 13:45:00+05:30,563.4,565.0,563.35,564.95,617
2021-05-11 14:00:00+05:30,564.95,573.1,564.95,569.55,17329
2021-05-11 14:15:00+05:30,569.55,570.75,567.5,569.15,2502
2021-05-11 14:30:00+05:30,569.15,570.0,568.95,569.25,10659
2021-05-11 14:45:00+05:30,569.25,570.0,567.05,567.1,2742
2021-05-11 15:00:00+05:30,567.1,568.0,565.55,565.8,2511
2021-05-11 15:15:00+05:30,566.85,569.9,566.5,569.25,9969
2021-05-11 15:30:00+05:30,569.25,571.5,568.0,571.5,19277
2021-05-12 09:30:00+05:30,574.9,579.0,571.7,574.25,20508
2021-05-12 09:45:00+05:30,574.25,574.9,572.0,574.3,6084
2021-05-12 10:00:00+05:30,574.3,577.0,574.0,574.8,7307
2021-05-12 10:15:00+05:30,574.8,575.0,572.65,573.4,4982
2021-05-12 10:30:00+05:30,573.4,575.0,570.95,573.75,8227
2021-05-12 10:45:00+05:30,573.75,573.75,572.0,572.5,1426
2021-05-12 11:00:00+05:30,572.5,572.9,570.45,572.7,1343
2021-05-12 11:15:00+05:30,572.7,573.0,571.55,572.0,1829
2021-05-12 11:30:00+05:30,572.0,572.7,571.1,572.4,1346
2021-05-12 11:45:00+05:30,572.4,574.1,572.05,573.0,6570
2021-05-12 12:00:00+05:30,573.0,574.05,568.45,569.95,9779
2021-05-12 12:15:00+05:30,569.05,572.0,565.0,570.95,8243
2021-05-12 12:30:00+05:30,570.45,570.85,569.75,570.5,561
2021-05-12 12:45:00+05:30,570.05,571.4,570.05,571.4,944
2021-05-12 13:00:00+05:30,570.65,572.0,570.55,571.25,1844
2021-05-12 13:15:00+05:30,571.9,573.0,569.35,570.55,11888
2021-05-12 13:30:00+05:30,570.55,573.5,570.2,573.4,4315
2021-05-12 13:45:00+05:30,573.4,574.7,572.8,573.0,2471
2021-05-12 14:00:00+05:30,573.0,573.0,570.9,572.75,1229
2021-05-12 14:15:00+05:30,572.75,572.75,570.45,571.75,444
2021-05-12 14:30:00+05:30,572.0,573.0,571.25,572.95,2283
2021-05-12 14:45:00+05:30,572.95,574.0,571.0,571.6,3817
2021-05-12 15:00:00+05:30,571.05,571.9,568.4,571.2,7564
2021-05-12 15:15:00+05:30,571.2,572.2,570.5,571.1,9518
2021-05-12 15:30:00+05:30,571.1,572.8,564.9,567.5,18100
2021-05-14 09:30:00+05:30,570.3,574.95,564.55,566.6,9300
2021-05-14 09:45:00+05:30,567.15,567.15,555.55,558.65,30074
2021-05-14 10:00:00+05:30,558.95,561.95,557.55,560.9,8392
2021-05-14 10:15:00+05:30,560.9,560.95,559.05,560.7,6361
2021-05-14 10:30:00+05:30,560.0,563.8,559.75,561.45,11559
2021-05-14 10:45:00+05:30,561.45,562.25,560.75,562.25,2753
2021-05-14 11:00:00+05:30,562.25,563.4,552.0,554.25,37011
2021-05-14 11:15:00+05:30,554.85,555.95,553.05,554.5,3447
2021-05-14 11:30:00+05:30,554.5,555.0,553.1,554.95,4053
2021-05-14 11:45:00+05:30,554.95,555.0,550.95,552.0,6965
2021-05-14 12:00:00+05:30,552.0,552.75,550.2,551.0,5572
2021-05-14 12:15:00+05:30,550.5,552.4,550.1,552.0,2034
2021-05-14 12:30:00+05:30,551.55,554.25,551.55,553.6,6572
2021-05-14 12:45:00+05:30,553.6,554.0,552.85,554.0,1731
2021-05-14 13:00:00+05:30,554.0,554.45,553.0,553.6,1561
2021-05-14 13:15:00+05:30,553.5,554.25,553.15,553.9,4021
2021-05-14 13:30:00+05:30,553.05,553.55,551.25,552.5,4767
2021-05-14 13:45:00+05:30,553.35,553.7,551.5,551.5,2992
2021-05-14 14:00:00+05:30,551.5,554.25,551.0,551.6,7588
2021-05-14 14:15:00+05:30,551.6,553.0,550.9,552.95,3537
2021-05-14 14:30:00+05:30,553.05,553.85,550.75,551.0,6038
2021-05-14 14:45:00+05:30,550.95,551.9,545.55,550.6,39071
2021-05-14 15:00:00+05:30,550.6,551.0,548.05,548.7,7297
2021-05-14 15:15:00+05:30,548.7,548.9,545.1,546.2,19521
2021-05-14 15:30:00+05:30,546.15,547.85,545.0,546.5,23749
2021-05-17 09:30:00+05:30,548.85,553.8,548.0,549.2,11641
2021-05-17 09:45:00+05:30,549.2,550.0,538.2,543.85,35085
2021-05-17 10:00:00+05:30,543.85,548.0,543.0,548.0,8888
2021-05-17 10:15:00+05:30,548.0,551.5,548.0,550.3,4005
2021-05-17 10:30:00+05:30,551.0,551.6,548.0,549.15,2974
2021-05-17 10:45:00+05:30,549.15,549.15,545.2,545.2,3362
2021-05-17 11:00:00+05:30,545.0,548.2,543.0,543.4,9142
2021-05-17 11:15:00+05:30,543.4,546.3,543.0,545.9,3468
2021-05-17 11:30:00+05:30,545.85,546.2,543.5,544.65,3937
2021-05-17 11:45:00+05:30,544.65,545.0,540.45,541.15,9206
2021-05-17 12:00:00+05:30,541.15,543.5,540.1,541.6,7599
2021-05-17 12:15:00+05:30,541.6,541.7,537.1,538.95,21324
2021-05-17 12:30:00+05:30,538.95,542.45,538.45,541.55,10149
2021-05-17 12:45:00+05:30,541.55,541.85,541.0,541.6,4158
2021-05-17 13:00:00+05:30,541.95,542.65,541.0,541.75,4323
2021-05-17 13:15:00+05:30,541.75,542.45,541.05,541.35,3239
2021-05-17 13:30:00+05:30,541.35,541.65,541.0,541.5,2207
2021-05-17 13:45:00+05:30,541.5,541.7,538.0,538.0,7917
2021-05-17 14:00:00+05:30,538.0,541.7,538.0,541.7,4702
2021-05-17 14:15:00+05:30,541.7,543.2,540.65,540.8,9853
2021-05-17 14:30:00+05:30,541.55,542.0,540.0,540.3,6028
2021-05-17 14:45:00+05:30,540.3,540.9,539.1,540.9,7956
2021-05-17 15:00:00+05:30,540.9,540.9,539.1,540.05,5602
2021-05-17 15:15:00+05:30,540.05,542.65,540.05,542.65,18335
2021-05-17 15:30:00+05:30,542.65,550.05,541.7,546.5,26323
2021-05-18 09:30:00+05:30,545.1,554.8,545.1,551.4,16364
2021-05-18 09:45:00+05:30,551.4,554.0,550.0,553.45,8370
2021-05-18 10:00:00+05:30,553.45,554.85,548.45,548.45,13677
2021-05-18 10:15:00+05:30,548.45,549.9,547.6,548.55,4200
2021-05-18 10:30:00+05:30,548.85,549.95,547.25,548.6,2865
2021-05-18 10:45:00+05:30,548.6,548.7,546.75,546.95,2566
2021-05-18 11:00:00+05:30,546.95,547.65,546.65,547.15,2398
2021-05-18 11:15:00+05:30,547.15,548.45,546.6,548.4,2209
2021-05-18 11:30:00+05:30,548.4,550.0,547.1,548.35,6136
2021-05-18 11:45:00+05:30,548.3,549.0,546.75,547.25,4134
2021-05-18 12:00:00+05:30,547.25,550.0,547.25,549.05,8313
2021-05-18 12:15:00+05:30,549.05,555.4,549.05,555.0,19402
2021-05-18 12:30:00+05:30,555.0,567.0,555.0,564.4,67975
2021-05-18 12:45:00+05:30,564.4,564.4,558.0,559.45,19675
2021-05-18 13:00:00+05:30,559.45,560.0,558.0,559.35,6460
2021-05-18 13:15:00+05:30,559.0,559.2,556.0,556.0,5043
2021-05-18 13:30:00+05:30,556.0,556.4,554.9,555.55,4246
2021-05-18 13:45:00+05:30,555.55,556.15,553.0,554.15,4596
2021-05-18 14:00:00+05:30,553.8,556.7,553.3,554.25,5708
2021-05-18 14:15:00+05:30,553.7,560.4,553.7,560.0,9840
2021-05-18 14:30:00+05:30,560.0,560.25,555.65,556.5,2624
2021-05-18 14:45:00+05:30,555.55,559.95,554.1,556.85,7597
2021-05-18 15:00:00+05:30,556.85,558.7,555.7,557.4,2291
2021-05-18 15:15:00+05:30,557.4,558.95,554.6,555.7,5808
2021-05-18 15:30:00+05:30,555.45,557.0,554.1,556.0,16001
2021-05-19 09:30:00+05:30,561.6,561.6,553.25,556.35,17271
2021-05-19 09:45:00+05:30,556.25,556.75,551.6,551.6,11968
2021-05-19 10:00:00+05:30,551.9,554.5,551.3,554.3,2832
2021-05-19 10:15:00+05:30,554.25,565.05,553.5,561.3,21447
2021-05-19 10:30:00+05:30,561.35,563.0,560.0,561.0,7053
2021-05-19 10:45:00+05:30,561.0,561.35,558.4,559.1,8282
2021-05-19 11:00:00+05:30,559.1,560.25,559.0,559.9,3220
2021-05-19 11:15:00+05:30,559.9,559.9,555.0,557.3,28645
2021-05-19 11:30:00+05:30,557.3,565.0,554.0,565.0,26102
2021-05-19 11:45:00+05:30,565.0,570.5,563.4,566.25,32616
2021-05-19 12:00:00+05:30,566.25,567.15,563.1,563.55,5301
2021-05-19 12:15:00+05:30,563.55,564.0,561.8,562.6,7091
2021-05-19 12:30:00+05:30,562.6,563.55,561.3,561.4,3908
2021-05-19 12:45:00+05:30,561.4,561.95,559.35,559.75,8270
2021-05-19 13:00:00+05:30,559.75,559.8,555.9,558.8,8595
2021-05-19 13:15:00+05:30,558.35,558.95,555.55,556.0,5490
2021-05-19 13:30:00+05:30,556.0,558.7,556.0,557.1,2414
2021-05-19 13:45:00+05:30,557.05,557.35,552.0,554.85,14557
2021-05-19 14:00:00+05:30,554.8,556.85,553.5,555.45,2775
2021-05-19 14:15:00+05:30,555.45,558.45,555.45,556.35,3492
2021-05-19 14:30:00+05:30,556.35,557.8,556.15,556.55,3942
2021-05-19 14:45:00+05:30,556.55,557.2,555.55,556.55,4191
2021-05-19 15:00:00+05:30,556.55,557.6,555.7,557.0,5853
2021-05-19 15:15:00+05:30,557.0,559.35,556.5,558.4,6357
2021-05-19 15:30:00+05:30,558.4,563.5,556.55,560.0,16549
2021-05-20 09:30:00+05:30,555.5,564.45,555.5,561.0,8999
2021-05-20 09:45:00+05:30,561.0,574.75,560.65,572.0,63893
2021-05-20 10:00:00+05:30,572.05,598.7,572.0,597.8,392224
2021-05-20 10:15:00+05:30,597.2,602.2,591.85,594.05,380449
2021-05-20 10:30:00+05:30,594.05,598.55,591.0,593.8,126002
2021-05-20 10:45:00+05:30,594.4,594.5,587.3,591.15,117861
2021-05-20 11:00:00+05:30,591.15,597.2,591.15,595.65,114787
2021-05-20 11:15:00+05:30,595.65,596.25,592.65,594.2,44486
2021-05-20 11:30:00+05:30,594.7,595.9,592.2,594.0,44967
2021-05-20 11:45:00+05:30,594.0,595.9,593.3,594.8,22731
2021-05-20 12:00:00+05:30,594.8,595.5,592.5,592.5,23026
2021-05-20 12:15:00+05:30,592.5,593.65,590.25,593.0,37271
2021-05-20 12:30:00+05:30,593.0,593.65,591.0,591.6,19004
2021-05-20 12:45:00+05:30,591.6,592.05,591.0,592.0,9631
2021-05-20 13:00:00+05:30,592.0,594.0,591.4,593.35,31659
2021-05-20 13:15:00+05:30,593.35,595.5,592.7,593.1,24457
2021-05-20 13:30:00+05:30,593.1,594.0,592.2,593.0,21124
2021-05-20 13:45:00+05:30,593.0,594.85,591.5,594.45,34413
2021-05-20 14:00:00+05:30,594.7,596.0,593.6,595.45,40358
2021-05-20 14:15:00+05:30,595.45,595.45,591.05,592.9,38134
2021-05-20 14:30:00+05:30,592.5,592.95,591.15,592.2,26268
2021-05-20 14:45:00+05:30,592.25,594.0,591.2,593.05,37658
2021-05-20 15:00:00+05:30,593.05,594.0,592.0,593.8,34502
2021-05-20 15:15:00+05:30,593.8,598.55,593.25,597.7,142355
2021-05-20 15:30:00+05:30,597.5,606.9,597.2,603.0,240051
2021-05-21 09:30:00+05:30,609.0,620.0,606.1,615.45,272641
2021-05-21 09:45:00+05:30,615.45,618.0,611.1,613.95,106389
2021-05-21 10:00:00+05:30,613.5,616.95,612.15,612.85,32444
2021-05-21 10:15:00+05:30,612.95,613.8,608.65,612.25,45410
2021-05-21 10:30:00+05:30,612.0,612.0,605.0,608.1,47789
2021-05-21 10:45:00+05:30,608.3,609.2,606.1,607.15,15321
2021-05-21 11:00:00+05:30,607.4,607.85,602.5,604.5,28975
2021-05-21 11:15:00+05:30,604.5,605.75,603.0,605.0,13935
2021-05-21 11:30:00+05:30,605.0,608.7,605.0,606.0,21124
2021-05-21 11:45:00+05:30,606.0,606.1,603.5,604.8,7185
2021-05-21 12:00:00+05:30,604.75,605.75,603.5,603.95,9784
2021-05-21 12:15:00+05:30,603.95,604.5,600.05,601.95,20796
2021-05-21 12:30:00+05:30,601.95,601.95,592.4,593.5,50431
2021-05-21 12:45:00+05:30,593.5,597.25,592.4,596.0,28427
2021-05-21 13:00:00+05:30,596.0,596.0,593.1,593.25,15535
2021-05-21 13:15:00+05:30,593.25,593.95,588.55,589.05,22580
2021-05-21 13:30:00+05:30,588.95,590.0,584.0,588.15,51079
2021-05-21 13:45:00+05:30,588.15,593.75,588.15,591.25,25079
2021-05-21 14:00:00+05:30,590.95,591.65,587.5,589.9,18924
2021-05-21 14:15:00+05:30,589.9,591.1,588.2,590.05,19885
2021-05-21 14:30:00+05:30,590.05,593.55,589.45,590.05,20569
2021-05-21 14:45:00+05:30,590.05,592.5,590.05,590.5,12566
2021-05-21 15:00:00+05:30,590.5,592.9,590.0,590.65,22188
2021-05-21 15:15:00+05:30,590.15,591.7,589.2,589.5,29993
2021-05-21 15:30:00+05:30,589.9,591.95,585.0,591.0,62446
2021-05-24 09:30:00+05:30,597.0,597.65,592.85,594.0,39120
2021-05-24 09:45:00+05:30,594.65,596.0,591.6,592.35,24919
2021-05-24 10:00:00+05:30,592.35,595.5,591.4,592.75,11759
2021-05-24 10:15:00+05:30,593.0,593.85,583.9,587.25,35875
2021-05-24 10:30:00+05:30,587.7,587.7,584.65,586.6,12701
2021-05-24 10:45:00+05:30,586.6,589.3,582.2,583.6,25461
2021-05-24 11:00:00+05:30,583.6,585.0,582.0,582.55,14751
2021-05-24 11:15:00+05:30,582.55,587.85,580.25,586.4,26538
2021-05-24 11:30:00+05:30,586.0,587.45,580.0,582.55,21617
2021-05-24 11:45:00+05:30,582.55,583.0,581.4,583.0,4712
2021-05-24 12:00:00+05:30,583.0,583.45,582.95,583.45,2674
2021-05-24 12:15:00+05:30,583.45,583.45,582.3,583.1,2351
2021-05-24 12:30:00+05:30,583.1,583.95,582.0,583.95,3375
2021-05-24 12:45:00+05:30,583.5,585.25,582.05,584.0,5218
2021-05-24 13:00:00+05:30,584.0,585.25,582.9,582.9,5264
2021-05-24 13:15:00+05:30,583.5,584.5,581.0,584.3,7196
2021-05-24 13:30:00+05:30,583.5,584.2,582.75,583.5,2065
2021-05-24 13:45:00+05:30,583.5,586.3,583.4,585.9,4515
2021-05-24 14:00:00+05:30,585.9,586.0,583.55,584.65,11859
2021-05-24 14:15:00+05:30,584.65,587.85,583.0,586.3,9071
2021-05-24 14:30:00+05:30,586.3,586.85,586.0,586.45,1171
2021-05-24 14:45:00+05:30,586.45,586.65,583.75,584.8,5838
2021-05-24 15:00:00+05:30,584.8,587.45,583.25,584.0,9540
2021-05-24 15:15:00+05:30,584.3,586.0,583.4,586.0,7927
2021-05-24 15:30:00+05:30,584.55,589.0,584.55,585.25,28535
2021-05-25 09:30:00+05:30,586.2,596.55,586.2,592.1,35245
2021-05-25 09:45:00+05:30,592.0,593.2,589.45,592.3,15558
2021-05-25 10:00:00+05:30,593.0,594.5,591.8,592.5,18869
2021-05-25 10:15:00+05:30,592.5,592.5,585.0,588.95,26102
2021-05-25 10:30:00+05:30,588.75,590.0,587.7,589.2,9207
2021-05-25 10:45:00+05:30,589.15,589.65,586.45,586.9,12284
2021-05-25 11:00:00+05:30,587.75,590.3,586.9,588.1,13032
2021-05-25 11:15:00+05:30,588.1,588.95,586.75,588.95,12155
2021-05-25 11:30:00+05:30,588.65,588.65,586.45,588.0,5811
2021-05-25 11:45:00+05:30,588.0,588.35,586.45,586.45,4902
2021-05-25 12:00:00+05:30,586.45,587.7,585.8,585.8,8065
2021-05-25 12:15:00+05:30,585.8,588.95,585.8,588.0,12531
2021-05-25 12:30:00+05:30,588.0,589.4,586.1,586.1,11276
2021-05-25 12:45:00+05:30,586.1,589.9,586.0,587.25,6553
2021-05-25 13:00:00+05:30,587.25,588.0,586.5,587.05,3433
2021-05-25 13:15:00+05:30,587.05,588.45,587.0,587.0,3686
2021-05-25 13:30:00+05:30,587.0,587.35,585.7,586.6,7685
2021-05-25 13:45:00+05:30,586.6,588.0,586.05,586.7,4336
2021-05-25 14:00:00+05:30,586.7,587.2,585.2,587.2,5962
2021-05-25 14:15:00+05:30,587.2,588.0,585.8,585.9,2474
2021-05-25 14:30:00+05:30,585.9,587.45,585.45,586.9,3863
2021-05-25 14:45:00+05:30,586.9,587.5,585.95,585.95,6931
2021-05-25 15:00:00+05:30,585.95,586.85,585.95,586.7,4190
2021-05-25 15:15:00+05:30,586.7,587.15,585.3,585.85,13970
2021-05-25 15:30:00+05:30,585.85,587.8,585.15,587.8,21677
2021-05-26 09:30:00+05:30,588.8,591.05,581.05,583.65,16539
2021-05-26 09:45:00+05:30,583.85,583.95,580.4,581.2,15346
2021-05-26 10:00:00+05:30,581.2,581.75,577.25,579.9,21873
2021-05-26 10:15:00+05:30,579.9,580.85,579.0,579.0,10940
2021-05-26 10:30:00+05:30,579.0,580.25,577.25,578.25,12928
2021-05-26 10:45:00+05:30,578.25,581.45,575.55,580.6,25083
2021-05-26 11:00:00+05:30,580.6,584.95,580.6,583.85,16798
2021-05-26 11:15:00+05:30,583.85,587.9,583.0,585.5,21780
2021-05-26 11:30:00+05:30,585.5,589.55,585.35,588.5,35355
2021-05-26 11:45:00+05:30,588.5,588.5,585.3,586.45,6665
2021-05-26 12:00:00+05:30,586.4,587.55,584.65,586.3,7222
2021-05-26 12:15:00+05:30,586.2,587.85,583.0,584.65,12669
2021-05-26 12:30:00+05:30,584.65,586.25,583.0,584.0,11002
2021-05-26 12:45:00+05:30,584.0,585.5,583.25,584.0,4993
2021-05-26 13:00:00+05:30,583.1,585.0,583.0,584.05,8108
2021-05-26 13:15:00+05:30,584.0,587.8,583.1,585.6,16859
2021-05-26 13:30:00+05:30,585.6,587.65,584.85,585.45,13837
2021-05-26 13:45:00+05:30,585.45,585.9,583.4,585.0,10936
2021-05-26 14:00:00+05:30,584.65,585.8,584.3,585.25,3145
2021-05-26 14:15:00+05:30,584.9,585.0,584.15,584.65,1627
2021-05-26 14:30:00+05:30,584.2,585.15,583.0,584.85,7658
2021-05-26 14:45:00+05:30,584.85,585.95,584.15,584.6,2417
2021-05-26 15:00:00+05:30,585.3,586.45,584.5,585.55,8453
2021-05-26 15:15:00+05:30,585.55,587.35,584.75,585.15,12077
2021-05-26 15:30:00+05:30,586.15,591.3,586.1,591.0,35481
2021-05-27 09:30:00+05:30,599.0,599.0,591.3,594.65,51515
2021-05-27 09:45:00+05:30,594.7,597.6,594.0,597.0,21576
2021-05-27 10:00:00+05:30,597.0,597.55,594.95,595.55,12267
2021-05-27 10:15:00+05:30,595.55,598.0,593.7,596.15,20582
2021-05-27 10:30:00+05:30,596.75,598.75,595.3,597.8,7952
2021-05-27 10:45:00+05:30,597.75,598.8,594.7,596.4,11507
2021-05-27 11:00:00+05:30,596.65,604.1,595.9,601.7,52662
2021-05-27 11:15:00+05:30,601.05,607.95,601.0,606.75,48690
2021-05-27 11:30:00+05:30,605.85,607.05,600.0,602.85,25814
2021-05-27 11:45:00+05:30,602.65,606.0,602.45,604.85,28315
2021-05-27 12:00:00+05:30,604.85,605.8,603.4,605.8,15172
2021-05-27 12:15:00+05:30,605.8,607.45,605.0,606.55,28062
2021-05-27 12:30:00+05:30,606.55,607.2,602.5,604.85,30849
2021-05-27 12:45:00+05:30,604.85,606.8,604.5,605.2,14557
2021-05-27 13:00:00+05:30,605.6,606.5,604.85,605.15,16567
2021-05-27 13:15:00+05:30,606.0,614.0,605.4,610.25,103593
2021-05-27 13:30:00+05:30,610.25,615.0,609.0,613.9,83335
2021-05-27 13:45:00+05:30,613.9,613.9,609.2,610.3,30330
2021-05-27 14:00:00+05:30,610.3,613.5,610.2,613.35,34276
2021-05-27 14:15:00+05:30,612.95,614.6,612.1,613.45,36029
2021-05-27 14:30:00+05:30,613.4,618.0,612.3,618.0,62535
2021-05-27 14:45:00+05:30,618.0,620.0,615.25,618.7,121553
2021-05-27 15:00:00+05:30,619.0,619.75,613.3,614.5,76163
2021-05-27 15:15:00+05:30,614.5,625.0,614.25,623.2,149187
2021-05-27 15:30:00+05:30,623.5,639.1,623.2,635.6,182245
2021-05-28 09:30:00+05:30,643.0,643.0,616.0,619.55,179267
2021-05-28 09:45:00+05:30,619.55,623.95,611.0,620.85,90864
2021-05-28 10:00:00+05:30,620.25,624.1,616.1,619.0,48650
2021-05-28 10:15:00+05:30,619.55,619.7,615.1,615.75,21639
2021-05-28 10:30:00+05:30,615.75,618.35,615.0,618.25,24987
2021-05-28 10:45:00+05:30,618.25,619.7,617.0,617.05,12603
2021-05-28 11:00:00+05:30,617.05,617.6,612.1,613.25,28093
2021-05-28 11:15:00+05:30,614.0,615.55,613.25,614.1,12044
2021-05-28 11:30:00+05:30,614.1,615.35,612.0,614.75,19147
2021-05-28 11:45:00+05:30,614.75,614.9,612.8,613.95,11206
2021-05-28 12:00:00+05:30,613.95,617.15,613.0,615.9,17203
2021-05-28 12:15:00+05:30,615.85,617.0,614.45,616.1,10389
2021-05-28 12:30:00+05:30,616.1,616.9,614.2,615.1,7693
2021-05-28 12:45:00+05:30,615.1,616.1,613.3,613.3,9115
2021-05-28 13:00:00+05:30,613.3,616.0,613.0,616.0,7405
2021-05-28 13:15:00+05:30,615.6,616.65,615.05,615.95,7054
2021-05-28 13:30:00+05:30,615.95,616.4,613.25,614.0,8982
2021-05-28 13:45:00+05:30,614.0,615.0,613.65,614.1,2971
2021-05-28 14:00:00+05:30,614.1,615.05,614.0,614.5,8720
2021-05-28 14:15:00+05:30,614.5,615.55,613.5,615.0,18881
2021-05-28 14:30:00+05:30,615.0,615.0,607.15,609.0,42019
2021-05-28 14:45:00+05:30,609.5,610.0,608.5,609.0,15516
2021-05-28 15:00:00+05:30,609.0,613.6,608.6,613.0,15552
2021-05-28 15:15:00+05:30,613.0,615.1,609.35,613.75,35029
2021-05-28 15:30:00+05:30,613.75,615.0,605.05,613.0,95154
2021-05-31 09:30:00+05:30,611.6,617.7,610.5,610.5,38769
2021-05-31 09:45:00+05:30,610.5,619.15,610.05,619.0,21430
2021-05-31 10:00:00+05:30,619.5,621.9,617.1,621.9,30369
2021-05-31 10:15:00+05:30,621.95,629.5,621.15,627.7,55539
2021-05-31 10:30:00+05:30,628.25,628.25,624.0,625.55,34774
2021-05-31 10:45:00+05:30,626.15,627.25,623.1,624.9,18329
2021-05-31 11:00:00+05:30,624.5,626.95,623.1,625.5,13598
2021-05-31 11:15:00+05:30,625.5,629.0,625.5,629.0,20104
2021-05-31 11:30:00+05:30,629.0,631.65,623.0,625.85,52931
2021-05-31 11:45:00+05:30,625.85,626.35,624.35,625.45,12842
2021-05-31 12:00:00+05:30,625.45,626.8,624.0,624.65,8206
2021-05-31 12:15:00+05:30,624.25,625.7,623.1,624.0,12403
2021-05-31 12:30:00+05:30,624.0,625.8,623.7,623.75,6956
2021-05-31 12:45:00+05:30,623.75,625.45,623.0,624.15,10032
2021-05-31 13:00:00+05:30,624.15,624.45,623.05,623.05,3235
2021-05-31 13:15:00+05:30,623.05,623.05,618.05,620.1,19740
2021-05-31 13:30:00+05:30,620.1,620.85,615.0,620.0,20723
2021-05-31 13:45:00+05:30,620.0,620.95,618.5,618.7,9836
2021-05-31 14:00:00+05:30,618.7,619.45,610.5,612.15,22222
2021-05-31 14:15:00+05:30,612.15,617.4,612.15,613.45,9464
2021-05-31 14:30:00+05:30,613.45,617.35,612.8,616.0,8085
2021-05-31 14:45:00+05:30,616.0,616.3,613.5,614.8,8417
2021-05-31 15:00:00+05:30,614.8,614.8,611.05,612.65,15259
2021-05-31 15:15:00+05:30,612.65,612.85,608.0,610.2,28699
2021-05-31 15:30:00+05:30,610.2,611.8,609.25,610.35,44560
2021-06-01 09:30:00+05:30,616.0,626.0,616.0,618.0,63371
2021-06-01 09:45:00+05:30,618.25,629.15,617.25,628.35,173208
2021-06-01 10:00:00+05:30,628.35,634.0,625.35,630.7,253538
2021-06-01 10:15:00+05:30,630.7,630.85,623.4,626.9,95541
2021-06-01 10:30:00+05:30,626.9,627.0,625.0,626.45,37558
2021-06-01 10:45:00+05:30,626.45,627.35,624.0,626.1,26488
2021-06-01 11:00:00+05:30,625.75,626.9,624.05,625.25,20184
2021-06-01 11:15:00+05:30,625.3,626.6,620.0,621.4,23894
2021-06-01 11:30:00+05:30,621.4,623.9,615.5,621.65,87410
2021-06-01 11:45:00+05:30,621.3,624.0,619.0,620.55,19350
2021-06-01 12:00:00+05:30,620.55,623.8,618.0,622.0,13947
2021-06-01 12:15:00+05:30,622.8,626.7,620.8,624.8,29738
2021-06-01 12:30:00+05:30,624.5,628.85,623.0,623.8,39540
2021-06-01 12:45:00+05:30,623.8,627.8,623.65,626.0,28337
2021-06-01 13:00:00+05:30,626.0,626.75,624.95,625.95,16567
2021-06-01 13:15:00+05:30,625.95,625.95,624.1,624.85,8474
2021-06-01 13:30:00+05:30,624.85,626.25,624.55,625.3,10815
2021-06-01 13:45:00+05:30,625.3,626.2,624.5,625.05,10478
2021-06-01 14:00:00+05:30,625.35,626.1,624.55,625.45,11212
2021-06-01 14:15:00+05:30,625.0,625.0,622.0,624.0,24438
2021-06-01 14:30:00+05:30,624.0,631.95,616.8,617.7,832536
2021-06-01 14:45:00+05:30,617.9,619.8,607.0,608.9,414436
2021-06-01 15:00:00+05:30,608.95,618.7,608.6,615.2,274495
2021-06-01 15:15:00+05:30,615.2,618.7,614.05,615.0,105324
2021-06-01 15:30:00+05:30,615.05,619.5,614.6,616.85,165445
2021-06-02 09:30:00+05:30,616.0,623.5,609.15,616.4,120047
2021-06-02 09:45:00+05:30,616.4,622.9,615.2,619.0,45103
2021-06-02 10:00:00+05:30,619.0,622.1,616.5,622.1,27226
2021-06-02 10:15:00+05:30,622.0,628.0,621.5,625.55,80940
2021-06-02 10:30:00+05:30,626.35,626.35,618.25,621.7,56752
2021-06-02 10:45:00+05:30,621.05,622.35,619.4,619.9,8967
2021-06-02 11:00:00+05:30,619.9,619.9,618.05,618.7,9223
2021-06-02 11:15:00+05:30,618.7,619.9,618.5,619.85,3077
2021-06-02 11:30:00+05:30,619.85,621.7,619.2,620.5,5267
2021-06-02 11:45:00+05:30,620.5,620.8,615.2,619.2,33696
2021-06-02 12:00:00+05:30,619.2,620.5,617.4,618.8,5674
2021-06-02 12:15:00+05:30,618.8,620.2,617.5,619.65,6808
2021-06-02 12:30:00+05:30,619.65,621.65,619.25,620.0,3268
2021-06-02 12:45:00+05:30,620.0,620.75,618.35,619.55,3880
2021-06-02 13:00:00+05:30,619.55,621.3,619.5,619.9,13024
2021-06-02 13:15:00+05:30,619.9,621.3,619.0,621.2,12659
2021-06-02 13:30:00+05:30,621.5,624.5,621.15,622.9,32333
2021-06-02 13:45:00+05:30,622.9,623.2,621.0,621.0,5164
2021-06-02 14:00:00+05:30,621.0,622.0,621.0,621.1,3306
2021-06-02 14:15:00+05:30,621.1,621.5,619.15,620.85,4554
2021-06-02 14:30:00+05:30,620.85,623.0,617.0,622.0,55756
2021-06-02 14:45:00+05:30,622.0,626.0,620.9,623.85,27525
2021-06-02 15:00:00+05:30,625.1,627.0,624.0,624.0,32078
2021-06-02 15:15:00+05:30,624.0,629.85,624.0,629.2,75511
2021-06-02 15:30:00+05:30,629.6,630.0,624.95,627.0,60406
2021-06-03 09:30:00+05:30,632.5,636.95,627.0,631.0,78111
2021-06-03 09:45:00+05:30,632.15,641.0,632.05,639.65,116885
2021-06-03 10:00:00+05:30,640.8,645.75,637.55,641.75,125580
2021-06-03 10:15:00+05:30,641.85,658.35,641.65,653.15,319403
2021-06-03 10:30:00+05:30,653.85,654.8,648.05,648.75,77790
2021-06-03 10:45:00+05:30,648.75,653.65,646.4,650.6,62864
2021-06-03 11:00:00+05:30,650.65,652.0,648.0,651.0,31299
2021-06-03 11:15:00+05:30,651.0,654.0,651.0,652.9,30927
2021-06-03 11:30:00+05:30,652.9,656.2,652.65,654.0,67547
2021-06-03 11:45:00+05:30,654.0,655.5,652.6,654.2,21361
2021-06-03 12:00:00+05:30,654.1,654.65,651.0,651.85,29707
2021-06-03 12:15:00+05:30,651.85,653.5,650.3,651.4,21435
2021-06-03 12:30:00+05:30,651.4,652.8,651.0,651.8,8421
2021-06-03 12:45:00+05:30,652.0,653.95,651.65,653.6,32367
2021-06-03 13:00:00+05:30,653.6,653.6,649.4,651.85,25194
2021-06-03 13:15:00+05:30,651.85,652.9,649.0,652.45,25533
2021-06-03 13:30:00+05:30,651.85,653.0,650.75,652.3,11365
2021-06-03 13:45:00+05:30,652.3,655.0,652.3,654.8,56541
2021-06-03 14:00:00+05:30,654.8,654.8,651.0,651.0,20068
2021-06-03 14:15:00+05:30,651.0,656.0,651.0,653.8,30161
2021-06-03 14:30:00+05:30,653.8,666.95,652.6,663.4,207159
2021-06-03 14:45:00+05:30,663.1,663.45,651.1,652.0,118470
2021-06-03 15:00:00+05:30,652.0,652.65,646.65,650.75,106401
2021-06-03 15:15:00+05:30,650.55,651.5,646.0,646.7,78341
2021-06-03 15:30:00+05:30,646.7,647.0,640.0,645.25,109550
2021-06-04 09:30:00+05:30,649.0,657.3,646.55,651.1,90749
2021-06-04 09:45:00+05:30,650.55,651.3,647.9,648.65,37732
2021-06-04 10:00:00+05:30,648.9,650.0,647.0,649.5,23068
2021-06-04 10:15:00+05:30,649.5,654.25,649.1,654.2,25827
2021-06-04 10:30:00+05:30,654.0,655.45,651.05,654.0,78644
2021-06-04 10:45:00+05:30,654.0,655.0,650.9,652.7,34748
2021-06-04 11:00:00+05:30,652.7,654.3,651.45,653.2,27134
2021-06-04 11:15:00+05:30,653.2,653.85,652.0,652.95,18690
2021-06-04 11:30:00+05:30,652.0,663.8,652.0,654.9,152208
2021-06-04 11:45:00+05:30,655.0,659.95,653.45,656.0,171858
2021-06-04 12:00:00+05:30,656.0,658.7,654.9,656.95,101262
2021-06-04 12:15:00+05:30,656.7,658.7,655.6,658.55,45842
2021-06-04 12:30:00+05:30,657.8,658.85,657.05,658.0,15256
2021-06-04 12:45:00+05:30,658.0,658.2,656.2,657.9,35547
2021-06-04 13:00:00+05:30,657.9,657.95,656.25,657.3,19541
2021-06-04 13:15:00+05:30,657.3,658.0,656.25,656.3,14158
2021-06-04 13:30:00+05:30,656.3,656.9,653.2,653.2,30982
2021-06-04 13:45:00+05:30,653.55,656.9,653.5,655.45,29534
2021-06-04 14:00:00+05:30,655.45,656.45,654.0,654.95,12851
2021-06-04 14:15:00+05:30,654.95,656.5,654.2,654.4,11418
2021-06-04 14:30:00+05:30,654.4,656.55,654.15,656.0,19372
2021-06-04 14:45:00+05:30,655.8,656.55,655.0,655.9,19093
2021-06-04 15:00:00+05:30,655.9,655.9,650.9,650.95,45794
2021-06-04 15:15:00+05:30,651.0,653.8,647.0,647.7,66190
2021-06-04 15:30:00+05:30,647.7,651.85,642.2,648.0,80828
2021-06-07 09:30:00+05:30,652.1,663.0,651.5,658.95,97159
2021-06-07 09:45:00+05:30,658.95,661.0,655.7,655.7,40110
2021-06-07 10:00:00+05:30,656.0,659.9,655.0,659.9,13629
2021-06-07 10:15:00+05:30,659.9,680.4,658.9,674.6,255006
2021-06-07 10:30:00+05:30,674.55,695.0,673.65,692.65,292814
2021-06-07 10:45:00+05:30,692.55,702.95,692.0,695.05,298358
2021-06-07 11:00:00+05:30,695.05,699.8,694.4,698.3,117219
2021-06-07 11:15:00+05:30,699.0,704.95,696.6,704.0,119214
2021-06-07 11:30:00+05:30,704.6,742.3,704.6,737.55,974713
2021-06-07 11:45:00+05:30,737.5,739.0,721.7,727.5,359679
2021-06-07 12:00:00+05:30,727.5,733.4,724.0,726.45,156524
2021-06-07 12:15:00+05:30,726.8,727.0,721.1,723.45,113546
2021-06-07 12:30:00+05:30,723.45,724.0,714.3,714.55,116373
2021-06-07 12:45:00+05:30,714.5,719.9,708.5,710.7,195033
2021-06-07 13:00:00+05:30,711.5,714.15,705.5,706.65,113756
2021-06-07 13:15:00+05:30,707.0,715.0,705.3,709.45,130068
2021-06-07 13:30:00+05:30,709.45,714.8,707.0,708.5,83513
2021-06-07 13:45:00+05:30,708.5,709.5,702.45,705.0,107599
2021-06-07 14:00:00+05:30,705.0,707.15,703.05,704.5,53359
2021-06-07 14:15:00+05:30,704.5,712.3,703.8,709.15,101972
2021-06-07 14:30:00+05:30,709.15,709.65,705.0,705.25,45712
2021-06-07 14:45:00+05:30,705.25,707.0,702.2,702.2,43697
2021-06-07 15:00:00+05:30,701.35,708.7,696.7,707.0,134516
2021-06-07 15:15:00+05:30,706.55,711.5,702.7,702.75,158930
2021-06-07 15:30:00+05:30,703.8,706.1,698.35,704.45,161494
2021-06-08 09:30:00+05:30,708.5,714.9,695.15,696.95,177561
2021-06-08 09:45:00+05:30,696.15,700.0,690.05,691.1,150003
2021-06-08 10:00:00+05:30,691.25,696.0,688.0,694.4,48456
2021-06-08 10:15:00+05:30,694.4,696.5,689.45,696.3,127129
2021-06-08 10:30:00+05:30,696.3,697.5,692.45,694.5,15523
2021-06-08 10:45:00+05:30,694.55,695.1,692.2,694.35,53422
2021-06-08 11:00:00+05:30,694.2,695.0,693.15,694.95,8031
2021-06-08 11:15:00+05:30,694.95,695.6,692.0,694.9,20319
2021-06-08 11:30:00+05:30,694.9,696.5,693.9,696.45,9670
2021-06-08 11:45:00+05:30,696.2,710.45,696.2,705.55,89466
2021-06-08 12:00:00+05:30,705.5,717.4,703.4,710.0,159224
2021-06-08 12:15:00+05:30,710.0,714.05,704.2,710.65,111376
2021-06-08 12:30:00+05:30,710.1,712.2,708.2,710.0,29993
2021-06-08 12:45:00+05:30,709.95,712.25,708.2,709.95,23612
2021-06-08 13:00:00+05:30,709.95,711.25,709.0,709.6,15233
2021-06-08 13:15:00+05:30,709.6,712.2,709.6,711.4,18159
2021-06-08 13:30:00+05:30,711.0,711.8,708.0,709.35,16087
2021-06-08 13:45:00+05:30,709.35,715.8,709.15,711.6,54111
2021-06-08 14:00:00+05:30,711.6,716.45,710.0,711.0,46106
2021-06-08 14:15:00+05:30,711.0,711.45,706.25,709.9,31160
2021-06-08 14:30:00+05:30,709.9,710.0,708.0,710.0,13659
2021-06-08 14:45:00+05:30,709.7,710.0,708.0,709.2,12960
2021-06-08 15:00:00+05:30,709.05,709.95,705.0,705.05,18246
2021-06-08 15:15:00+05:30,705.05,710.0,705.05,709.55,39383
2021-06-08 15:30:00+05:30,709.5,710.5,707.2,708.0,81098
2021-06-09 09:30:00+05:30,709.0,711.95,700.0,710.2,45741
2021-06-09 09:45:00+05:30,709.5,712.7,705.5,706.65,39817
2021-06-09 10:00:00+05:30,706.7,707.6,703.0,704.55,23415
2021-06-09 10:15:00+05:30,704.55,709.0,704.55,706.35,12284
2021-06-09 10:30:00+05:30,706.35,706.6,705.05,705.85,6049
2021-06-09 10:45:00+05:30,705.95,705.95,703.0,704.5,11719
2021-06-09 11:00:00+05:30,704.5,707.0,703.0,705.55,11132
2021-06-09 11:15:00+05:30,705.55,706.0,703.6,704.9,9237
2021-06-09 11:30:00+05:30,704.9,705.0,702.2,705.0,10329
2021-06-09 11:45:00+05:30,705.0,705.45,703.6,704.65,3881
2021-06-09 12:00:00+05:30,704.45,705.4,703.5,705.4,3165
2021-06-09 12:15:00+05:30,705.4,705.4,702.5,703.6,5916
2021-06-09 12:30:00+05:30,703.6,705.85,703.15,704.55,6309
2021-06-09 12:45:00+05:30,704.4,704.8,703.2,704.0,4618
2021-06-09 13:00:00+05:30,704.0,705.2,703.2,704.0,7220
2021-06-09 13:15:00+05:30,704.0,704.0,695.9,696.6,26102
2021-06-09 13:30:00+05:30,697.7,698.6,690.8,697.5,43181
2021-06-09 13:45:00+05:30,696.75,697.0,693.0,697.0,16120
2021-06-09 14:00:00+05:30,696.6,697.95,693.1,694.25,11821
2021-06-09 14:15:00+05:30,694.2,695.0,679.05,683.75,61370
2021-06-09 14:30:00+05:30,684.7,689.5,674.65,680.0,65137
2021-06-09 14:45:00+05:30,680.65,685.0,676.95,676.95,39314
2021-06-09 15:00:00+05:30,673.95,682.0,673.05,677.25,42595
2021-06-09 15:15:00+05:30,677.25,682.3,677.0,682.3,48620
2021-06-09 15:30:00+05:30,682.0,689.9,680.1,689.9,59908
2021-06-10 09:30:00+05:30,689.9,707.7,689.9,706.05,125251
2021-06-10 09:45:00+05:30,706.2,712.7,702.05,706.55,106031
2021-06-10 10:00:00+05:30,706.55,708.6,704.25,705.55,19676
2021-06-10 10:15:00+05:30,705.55,710.1,704.2,706.95,35971
2021-06-10 10:30:00+05:30,706.95,710.0,705.6,709.95,8384
2021-06-10 10:45:00+05:30,710.4,711.0,707.25,708.45,13900
2021-06-10 11:00:00+05:30,708.45,708.45,705.05,706.45,9024
2021-06-10 11:15:00+05:30,707.0,708.65,706.55,708.65,19892
2021-06-10 11:30:00+05:30,708.0,711.0,708.0,710.05,28715
2021-06-10 11:45:00+05:30,710.5,711.95,710.0,710.5,27109
2021-06-10 12:00:00+05:30,710.35,710.95,709.3,710.3,7643
2021-06-10 12:15:00+05:30,710.3,710.9,708.25,708.75,10580
2021-06-10 12:30:00+05:30,708.75,709.75,708.3,708.9,7816
2021-06-10 12:45:00+05:30,708.9,710.0,708.45,709.3,23560
2021-06-10 13:00:00+05:30,709.3,710.0,708.3,709.05,8594
2021-06-10 13:15:00+05:30,709.05,709.9,708.95,709.9,7243
2021-06-10 13:30:00+05:30,709.9,716.45,709.2,713.55,43142
2021-06-10 13:45:00+05:30,714.35,714.75,709.05,711.3,28821
2021-06-10 14:00:00+05:30,711.3,711.5,710.0,710.0,7619
2021-06-10 14:15:00+05:30,710.25,710.5,708.95,710.3,11968
2021-06-10 14:30:00+05:30,710.0,714.4,709.85,711.95,16012
2021-06-10 14:45:00+05:30,711.95,711.95,708.55,709.5,14764
2021-06-10 15:00:00+05:30,709.2,711.35,709.2,710.55,16945
2021-06-10 15:15:00+05:30,710.0,714.0,710.0,713.9,33209
2021-06-10 15:30:00+05:30,713.95,714.5,710.0,710.8,70593
2021-06-11 09:30:00+05:30,712.1,717.9,712.1,716.0,54747
2021-06-11 09:45:00+05:30,716.0,718.0,709.0,710.65,43700
2021-06-11 10:00:00+05:30,710.7,714.1,710.05,711.8,17920
2021-06-11 10:15:00+05:30,712.8,712.8,709.85,710.9,15263
2021-06-11 10:30:00+05:30,710.9,710.9,709.75,710.85,10162
2021-06-11 10:45:00+05:30,710.85,712.7,710.25,710.5,6476
2021-06-11 11:00:00+05:30,710.65,712.3,710.25,711.8,8455
2021-06-11 11:15:00+05:30,711.8,711.8,710.1,710.15,6015
2021-06-11 11:30:00+05:30,710.15,710.85,710.0,710.55,6688
2021-06-11 11:45:00+05:30,710.55,711.4,709.95,710.75,10362
2021-06-11 12:00:00+05:30,710.1,710.6,709.55,710.0,2881
2021-06-11 12:15:00+05:30,710.0,711.0,709.45,710.0,6213
2021-06-11 12:30:00+05:30,710.0,710.4,708.65,709.35,5997
2021-06-11 12:45:00+05:30,709.35,711.4,708.75,711.4,8710
2021-06-11 13:00:00+05:30,711.4,711.55,710.15,710.3,4745
2021-06-11 13:15:00+05:30,710.3,710.8,709.1,710.7,18512
2021-06-11 13:30:00+05:30,710.7,711.65,710.05,711.65,2464
2021-06-11 13:45:00+05:30,711.65,711.95,710.5,711.95,3548
2021-06-11 14:00:00+05:30,711.95,711.95,710.0,710.55,4035
2021-06-11 14:15:00+05:30,710.55,711.5,709.9,710.2,35398
2021-06-11 14:30:00+05:30,710.2,714.0,710.2,713.5,8223
2021-06-11 14:45:00+05:30,713.65,713.9,710.0,710.0,9602
2021-06-11 15:00:00+05:30,710.5,711.1,710.0,710.75,7119
2021-06-11 15:15:00+05:30,709.95,712.9,707.25,710.95,38237
2021-06-11 15:30:00+05:30,710.95,713.5,710.0,711.05,30460
2021-06-14 09:30:00+05:30,710.9,712.0,706.1,709.8,39343
2021-06-14 09:45:00+05:30,709.0,731.95,701.95,729.7,127526
2021-06-14 10:00:00+05:30,728.7,728.7,722.6,726.0,85462
2021-06-14 10:15:00+05:30,726.5,727.5,720.9,724.55,39506
2021-06-14 10:30:00+05:30,725.0,725.65,723.0,725.0,14261
2021-06-14 10:45:00+05:30,725.0,726.6,724.0,724.55,16407
2021-06-14 11:00:00+05:30,724.55,726.0,720.75,722.45,17317
2021-06-14 11:15:00+05:30,722.45,724.35,717.4,719.0,29729
2021-06-14 11:30:00+05:30,719.0,720.95,717.55,719.65,8113
2021-06-14 11:45:00+05:30,719.65,720.5,718.5,720.0,5708
2021-06-14 12:00:00+05:30,720.0,720.0,718.2,718.95,3325
2021-06-14 12:15:00+05:30,718.95,718.95,716.15,716.15,6265
2021-06-14 12:30:00+05:30,716.0,716.0,710.05,713.15,27805
2021-06-14 12:45:00+05:30,712.8,714.95,710.0,714.9,26453
2021-06-14 13:00:00+05:30,714.9,714.9,712.45,712.9,6644
2021-06-14 13:15:00+05:30,712.9,713.35,710.1,712.6,5228
2021-06-14 13:30:00+05:30,712.6,714.95,711.9,714.25,10637
2021-06-14 13:45:00+05:30,714.25,714.9,713.6,713.95,4223
2021-06-14 14:00:00+05:30,713.95,714.95,713.25,714.05,3320
2021-06-14 14:15:00+05:30,714.65,714.95,713.3,713.3,17876
2021-06-14 14:30:00+05:30,713.3,714.65,711.25,713.95,9402
2021-06-14 14:45:00+05:30,714.7,714.7,712.3,714.45,5448
2021-06-14 15:00:00+05:30,714.45,714.45,710.0,710.85,19377
2021-06-14 15:15:00+05:30,710.55,712.4,710.0,711.6,15495
2021-06-14 15:30:00+05:30,712.0,714.9,711.1,711.5,42692
2021-06-15 09:30:00+05:30,706.5,718.3,706.5,713.3,37654
2021-06-15 09:45:00+05:30,713.1,713.85,710.0,712.15,16769
2021-06-15 10:00:00+05:30,712.3,715.1,710.2,712.4,14113
2021-06-15 10:15:00+05:30,712.4,715.15,711.0,712.1,25788
2021-06-15 10:30:00+05:30,712.0,714.8,712.0,714.0,67727
2021-06-15 10:45:00+05:30,714.5,717.25,714.0,715.1,65351
2021-06-15 11:00:00+05:30,715.1,719.2,715.0,717.8,70138
2021-06-15 11:15:00+05:30,718.0,723.0,717.4,721.25,32685
2021-06-15 11:30:00+05:30,721.1,722.95,716.1,716.25,15465
2021-06-15 11:45:00+05:30,716.25,721.75,715.55,720.0,8620
2021-06-15 12:00:00+05:30,720.1,721.35,719.65,720.0,5238
2021-06-15 12:15:00+05:30,720.0,721.5,719.85,720.05,3985
2021-06-15 12:30:00+05:30,720.05,721.45,719.45,719.75,6610
2021-06-15 12:45:00+05:30,719.75,721.95,719.75,720.35,4181
2021-06-15 13:00:00+05:30,720.35,721.5,720.15,720.35,3038
2021-06-15 13:15:00+05:30,720.35,722.6,720.2,720.8,5950
2021-06-15 13:30:00+05:30,720.5,725.0,720.45,723.25,11819
2021-06-15 13:45:00+05:30,723.0,724.85,720.15,720.7,8033
2021-06-15 14:00:00+05:30,720.7,721.0,720.15,720.95,2000
2021-06-15 14:15:00+05:30,720.4,721.0,720.1,720.75,4998
2021-06-15 14:30:00+05:30,720.75,721.5,720.0,721.5,8086
2021-06-15 14:45:00+05:30,721.5,735.0,721.05,725.1,63742
2021-06-15 15:00:00+05:30,726.2,746.3,726.1,745.25,236171
2021-06-15 15:15:00+05:30,744.9,744.9,735.0,740.1,99411
2021-06-15 15:30:00+05:30,740.6,743.25,735.75,738.0,75889
2021-06-16 09:30:00+05:30,727.0,736.2,723.45,729.15,44679
2021-06-16 09:45:00+05:30,729.15,739.7,729.15,732.0,19607
2021-06-16 10:00:00+05:30,731.4,731.4,725.35,731.0,18173
2021-06-16 10:15:00+05:30,731.5,731.5,726.1,727.85,5773
2021-06-16 10:30:00+05:30,727.85,728.75,724.15,725.5,10614
2021-06-16 10:45:00+05:30,725.7,727.85,724.2,725.85,7366
2021-06-16 11:00:00+05:30,725.85,727.35,723.15,723.9,8750
2021-06-16 11:15:00+05:30,724.35,727.05,723.9,726.95,5324
2021-06-16 11:30:00+05:30,726.95,727.8,726.0,727.65,5161
2021-06-16 11:45:00+05:30,727.6,728.0,726.9,727.2,2982
2021-06-16 12:00:00+05:30,727.6,727.7,725.5,726.85,9184
2021-06-16 12:15:00+05:30,726.85,728.0,725.5,727.0,6869
2021-06-16 12:30:00+05:30,727.0,727.55,725.5,727.25,2717
2021-06-16 12:45:00+05:30,727.25,727.35,724.1,724.1,7911
2021-06-16 13:00:00+05:30,723.5,725.0,721.65,724.0,11559
2021-06-16 13:15:00+05:30,724.0,725.85,723.05,724.2,4529
2021-06-16 13:30:00+05:30,724.2,724.8,723.95,724.4,4568
2021-06-16 13:45:00+05:30,724.4,726.45,724.0,725.85,6438
2021-06-16 14:00:00+05:30,725.85,727.5,725.85,727.15,3933
2021-06-16 14:15:00+05:30,727.4,727.5,726.6,726.6,3601
2021-06-16 14:30:00+05:30,727.0,727.55,726.6,727.5,4549
2021-06-16 14:45:00+05:30,727.5,732.15,726.7,730.55,34828
2021-06-16 15:00:00+05:30,731.0,737.35,731.0,735.0,26563
2021-06-16 15:15:00+05:30,735.0,735.9,730.75,730.9,33760
2021-06-16 15:30:00+05:30,730.9,734.25,725.0,730.0,31179
2021-06-17 09:30:00+05:30,734.0,737.35,728.45,736.35,66177
2021-06-17 09:45:00+05:30,736.05,739.25,732.15,737.8,27372
2021-06-17 10:00:00+05:30,737.8,753.35,735.75,741.0,149152
2021-06-17 10:15:00+05:30,741.0,745.85,737.4,741.15,48559
2021-06-17 10:30:00+05:30,740.85,745.1,738.3,744.9,25114
2021-06-17 10:45:00+05:30,744.9,756.35,744.9,747.85,178122
2021-06-17 11:00:00+05:30,747.85,747.85,742.05,744.3,37518
2021-06-17 11:15:00+05:30,744.3,747.2,743.0,744.8,24869
2021-06-17 11:30:00+05:30,744.85,747.0,742.6,745.35,14609
2021-06-17 11:45:00+05:30,745.3,751.25,740.3,744.5,80928
2021-06-17 12:00:00+05:30,744.5,745.0,743.5,743.75,17640
2021-06-17 12:15:00+05:30,743.75,749.0,743.6,747.6,17640
2021-06-17 12:30:00+05:30,747.4,748.2,744.8,745.8,16545
2021-06-17 12:45:00+05:30,745.0,747.35,745.0,746.7,8424
2021-06-17 13:00:00+05:30,746.95,748.0,746.0,746.0,12061
2021-06-17 13:15:00+05:30,745.65,755.05,745.25,750.0,55471
2021-06-17 13:30:00+05:30,750.0,751.7,747.45,751.0,50710
2021-06-17 13:45:00+05:30,750.3,765.0,748.35,757.9,116944
2021-06-17 14:00:00+05:30,757.9,771.8,756.55,766.25,248591
2021-06-17 14:15:00+05:30,767.0,790.55,766.1,787.5,570826
2021-06-17 14:30:00+05:30,788.0,803.85,779.55,780.8,1211912
2021-06-17 14:45:00+05:30,781.9,788.5,772.35,778.7,340820
2021-06-17 15:00:00+05:30,778.75,783.95,774.55,779.0,206069
2021-06-17 15:15:00+05:30,779.0,789.2,776.0,781.2,267925
2021-06-17 15:30:00+05:30,781.45,786.5,778.2,785.1,317997
2021-06-18 09:30:00+05:30,788.0,794.9,771.65,783.0,632655
2021-06-18 09:45:00+05:30,783.0,787.0,773.3,774.95,125732
2021-06-18 10:00:00+05:30,774.95,775.0,762.65,770.0,130729
2021-06-18 10:15:00+05:30,769.85,773.1,763.25,765.8,54385
2021-06-18 10:30:00+05:30,765.75,766.6,752.0,754.95,70553
2021-06-18 10:45:00+05:30,755.0,765.0,753.0,764.05,118903
2021-06-18 11:00:00+05:30,764.1,764.45,745.3,747.15,60202
2021-06-18 11:15:00+05:30,748.0,764.75,748.0,763.8,72117
2021-06-18 11:30:00+05:30,763.8,765.25,762.6,764.7,61000
2021-06-18 11:45:00+05:30,764.7,765.5,760.35,762.5,29880
2021-06-18 12:00:00+05:30,762.45,765.65,761.35,765.55,23993
2021-06-18 12:15:00+05:30,765.55,767.55,764.2,767.55,42323
2021-06-18 12:30:00+05:30,767.55,768.85,765.85,768.0,35754
2021-06-18 12:45:00+05:30,767.95,773.0,767.0,769.6,245473
2021-06-18 13:00:00+05:30,769.6,771.05,766.5,767.95,15945
2021-06-18 13:15:00+05:30,767.95,772.0,766.0,770.65,17933
2021-06-18 13:30:00+05:30,770.0,773.15,767.85,770.25,31435
2021-06-18 13:45:00+05:30,770.45,770.95,768.7,770.45,8184
2021-06-18 14:00:00+05:30,770.45,781.6,770.45,777.85,62617
2021-06-18 14:15:00+05:30,777.85,789.4,777.5,789.4,221568
2021-06-18 14:30:00+05:30,789.0,789.4,778.65,787.15,106433
2021-06-18 14:45:00+05:30,787.15,793.4,784.05,792.1,84894
2021-06-18 15:00:00+05:30,792.45,792.75,781.0,782.0,80867
2021-06-18 15:15:00+05:30,782.4,790.3,782.4,789.85,161464
2021-06-18 15:30:00+05:30,789.85,791.1,785.0,785.95,138708
2021-06-21 09:30:00+05:30,770.0,779.0,761.45,773.8,81982
2021-06-21 09:45:00+05:30,774.0,778.55,769.5,777.0,45333
2021-06-21 10:00:00+05:30,777.45,778.15,766.35,771.95,49608
2021-06-21 10:15:00+05:30,771.95,775.0,770.8,774.4,8065
2021-06-21 10:30:00+05:30,774.1,776.7,771.55,776.7,12961
2021-06-21 10:45:00+05:30,776.7,782.0,773.0,776.9,30003
2021-06-21 11:00:00+05:30,776.9,786.85,776.0,781.0,46436
2021-06-21 11:15:00+05:30,781.0,782.0,776.85,779.4,27123
2021-06-21 11:30:00+05:30,778.25,778.9,775.0,777.6,20915
2021-06-21 11:45:00+05:30,777.6,780.8,777.2,779.15,13868
2021-06-21 12:00:00+05:30,779.15,779.15,775.0,776.9,7836
2021-06-21 12:15:00+05:30,776.9,776.9,769.2,773.55,26400
2021-06-21 12:30:00+05:30,773.55,775.0,772.0,774.45,6769
2021-06-21 12:45:00+05:30,774.45,774.45,770.45,772.6,6557
2021-06-21 13:00:00+05:30,772.6,774.25,771.75,773.3,4865
2021-06-21 13:15:00+05:30,773.3,776.0,772.55,776.0,8914
2021-06-21 13:30:00+05:30,776.0,776.0,771.95,774.65,7484
2021-06-21 13:45:00+05:30,774.0,774.95,771.7,773.9,4663
2021-06-21 14:00:00+05:30,773.9,773.9,770.15,772.75,8482
2021-06-21 14:15:00+05:30,772.75,773.4,770.8,771.65,5125
2021-06-21 14:30:00+05:30,771.0,773.3,770.45,770.5,7128
2021-06-21 14:45:00+05:30,771.0,773.0,770.45,771.4,8950
2021-06-21 15:00:00+05:30,771.4,772.0,767.1,771.2,27813
2021-06-21 15:15:00+05:30,771.25,773.6,770.95,771.0,22195
2021-06-21 15:30:00+05:30,771.0,775.95,767.8,771.2,55909
2021-06-22 09:30:00+05:30,800.0,800.0,779.4,780.5,98199
2021-06-22 09:45:00+05:30,780.5,784.75,778.05,779.05,40867
2021-06-22 10:00:00+05:30,779.25,784.35,777.65,781.0,76294
2021-06-22 10:15:00+05:30,781.0,784.0,779.75,780.0,60517
2021-06-22 10:30:00+05:30,780.5,781.0,779.85,780.25,28364
2021-06-22 10:45:00+05:30,780.0,787.0,780.0,785.5,23518
2021-06-22 11:00:00+05:30,785.5,785.55,782.3,784.55,16160
2021-06-22 11:15:00+05:30,784.55,785.5,783.0,785.5,4430
2021-06-22 11:30:00+05:30,785.5,785.5,780.0,782.0,14917
2021-06-22 11:45:00+05:30,782.55,783.1,780.95,782.5,5406
2021-06-22 12:00:00+05:30,782.5,783.0,781.0,782.0,2805
2021-06-22 12:15:00+05:30,782.0,783.5,781.75,782.95,3621
2021-06-22 12:30:00+05:30,782.95,787.0,782.15,783.45,10398
2021-06-22 12:45:00+05:30,783.45,786.65,783.45,784.5,7207
2021-06-22 13:00:00+05:30,784.5,784.5,783.15,784.5,1739
2021-06-22 13:15:00+05:30,784.05,785.0,783.0,784.35,3066
2021-06-22 13:30:00+05:30,784.25,784.35,782.35,782.8,11608
2021-06-22 13:45:00+05:30,782.8,784.55,781.45,783.75,4557
2021-06-22 14:00:00+05:30,783.75,783.9,782.4,783.0,5971
2021-06-22 14:15:00+05:30,783.55,789.0,782.3,788.5,226087
2021-06-22 14:30:00+05:30,788.5,800.0,786.0,794.35,106978
2021-06-22 14:45:00+05:30,794.35,794.35,788.0,792.0,33644
2021-06-22 15:00:00+05:30,791.95,793.95,788.1,793.6,23151
2021-06-22 15:15:00+05:30,793.6,794.8,789.85,792.8,29325
2021-06-22 15:30:00+05:30,792.8,799.0,791.05,794.95,71548
2021-06-23 09:30:00+05:30,797.0,797.0,781.95,785.4,51167
2021-06-23 09:45:00+05:30,785.5,787.0,783.0,785.15,19546
2021-06-23 10:00:00+05:30,785.15,789.0,784.35,787.6,17298
2021-06-23 10:15:00+05:30,788.5,795.0,788.0,791.65,24759
2021-06-23 10:30:00+05:30,791.2,825.0,788.3,817.5,277467
2021-06-23 10:45:00+05:30,817.65,821.15,811.3,816.55,135756
2021-06-23 11:00:00+05:30,816.55,822.0,810.3,815.45,101293
2021-06-23 11:15:00+05:30,815.5,816.0,803.45,808.65,88920
2021-06-23 11:30:00+05:30,808.65,814.95,808.05,810.95,26583
2021-06-23 11:45:00+05:30,811.75,814.9,811.25,812.55,13186
2021-06-23 12:00:00+05:30,813.2,818.0,809.3,811.7,49731
2021-06-23 12:15:00+05:30,811.85,813.0,810.3,810.4,12687
2021-06-23 12:30:00+05:30,810.65,814.75,809.0,813.3,23184
2021-06-23 12:45:00+05:30,813.45,813.55,810.55,810.55,7187
2021-06-23 13:00:00+05:30,811.45,812.0,810.15,811.35,3396
2021-06-23 13:15:00+05:30,811.9,814.4,811.1,811.9,12125
2021-06-23 13:30:00+05:30,811.9,813.5,810.25,812.6,6778
2021-06-23 13:45:00+05:30,812.6,814.5,812.0,812.0,10300
2021-06-23 14:00:00+05:30,812.05,813.0,807.0,808.25,23594
2021-06-23 14:15:00+05:30,808.25,810.0,802.0,805.0,13270
2021-06-23 14:30:00+05:30,806.25,809.0,804.6,808.5,12707
2021-06-23 14:45:00+05:30,808.55,810.0,802.6,806.2,22298
2021-06-23 15:00:00+05:30,805.25,809.95,803.0,803.6,16029
2021-06-23 15:15:00+05:30,804.0,807.75,803.1,805.0,21804
2021-06-23 15:30:00+05:30,805.0,806.0,797.0,806.0,59640
2021-06-24 09:30:00+05:30,803.5,815.9,803.5,809.1,48753
2021-06-24 09:45:00+05:30,809.1,810.95,807.0,808.0,21764
2021-06-24 10:00:00+05:30,807.95,808.0,803.45,806.35,21836
2021-06-24 10:15:00+05:30,806.35,807.5,805.4,806.95,5282
2021-06-24 10:30:00+05:30,807.75,808.0,806.05,807.55,4943
2021-06-24 10:45:00+05:30,807.55,807.95,805.3,806.25,7766
2021-06-24 11:00:00+05:30,806.25,806.25,797.7,799.4,11283
2021-06-24 11:15:00+05:30,799.4,802.5,788.05,789.15,36361
2021-06-24 11:30:00+05:30,789.0,792.8,785.25,790.3,19910
2021-06-24 11:45:00+05:30,790.0,791.0,786.5,789.45,14868
2021-06-24 12:00:00+05:30,789.5,793.7,788.5,792.5,10796
2021-06-24 12:15:00+05:30,792.5,794.05,787.5,792.0,11725
2021-06-24 12:30:00+05:30,792.0,793.0,788.0,789.5,6002
2021-06-24 12:45:00+05:30,789.5,790.4,787.25,789.45,6068
2021-06-24 13:00:00+05:30,789.75,789.85,787.9,789.65,6609
2021-06-24 13:15:00+05:30,789.65,791.7,789.05,790.9,5851
2021-06-24 13:30:00+05:30,790.9,791.5,783.0,785.0,23865
2021-06-24 13:45:00+05:30,785.0,785.95,784.0,784.65,6933
2021-06-24 14:00:00+05:30,784.75,785.0,784.0,784.65,7357
2021-06-24 14:15:00+05:30,784.0,785.1,783.6,784.65,8117
2021-06-24 14:30:00+05:30,784.65,784.65,771.55,777.65,42806
2021-06-24 14:45:00+05:30,778.25,781.65,775.85,780.75,14668
2021-06-24 15:00:00+05:30,781.55,783.6,775.65,777.45,23581
2021-06-24 15:15:00+05:30,777.45,782.0,774.7,780.55,26575
2021-06-24 15:30:00+05:30,780.45,784.5,777.3,782.9,41405
2021-06-25 09:30:00+05:30,782.1,790.0,780.0,782.85,23278
2021-06-25 09:45:00+05:30,782.85,791.95,781.0,782.4,46950
2021-06-25 10:00:00+05:30,782.4,782.5,772.85,776.45,25092
2021-06-25 10:15:00+05:30,776.0,779.75,774.9,779.0,6563
2021-06-25 10:30:00+05:30,777.85,779.0,776.0,776.5,2478
2021-06-25 10:45:00+05:30,776.5,783.0,776.05,782.0,9424
2021-06-25 11:00:00+05:30,782.0,782.0,776.7,777.05,11583
2021-06-25 11:15:00+05:30,777.05,780.75,776.2,780.0,2656
2021-06-25 11:30:00+05:30,780.0,780.6,778.55,780.6,1875
2021-06-25 11:45:00+05:30,780.6,783.0,776.0,779.1,36809
2021-06-25 12:00:00+05:30,779.1,780.0,778.1,780.0,1136
2021-06-25 12:15:00+05:30,780.0,780.0,779.0,780.0,1439
2021-06-25 12:30:00+05:30,780.0,780.0,778.0,778.0,2060
2021-06-25 12:45:00+05:30,778.0,778.9,775.05,778.35,5210
2021-06-25 13:00:00+05:30,778.35,779.55,778.0,778.2,1556
2021-06-25 13:15:00+05:30,778.2,779.9,776.15,776.2,3151
2021-06-25 13:30:00+05:30,776.85,778.0,776.0,778.0,3352
2021-06-25 13:45:00+05:30,778.0,781.65,776.0,776.25,6724
2021-06-25 14:00:00+05:30,776.25,777.55,776.15,776.7,1822
2021-06-25 14:15:00+05:30,776.7,777.15,774.15,775.35,4761
2021-06-25 14:30:00+05:30,775.35,776.25,774.0,776.2,5390
2021-06-25 14:45:00+05:30,776.2,776.2,766.75,770.9,15479
2021-06-25 15:00:00+05:30,770.9,770.9,766.0,766.0,9815
2021-06-25 15:15:00+05:30,767.05,769.4,765.5,766.05,13631
2021-06-25 15:30:00+05:30,766.05,770.0,765.0,769.0,25395
2021-06-28 09:30:00+05:30,767.5,783.3,767.5,780.0,53754
2021-06-28 09:45:00+05:30,780.0,780.0,773.95,778.4,19869
2021-06-28 10:00:00+05:30,778.45,780.4,775.45,776.75,13473
2021-06-28 10:15:00+05:30,776.95,781.5,776.0,778.85,373240
2021-06-28 10:30:00+05:30,779.1,781.0,777.0,777.75,12431
2021-06-28 10:45:00+05:30,777.75,778.65,775.5,776.5,6286
2021-06-28 11:00:00+05:30,776.5,778.85,776.05,777.0,360924
2021-06-28 11:15:00+05:30,777.0,781.0,776.55,778.85,20188
2021-06-28 11:30:00+05:30,778.85,781.5,778.85,780.1,13019
2021-06-28 11:45:00+05:30,780.1,780.65,778.7,780.0,8515
2021-06-28 12:00:00+05:30,779.65,779.65,776.55,776.9,7222
2021-06-28 12:15:00+05:30,776.9,777.0,776.05,776.55,11758
2021-06-28 12:30:00+05:30,776.55,780.0,776.45,777.8,5499
2021-06-28 12:45:00+05:30,777.8,778.95,776.5,777.3,5527
2021-06-28 13:00:00+05:30,777.3,777.75,776.4,776.95,5973
2021-06-28 13:15:00+05:30,776.95,778.0,776.5,776.9,18196
2021-06-28 13:30:00+05:30,776.9,778.95,772.0,776.1,32429
2021-06-28 13:45:00+05:30,776.1,776.95,774.45,775.55,4986
2021-06-28 14:00:00+05:30,775.45,776.5,773.7,775.35,6125
2021-06-28 14:15:00+05:30,775.35,776.75,775.0,775.9,2537
2021-06-28 14:30:00+05:30,776.0,776.0,774.4,775.0,7024
2021-06-28 14:45:00+05:30,775.4,776.15,774.3,775.8,7066
2021-06-28 15:00:00+05:30,775.8,777.95,774.95,776.75,15134
2021-06-28 15:15:00+05:30,776.3,778.3,774.5,776.0,11214
2021-06-28 15:30:00+05:30,775.5,781.65,774.0,777.1,36441
2021-06-29 09:30:00+05:30,778.0,781.35,765.2,765.35,40684
2021-06-29 09:45:00+05:30,765.35,770.9,765.35,769.0,52933
2021-06-29 10:00:00+05:30,770.0,770.85,768.8,770.85,15885
2021-06-29 10:15:00+05:30,770.85,779.25,770.2,778.35,39822
2021-06-29 10:30:00+05:30,778.35,779.05,774.15,775.4,11218
2021-06-29 10:45:00+05:30,775.45,775.45,773.45,774.8,6299
2021-06-29 11:00:00+05:30,774.8,775.1,774.0,775.0,3397
2021-06-29 11:15:00+05:30,775.0,775.35,774.25,775.3,3568
2021-06-29 11:30:00+05:30,775.3,775.4,774.35,775.2,3707
2021-06-29 11:45:00+05:30,775.2,775.5,774.4,774.65,8970
2021-06-29 12:00:00+05:30,775.0,775.25,773.9,773.95,4426
2021-06-29 12:15:00+05:30,773.95,774.6,769.9,770.65,17316
2021-06-29 12:30:00+05:30,770.65,770.85,769.7,770.0,6755
2021-06-29 12:45:00+05:30,770.0,772.7,767.15,770.35,7363
2021-06-29 13:00:00+05:30,770.35,772.0,768.65,770.0,4568
2021-06-29 13:15:00+05:30,770.0,770.65,767.0,770.65,11787
2021-06-29 13:30:00+05:30,770.7,772.0,767.9,770.0,8830
2021-06-29 13:45:00+05:30,770.0,770.4,767.65,768.8,5055
2021-06-29 14:00:00+05:30,768.8,770.0,766.0,768.6,15325
2021-06-29 14:15:00+05:30,768.8,770.0,766.4,769.55,5602
2021-06-29 14:30:00+05:30,769.55,770.0,768.2,770.0,4963
2021-06-29 14:45:00+05:30,770.0,770.0,764.35,767.8,14984
2021-06-29 15:00:00+05:30,767.85,769.95,766.8,768.45,7178
2021-06-29 15:15:00+05:30,768.45,769.9,762.1,764.5,24236
2021-06-29 15:30:00+05:30,764.5,770.0,764.0,770.0,21246
2021-06-30 09:30:00+05:30,772.1,774.65,765.0,765.95,24333
2021-06-30 09:45:00+05:30,765.95,772.1,764.55,770.0,16407
2021-06-30 10:00:00+05:30,770.55,773.45,769.0,771.35,24601
2021-06-30 10:15:00+05:30,771.35,772.0,769.35,769.35,2794
2021-06-30 10:30:00+05:30,769.35,771.95,768.8,771.5,3350
2021-06-30 10:45:00+05:30,771.95,771.95,769.4,769.8,4336
2021-06-30 11:00:00+05:30,769.15,770.8,769.15,769.8,1633
2021-06-30 11:15:00+05:30,770.0,772.0,767.55,767.9,9907
2021-06-30 11:30:00+05:30,767.9,769.25,767.6,768.9,8575
2021-06-30 11:45:00+05:30,768.9,770.25,768.0,769.2,1428
2021-06-30 12:00:00+05:30,769.2,769.9,768.45,768.75,774
2021-06-30 12:15:00+05:30,768.45,768.55,767.0,768.0,872
2021-06-30 12:30:00+05:30,768.2,768.95,767.95,768.45,564
2021-06-30 12:45:00+05:30,768.45,769.8,768.0,768.95,1371
2021-06-30 13:00:00+05:30,768.95,769.0,765.1,765.6,3990
2021-06-30 13:15:00+05:30,765.6,766.0,765.2,765.4,1574
2021-06-30 13:30:00+05:30,766.0,766.0,765.4,765.65,2317
2021-06-30 13:45:00+05:30,765.35,765.8,762.7,763.4,4190
2021-06-30 14:00:00+05:30,763.4,765.4,761.15,765.0,3989
2021-06-30 14:15:00+05:30,765.0,765.15,760.5,763.0,9504
2021-06-30 14:30:00+05:30,763.8,766.0,763.05,765.0,6834
2021-06-30 14:45:00+05:30,765.0,765.45,761.45,763.5,3174
2021-06-30 15:00:00+05:30,763.5,763.5,761.0,762.0,6659
2021-06-30 15:15:00+05:30,762.3,763.65,755.9,756.5,24307
2021-06-30 15:30:00+05:30,757.1,760.0,753.1,756.6,24702
2021-07-01 09:30:00+05:30,755.3,764.25,755.3,758.65,16935
2021-07-01 09:45:00+05:30,758.75,763.3,756.35,761.3,150335
2021-07-01 10:00:00+05:30,761.3,762.25,757.5,758.35,6218
2021-07-01 10:15:00+05:30,759.1,759.1,757.0,757.65,2458
2021-07-01 10:30:00+05:30,757.65,760.25,754.5,758.0,20993
2021-07-01 10:45:00+05:30,758.4,759.8,757.1,757.5,2846
2021-07-01 11:00:00+05:30,757.5,759.45,757.1,759.45,3678
2021-07-01 11:15:00+05:30,759.45,759.55,757.3,758.9,9093
2021-07-01 11:30:00+05:30,758.9,759.45,757.5,759.2,1755
2021-07-01 11:45:00+05:30,759.2,759.2,757.65,758.0,1298
2021-07-01 12:00:00+05:30,758.0,758.5,757.7,758.4,1641
2021-07-01 12:15:00+05:30,758.4,759.1,757.1,757.9,2626
2021-07-01 12:30:00+05:30,757.9,758.5,757.35,758.5,825
2021-07-01 12:45:00+05:30,758.5,758.5,755.0,757.0,4216
2021-07-01 13:00:00+05:30,757.0,757.5,755.9,756.0,925
2021-07-01 13:15:00+05:30,756.0,756.9,755.4,756.0,1497
2021-07-01 13:30:00+05:30,756.0,757.2,756.0,757.2,1310
2021-07-01 13:45:00+05:30,757.2,757.25,756.0,756.0,1098
2021-07-01 14:00:00+05:30,756.0,756.5,752.0,754.0,10865
2021-07-01 14:15:00+05:30,753.55,754.0,748.1,748.4,17836
2021-07-01 14:30:00+05:30,748.4,751.0,748.4,749.45,3503
2021-07-01 14:45:00+05:30,749.45,749.85,748.1,748.65,4248
2021-07-01 15:00:00+05:30,749.25,749.75,746.45,747.9,6428
2021-07-01 15:15:00+05:30,747.8,751.0,746.5,750.05,17871
2021-07-01 15:30:00+05:30,750.05,759.0,750.0,757.0,27914
2021-07-02 09:30:00+05:30,755.95,758.8,752.1,758.0,40127
2021-07-02 09:45:00+05:30,757.9,770.3,757.65,765.5,89401
2021-07-02 10:00:00+05:30,765.5,765.9,758.3,764.8,42326
2021-07-02 10:15:00+05:30,764.8,766.0,763.3,764.8,26375
2021-07-02 10:30:00+05:30,764.8,770.0,764.8,766.05,46487
2021-07-02 10:45:00+05:30,766.05,780.0,765.65,771.9,464447
2021-07-02 11:00:00+05:30,771.9,773.0,769.1,772.55,51199
2021-07-02 11:15:00+05:30,772.4,772.6,770.2,771.55,26712
2021-07-02 11:30:00+05:30,771.55,773.8,771.05,771.65,24916
2021-07-02 11:45:00+05:30,771.45,772.8,769.5,771.7,24844
2021-07-02 12:00:00+05:30,771.85,773.75,765.85,767.75,41614
2021-07-02 12:15:00+05:30,767.75,771.0,767.05,768.9,18599
2021-07-02 12:30:00+05:30,768.9,770.5,766.2,767.4,11931
2021-07-02 12:45:00+05:30,767.0,768.5,766.1,768.0,11289
2021-07-02 13:00:00+05:30,768.0,768.75,762.0,763.1,44248
2021-07-02 13:15:00+05:30,763.95,765.75,762.45,764.9,27828
2021-07-02 13:30:00+05:30,764.9,765.1,763.35,764.2,4135
2021-07-02 13:45:00+05:30,764.2,766.55,764.0,765.25,14177
2021-07-02 14:00:00+05:30,765.25,766.3,764.0,765.05,9214
2021-07-02 14:15:00+05:30,765.05,766.8,764.0,766.5,12751
2021-07-02 14:30:00+05:30,766.5,768.9,766.45,767.6,23007
2021-07-02 14:45:00+05:30,767.5,768.4,765.0,765.85,21793
2021-07-02 15:00:00+05:30,765.85,768.35,765.2,767.05,19215
2021-07-02 15:15:00+05:30,767.05,769.1,763.0,764.5,58615
2021-07-02 15:30:00+05:30,764.5,765.0,751.35,759.1,74881
2021-07-05 09:30:00+05:30,768.2,770.0,756.95,760.75,27655
2021-07-05 09:45:00+05:30,761.35,766.05,760.75,765.15,12449
2021-07-05 10:00:00+05:30,765.85,766.85,761.0,762.6,7456
2021-07-05 10:15:00+05:30,762.0,763.75,760.25,762.6,10101
2021-07-05 10:30:00+05:30,762.1,765.1,759.0,759.0,14941
2021-07-05 10:45:00+05:30,759.0,760.8,758.3,760.1,5253
2021-07-05 11:00:00+05:30,760.1,760.35,758.65,759.4,2517
2021-07-05 11:15:00+05:30,759.4,762.7,758.7,761.5,6714
2021-07-05 11:30:00+05:30,761.3,762.75,760.55,761.55,3851
2021-07-05 11:45:00+05:30,761.55,762.95,761.15,761.4,3576
2021-07-05 12:00:00+05:30,762.1,762.4,758.0,759.05,8706
2021-07-05 12:15:00+05:30,759.05,760.0,758.45,759.9,2238
2021-07-05 12:30:00+05:30,759.9,761.05,758.5,760.0,4464
2021-07-05 12:45:00+05:30,760.0,760.75,759.0,760.0,1787
2021-07-05 13:00:00+05:30,760.0,760.0,759.0,759.9,1243
2021-07-05 13:15:00+05:30,759.9,760.0,759.25,759.4,835
2021-07-05 13:30:00+05:30,759.4,760.0,757.4,757.8,7006
2021-07-05 13:45:00+05:30,757.8,758.6,755.0,756.55,7447
2021-07-05 14:00:00+05:30,756.55,758.9,756.0,757.4,6341
2021-07-05 14:15:00+05:30,757.55,758.0,756.6,758.0,2815
2021-07-05 14:30:00+05:30,758.0,759.25,757.15,758.0,4158
2021-07-05 14:45:00+05:30,758.0,760.0,757.9,758.35,10578
2021-07-05 15:00:00+05:30,758.35,758.9,756.05,758.75,6070
2021-07-05 15:15:00+05:30,758.75,760.0,758.2,759.5,12685
2021-07-05 15:30:00+05:30,759.65,760.0,756.55,758.0,18412
2021-07-06 09:30:00+05:30,759.0,759.0,753.45,755.05,27584
2021-07-06 09:45:00+05:30,755.0,760.0,755.0,755.4,10730
2021-07-06 10:00:00+05:30,756.0,761.0,754.85,760.3,13999
2021-07-06 10:15:00+05:30,760.3,767.0,759.05,763.65,60113
2021-07-06 10:30:00+05:30,763.65,766.0,761.95,764.55,18202
2021-07-06 10:45:00+05:30,764.55,765.75,764.5,764.8,8808
2021-07-06 11:00:00+05:30,764.8,766.45,763.05,764.9,18250
2021-07-06 11:15:00+05:30,764.9,764.9,759.0,761.25,17415
2021-07-06 11:30:00+05:30,761.6,763.8,761.35,762.6,7633
2021-07-06 11:45:00+05:30,762.6,763.0,760.7,762.0,3547
2021-07-06 12:00:00+05:30,762.0,762.6,756.8,759.8,12158
2021-07-06 12:15:00+05:30,759.8,760.6,753.4,754.45,25383
2021-07-06 12:30:00+05:30,754.3,756.3,753.0,754.85,12271
2021-07-06 12:45:00+05:30,754.85,754.85,747.5,750.1,30893
2021-07-06 13:00:00+05:30,750.1,751.0,749.1,750.0,7896
2021-07-06 13:15:00+05:30,750.0,750.0,740.7,747.5,45195
2021-07-06 13:30:00+05:30,747.5,748.0,736.5,739.0,34404
2021-07-06 13:45:00+05:30,739.75,740.65,737.1,740.0,38298
2021-07-06 14:00:00+05:30,740.0,743.35,739.5,743.35,57849
2021-07-06 14:15:00+05:30,743.35,745.5,740.95,741.65,26642
2021-07-06 14:30:00+05:30,741.95,744.7,741.05,744.15,24195
2021-07-06 14:45:00+05:30,743.6,745.1,742.5,744.35,37814
2021-07-06 15:00:00+05:30,744.55,745.85,744.0,745.0,26872
2021-07-06 15:15:00+05:30,745.45,746.5,741.6,744.4,59666
2021-07-06 15:30:00+05:30,744.4,747.45,738.0,742.0,62689
2021-07-07 09:30:00+05:30,743.1,751.95,740.1,748.75,26270
2021-07-07 09:45:00+05:30,749.65,752.9,748.1,751.25,9124
2021-07-07 10:00:00+05:30,751.25,756.3,747.5,754.0,15464
2021-07-07 10:15:00+05:30,754.0,754.0,750.3,752.05,8494
2021-07-07 10:30:00+05:30,752.05,753.25,751.2,753.15,2934
2021-07-07 10:45:00+05:30,753.25,754.7,752.1,754.0,2932
2021-07-07 11:00:00+05:30,754.0,755.5,752.15,752.15,6469
2021-07-07 11:15:00+05:30,752.35,753.95,752.35,753.65,896
2021-07-07 11:30:00+05:30,753.65,755.0,753.15,754.95,1303
2021-07-07 11:45:00+05:30,754.95,756.25,754.05,756.25,2982
2021-07-07 12:00:00+05:30,756.25,760.0,755.5,757.05,15167
2021-07-07 12:15:00+05:30,757.05,757.75,754.2,756.45,4292
2021-07-07 12:30:00+05:30,756.45,757.4,755.3,756.7,2153
2021-07-07 12:45:00+05:30,756.7,758.4,755.2,758.2,7198
2021-07-07 13:00:00+05:30,758.2,759.1,756.45,757.0,4574
2021-07-07 13:15:00+05:30,757.9,758.05,755.8,756.1,4369
2021-07-07 13:30:00+05:30,756.45,757.85,754.2,754.75,3149
2021-07-07 13:45:00+05:30,754.75,755.0,753.0,753.5,3707
2021-07-07 14:00:00+05:30,753.5,755.6,753.5,755.6,1407
2021-07-07 14:15:00+05:30,755.6,756.0,754.15,755.5,378
2021-07-07 14:30:00+05:30,755.5,755.5,752.85,752.85,3863
2021-07-07 14:45:00+05:30,752.85,752.85,748.95,750.5,9515
2021-07-07 15:00:00+05:30,750.5,751.45,749.35,750.15,5781
2021-07-07 15:15:00+05:30,750.15,753.8,750.15,751.0,10237
2021-07-07 15:30:00+05:30,751.0,754.0,750.0,753.25,12916
2021-07-08 09:30:00+05:30,755.8,759.8,753.0,754.9,16600
2021-07-08 09:45:00+05:30,755.0,758.9,755.0,756.95,6571
2021-07-08 10:00:00+05:30,756.95,757.95,754.65,756.45,1643
2021-07-08 10:15:00+05:30,756.45,756.65,755.0,756.45,1579
2021-07-08 10:30:00+05:30,755.55,756.55,754.5,755.9,7089
2021-07-08 10:45:00+05:30,755.5,757.5,755.35,756.0,6751
2021-07-08 11:00:00+05:30,756.0,756.8,755.05,756.4,2015
2021-07-08 11:15:00+05:30,756.4,757.0,755.0,755.65,3505
2021-07-08 11:30:00+05:30,755.0,761.9,755.0,761.7,14666
2021-07-08 11:45:00+05:30,764.95,764.95,758.55,759.4,12895
2021-07-08 12:00:00+05:30,759.55,759.55,757.0,757.2,3695
2021-07-08 12:15:00+05:30,757.2,757.5,755.0,755.85,8124
2021-07-08 12:30:00+05:30,755.85,756.9,755.05,756.6,1126
2021-07-08 12:45:00+05:30,757.0,759.0,756.05,758.3,3262
2021-07-08 13:00:00+05:30,758.8,759.0,756.05,757.0,4376
2021-07-08 13:15:00+05:30,757.0,757.25,755.0,756.35,6332
2021-07-08 13:30:00+05:30,756.4,756.45,752.2,753.85,7736
2021-07-08 13:45:00+05:30,753.85,754.25,753.35,753.4,1690
2021-07-08 14:00:00+05:30,753.4,755.0,753.0,753.45,5300
2021-07-08 14:15:00+05:30,753.55,754.0,752.0,754.0,3642
2021-07-08 14:30:00+05:30,754.45,756.95,752.4,755.6,5802
2021-07-08 14:45:00+05:30,755.6,757.45,754.6,757.3,9596
2021-07-08 15:00:00+05:30,757.3,758.5,756.35,756.5,4109
2021-07-08 15:15:00+05:30,757.0,762.0,757.0,761.9,10465
2021-07-08 15:30:00+05:30,761.9,762.65,760.25,762.0,14626
2021-07-09 09:30:00+05:30,764.4,764.4,754.05,758.75,19390
2021-07-09 09:45:00+05:30,757.9,762.0,757.7,760.0,6546
2021-07-09 10:00:00+05:30,760.0,762.7,759.0,762.45,10209
2021-07-09 10:15:00+05:30,763.45,770.0,762.35,767.45,36440
2021-07-09 10:30:00+05:30,766.85,769.75,764.0,769.1,14041
2021-07-09 10:45:00+05:30,769.75,785.0,769.75,778.95,107033
2021-07-09 11:00:00+05:30,778.95,780.45,776.0,776.75,23500
2021-07-09 11:15:00+05:30,776.75,777.0,773.45,774.0,17451
2021-07-09 11:30:00+05:30,774.0,774.95,771.25,774.75,10687
2021-07-09 11:45:00+05:30,774.75,777.8,771.55,776.4,11732
2021-07-09 12:00:00+05:30,776.1,779.9,775.1,777.0,12777
2021-07-09 12:15:00+05:30,777.0,777.0,775.1,775.45,4473
2021-07-09 12:30:00+05:30,775.45,775.9,773.5,774.0,2415
2021-07-09 12:45:00+05:30,774.0,775.0,772.55,774.25,4138
2021-07-09 13:00:00+05:30,774.6,776.5,774.6,775.6,3789
2021-07-09 13:15:00+05:30,775.6,775.7,773.7,774.5,2563
2021-07-09 13:30:00+05:30,774.5,776.7,774.5,775.25,6464
2021-07-09 13:45:00+05:30,775.25,776.7,773.1,773.95,3961
2021-07-09 14:00:00+05:30,773.95,776.0,773.45,774.85,2007
2021-07-09 14:15:00+05:30,774.85,775.95,774.05,774.55,12166
2021-07-09 14:30:00+05:30,775.0,782.9,773.45,782.0,61772
2021-07-09 14:45:00+05:30,782.25,782.9,777.9,780.4,26663
2021-07-09 15:00:00+05:30,780.4,781.5,778.1,778.9,14099
2021-07-09 15:15:00+05:30,778.9,780.0,775.55,777.45,17366
2021-07-09 15:30:00+05:30,778.0,780.0,775.1,779.0,35692
2021-07-12 09:30:00+05:30,781.0,788.45,778.65,781.35,28500
2021-07-12 09:45:00+05:30,782.2,786.75,781.9,784.2,16227
2021-07-12 10:00:00+05:30,784.2,786.95,783.45,785.35,11914
2021-07-12 10:15:00+05:30,785.1,786.85,784.15,785.95,7594
2021-07-12 10:30:00+05:30,785.95,785.95,782.0,783.45,8458
2021-07-12 10:45:00+05:30,782.95,785.0,781.95,782.5,5646
2021-07-12 11:00:00+05:30,782.0,784.9,781.6,784.75,6247
2021-07-12 11:15:00+05:30,784.75,784.95,782.45,782.7,4946
2021-07-12 11:30:00+05:30,783.4,784.0,782.05,783.0,2519
2021-07-12 11:45:00+05:30,782.3,783.5,782.05,783.0,4404
2021-07-12 12:00:00+05:30,783.0,784.0,782.0,782.95,2954
2021-07-12 12:15:00+05:30,782.95,783.7,782.0,783.35,8527
2021-07-12 12:30:00+05:30,783.35,783.7,781.55,783.0,10497
2021-07-12 12:45:00+05:30,783.0,783.85,781.65,782.35,5268
2021-07-12 13:00:00+05:30,782.35,782.35,781.5,782.1,842
2021-07-12 13:15:00+05:30,782.1,782.25,775.0,776.15,9178
2021-07-12 13:30:00+05:30,776.7,779.9,771.4,778.5,11787
2021-07-12 13:45:00+05:30,778.5,779.9,778.15,779.15,1781
2021-07-12 14:00:00+05:30,779.15,779.7,778.25,778.7,1939
2021-07-12 14:15:00+05:30,779.4,785.0,776.35,777.55,13172
2021-07-12 14:30:00+05:30,777.55,779.85,775.35,779.7,6167
2021-07-12 14:45:00+05:30,779.7,779.7,777.4,778.0,1855
2021-07-12 15:00:00+05:30,778.0,781.75,778.0,781.0,8727
2021-07-12 15:15:00+05:30,780.65,782.9,779.0,782.8,12302
2021-07-12 15:30:00+05:30,781.95,781.95,776.25,781.0,10631
2021-07-13 09:30:00+05:30,782.8,787.7,773.45,777.35,21930
2021-07-13 09:45:00+05:30,777.1,779.4,774.7,777.15,12064
2021-07-13 10:00:00+05:30,777.2,778.1,776.05,776.1,4420
2021-07-13 10:15:00+05:30,776.1,777.7,775.0,776.9,3104
2021-07-13 10:30:00+05:30,776.9,776.9,774.0,775.4,6308
2021-07-13 10:45:00+05:30,775.4,776.95,774.1,774.75,2607
2021-07-13 11:00:00+05:30,774.75,776.0,772.05,774.2,5557
2021-07-13 11:15:00+05:30,774.2,775.5,773.4,775.25,1815
2021-07-13 11:30:00+05:30,775.25,776.1,774.05,775.15,4491
2021-07-13 11:45:00+05:30,775.75,777.0,774.85,775.55,6776
2021-07-13 12:00:00+05:30,776.4,777.7,775.8,777.25,2401
2021-07-13 12:15:00+05:30,777.25,777.25,775.75,776.65,2478
2021-07-13 12:30:00+05:30,776.0,776.55,775.05,775.1,2548
2021-07-13 12:45:00+05:30,775.1,776.25,774.7,775.0,1991
2021-07-13 13:00:00+05:30,775.0,775.95,773.25,774.55,3882
2021-07-13 13:15:00+05:30,774.55,776.9,774.15,774.2,4990
2021-07-13 13:30:00+05:30,774.65,775.75,774.05,775.05,1101
2021-07-13 13:45:00+05:30,775.05,776.05,773.5,773.5,4066
2021-07-13 14:00:00+05:30,773.15,776.85,772.6,776.85,4278
2021-07-13 14:15:00+05:30,776.85,777.5,776.25,776.55,4194
2021-07-13 14:30:00+05:30,776.55,778.75,776.55,776.85,5024
2021-07-13 14:45:00+05:30,777.75,778.4,766.05,767.4,16087
2021-07-13 15:00:00+05:30,767.95,771.7,767.45,769.95,7209
2021-07-13 15:15:00+05:30,769.95,771.4,768.4,769.35,7518
2021-07-13 15:30:00+05:30,769.35,775.0,769.0,774.95,13957
2021-07-14 09:30:00+05:30,765.5,771.2,758.3,760.2,30783
2021-07-14 09:45:00+05:30,760.2,764.0,760.2,762.0,6817
2021-07-14 10:00:00+05:30,761.5,762.95,758.1,759.05,10431
2021-07-14 10:15:00+05:30,759.5,761.35,756.15,758.3,15328
2021-07-14 10:30:00+05:30,758.2,764.85,756.5,762.6,15847
2021-07-14 10:45:00+05:30,761.95,762.65,760.8,762.0,3709
2021-07-14 11:00:00+05:30,762.0,763.85,761.0,763.1,3306
2021-07-14 11:15:00+05:30,762.4,763.4,761.15,761.7,1551
2021-07-14 11:30:00+05:30,761.2,762.8,760.5,762.6,3212
2021-07-14 11:45:00+05:30,762.45,762.65,761.05,762.15,1612
2021-07-14 12:00:00+05:30,762.15,763.8,762.15,763.0,2132
2021-07-14 12:15:00+05:30,763.0,765.0,761.0,762.9,12294
2021-07-14 12:30:00+05:30,762.9,763.5,761.85,762.9,1628
2021-07-14 12:45:00+05:30,762.2,763.65,762.0,763.3,1400
2021-07-14 13:00:00+05:30,762.85,763.55,761.45,762.45,2328
2021-07-14 13:15:00+05:30,762.45,763.6,761.7,763.0,1163
2021-07-14 13:30:00+05:30,763.45,763.45,759.5,762.5,13436
2021-07-14 13:45:00+05:30,762.5,762.75,760.75,761.65,1997
2021-07-14 14:00:00+05:30,761.65,762.85,760.6,762.85,1710
2021-07-14 14:15:00+05:30,762.85,763.45,762.1,762.9,1268
2021-07-14 14:30:00+05:30,762.9,765.05,761.95,763.75,3297
2021-07-14 14:45:00+05:30,763.5,765.0,763.2,763.2,5767
2021-07-14 15:00:00+05:30,763.2,774.7,762.7,771.75,20963
2021-07-14 15:15:00+05:30,772.0,780.0,769.55,775.1,28732
2021-07-14 15:30:00+05:30,775.1,776.4,772.1,774.0,13027
2021-07-15 09:30:00+05:30,772.6,773.1,768.45,770.55,9163
2021-07-15 09:45:00+05:30,769.65,771.65,769.65,771.0,2811
2021-07-15 10:00:00+05:30,771.0,771.8,769.05,770.4,1933
2021-07-15 10:15:00+05:30,769.85,773.9,767.3,772.4,7471
2021-07-15 10:30:00+05:30,772.4,772.7,769.05,769.05,2418
2021-07-15 10:45:00+05:30,769.05,770.75,769.05,769.2,993
2021-07-15 11:00:00+05:30,771.0,771.0,766.5,767.0,4444
2021-07-15 11:15:00+05:30,767.0,769.9,764.0,765.5,7014
2021-07-15 11:30:00+05:30,765.5,765.75,764.6,765.0,3682
2021-07-15 11:45:00+05:30,765.0,765.4,764.5,765.1,1235
2021-07-15 12:00:00+05:30,765.1,765.3,764.2,765.0,3673
2021-07-15 12:15:00+05:30,765.0,765.2,764.65,764.65,1118
2021-07-15 12:30:00+05:30,764.65,765.45,764.65,765.3,1758
2021-07-15 12:45:00+05:30,765.3,765.4,764.7,765.2,1053
2021-07-15 13:00:00+05:30,765.2,765.4,764.0,764.5,2378
2021-07-15 13:15:00+05:30,764.65,765.25,759.8,760.25,13619
2021-07-15 13:30:00+05:30,760.25,760.5,759.25,760.0,5183
2021-07-15 13:45:00+05:30,760.0,760.15,759.3,760.0,2399
2021-07-15 14:00:00+05:30,760.0,760.0,751.15,756.8,35370
2021-07-15 14:15:00+05:30,756.8,759.5,755.95,759.0,6974
2021-07-15 14:30:00+05:30,759.0,760.45,758.3,759.85,4284
2021-07-15 14:45:00+05:30,759.0,759.65,757.0,757.4,6091
2021-07-15 15:00:00+05:30,757.4,759.5,757.0,759.3,6135
2021-07-15 15:15:00+05:30,759.3,760.0,755.0,756.35,7649
2021-07-15 15:30:00+05:30,756.35,760.0,753.1,758.95,28436
2021-07-16 09:30:00+05:30,761.6,768.95,761.6,764.45,20247
2021-07-16 09:45:00+05:30,764.45,769.0,763.4,765.8,12782
2021-07-16 10:00:00+05:30,765.4,770.0,765.05,768.65,21141
2021-07-16 10:15:00+05:30,768.15,769.45,766.0,767.9,7029
2021-07-16 10:30:00+05:30,767.9,767.9,763.8,765.0,5808
2021-07-16 10:45:00+05:30,765.0,773.65,764.65,771.5,20387
2021-07-16 11:00:00+05:30,771.5,772.25,768.0,768.9,8238
2021-07-16 11:15:00+05:30,769.15,771.7,768.75,771.65,4153
2021-07-16 11:30:00+05:30,771.45,771.6,770.05,770.55,1302
2021-07-16 11:45:00+05:30,771.6,776.0,770.0,770.85,16287
2021-07-16 12:00:00+05:30,770.85,771.5,770.0,771.0,6055
2021-07-16 12:15:00+05:30,771.0,771.9,770.25,771.4,4196
2021-07-16 12:30:00+05:30,771.4,773.95,770.45,772.5,9335
2021-07-16 12:45:00+05:30,772.5,778.35,772.0,776.1,18134
2021-07-16 13:00:00+05:30,776.5,777.8,773.15,773.25,7129
2021-07-16 13:15:00+05:30,773.25,786.0,773.25,784.7,46751
2021-07-16 13:30:00+05:30,784.1,799.4,784.0,785.65,120519
2021-07-16 13:45:00+05:30,785.65,790.0,783.0,789.7,33177
2021-07-16 14:00:00+05:30,789.9,792.0,784.5,786.0,45447
2021-07-16 14:15:00+05:30,786.65,790.8,786.05,787.05,15589
2021-07-16 14:30:00+05:30,787.05,791.55,787.05,789.1,17345
2021-07-16 14:45:00+05:30,789.1,790.6,785.05,785.85,25065
2021-07-16 15:00:00+05:30,785.85,790.4,785.0,787.0,31958
2021-07-16 15:15:00+05:30,788.0,794.35,786.3,789.45,81378
2021-07-16 15:30:00+05:30,789.45,794.85,787.0,792.0,58840
2021-07-19 09:30:00+05:30,790.0,790.0,781.7,787.0,24917
2021-07-19 09:45:00+05:30,787.5,810.9,785.35,806.55,84340
2021-07-19 10:00:00+05:30,806.95,824.9,806.2,816.8,230442
2021-07-19 10:15:00+05:30,816.5,836.5,816.35,835.05,329482
2021-07-19 10:30:00+05:30,835.0,846.85,834.85,842.3,413825
2021-07-19 10:45:00+05:30,842.45,843.4,830.1,837.0,159958
2021-07-19 11:00:00+05:30,837.0,842.0,832.1,838.0,70726
2021-07-19 11:15:00+05:30,838.0,838.7,832.9,835.8,41644
2021-07-19 11:30:00+05:30,835.8,838.0,835.0,835.55,21884
2021-07-19 11:45:00+05:30,836.2,836.45,833.0,834.45,22012
2021-07-19 12:00:00+05:30,834.45,835.0,833.0,834.0,15742
2021-07-19 12:15:00+05:30,834.0,834.0,823.0,827.0,84023
2021-07-19 12:30:00+05:30,827.0,827.0,822.1,823.1,40633
2021-07-19 12:45:00+05:30,822.5,826.45,821.35,824.15,24408
2021-07-19 13:00:00+05:30,823.7,824.8,821.1,821.4,22334
2021-07-19 13:15:00+05:30,821.4,821.7,816.1,820.35,56304
2021-07-19 13:30:00+05:30,820.85,823.0,820.0,822.25,22828
2021-07-19 13:45:00+05:30,822.25,824.35,821.5,823.0,11272
2021-07-19 14:00:00+05:30,823.0,823.3,820.45,820.5,8781
2021-07-19 14:15:00+05:30,820.5,823.3,820.1,823.05,7211
2021-07-19 14:30:00+05:30,823.2,823.2,817.15,818.1,22889
2021-07-19 14:45:00+05:30,818.1,819.7,811.55,813.45,33981
2021-07-19 15:00:00+05:30,813.45,822.5,813.0,822.5,35399
2021-07-19 15:15:00+05:30,822.5,836.5,821.85,829.9,126006
2021-07-19 15:30:00+05:30,829.9,830.0,815.0,822.0,79719
2021-07-20 09:30:00+05:30,834.85,835.0,815.0,817.5,106122
2021-07-20 09:45:00+05:30,817.95,820.0,812.0,818.95,33494
2021-07-20 10:00:00+05:30,819.9,821.25,816.2,820.0,36694
2021-07-20 10:15:00+05:30,820.0,820.3,819.45,819.6,14030
2021-07-20 10:30:00+05:30,819.6,820.0,816.25,817.35,11682
2021-07-20 10:45:00+05:30,817.5,818.9,815.7,816.9,11658
2021-07-20 11:00:00+05:30,817.0,820.0,814.9,820.0,18852
2021-07-20 11:15:00+05:30,819.95,821.0,817.3,818.0,21692
2021-07-20 11:30:00+05:30,817.35,818.0,816.35,817.7,7784
2021-07-20 11:45:00+05:30,817.7,819.9,817.0,819.9,7354
2021-07-20 12:00:00+05:30,819.9,821.0,819.1,820.7,7933
2021-07-20 12:15:00+05:30,820.65,823.0,815.7,816.7,27622
2021-07-20 12:30:00+05:30,816.8,817.0,813.7,816.35,13528
2021-07-20 12:45:00+05:30,816.35,818.9,814.55,817.85,12288
2021-07-20 13:00:00+05:30,817.85,818.5,816.0,817.85,8973
2021-07-20 13:15:00+05:30,816.6,818.35,814.15,815.0,11430
2021-07-20 13:30:00+05:30,815.0,816.9,814.1,815.0,9562
2021-07-20 13:45:00+05:30,815.0,815.0,813.35,814.85,6013
2021-07-20 14:00:00+05:30,814.85,816.7,813.0,814.4,9503
2021-07-20 14:15:00+05:30,814.4,816.05,814.4,815.9,8800
2021-07-20 14:30:00+05:30,815.05,816.3,814.5,815.05,10814
2021-07-20 14:45:00+05:30,815.1,815.9,814.0,815.0,7626
2021-07-20 15:00:00+05:30,815.0,815.0,814.05,814.9,4109
2021-07-20 15:15:00+05:30,815.0,817.05,813.3,815.25,27090
2021-07-20 15:30:00+05:30,815.2,815.8,802.1,813.0,48846
2021-07-22 09:30:00+05:30,818.5,827.6,815.85,818.8,48207
2021-07-22 09:45:00+05:30,819.95,820.0,817.0,819.35,12218
2021-07-22 10:00:00+05:30,818.9,820.0,818.0,820.0,9501
2021-07-22 10:15:00+05:30,819.95,819.95,816.0,819.95,4764
2021-07-22 10:30:00+05:30,819.85,820.0,817.2,819.3,19333
2021-07-22 10:45:00+05:30,819.0,822.0,818.05,819.7,11790
2021-07-22 11:00:00+05:30,819.7,826.15,817.1,825.0,25153
2021-07-22 11:15:00+05:30,825.0,825.0,818.55,819.0,14963
2021-07-22 11:30:00+05:30,819.0,820.0,818.05,819.0,3884
2021-07-22 11:45:00+05:30,819.0,821.2,818.6,821.2,3239
2021-07-22 12:00:00+05:30,821.2,855.0,820.05,849.9,163765
2021-07-22 12:15:00+05:30,849.8,855.85,846.35,848.35,232021
2021-07-22 12:30:00+05:30,848.35,854.3,847.0,847.85,58881
2021-07-22 12:45:00+05:30,847.85,848.45,843.0,846.0,28734
2021-07-22 13:00:00+05:30,846.0,846.0,841.35,842.0,13267
2021-07-22 13:15:00+05:30,841.7,846.75,841.7,842.95,16484
2021-07-22 13:30:00+05:30,843.0,845.0,841.1,844.15,12892
2021-07-22 13:45:00+05:30,844.15,846.0,842.4,845.8,9073
2021-07-22 14:00:00+05:30,845.8,852.35,845.8,852.0,68991
2021-07-22 14:15:00+05:30,852.0,852.0,842.8,846.4,32203
2021-07-22 14:30:00+05:30,847.0,847.0,841.0,842.0,22454
2021-07-22 14:45:00+05:30,842.0,845.9,842.0,843.1,13870
2021-07-22 15:00:00+05:30,843.1,845.5,842.1,844.7,13396
2021-07-22 15:15:00+05:30,844.05,847.85,841.1,841.1,27370
2021-07-22 15:30:00+05:30,841.3,845.05,839.05,842.5,46372
2021-07-23 09:30:00+05:30,847.0,855.0,843.6,850.3,54385
2021-07-23 09:45:00+05:30,850.0,852.0,842.4,850.0,31603
2021-07-23 10:00:00+05:30,849.05,853.0,848.35,851.05,20303
2021-07-23 10:15:00+05:30,851.45,851.5,847.15,848.6,8642
2021-07-23 10:30:00+05:30,848.6,849.15,847.6,849.15,4503
2021-07-23 10:45:00+05:30,849.1,851.5,848.15,850.3,23095
2021-07-23 11:00:00+05:30,850.3,851.5,848.55,848.8,12084
2021-07-23 11:15:00+05:30,848.8,852.95,848.8,852.95,14965
2021-07-23 11:30:00+05:30,852.95,864.0,852.05,860.05,135733
2021-07-23 11:45:00+05:30,860.05,860.8,857.0,857.0,24187
2021-07-23 12:00:00+05:30,857.0,858.75,850.9,853.75,22147
2021-07-23 12:15:00+05:30,853.75,857.05,852.2,857.05,8959
2021-07-23 12:30:00+05:30,856.35,858.0,854.5,854.95,7777
2021-07-23 12:45:00+05:30,854.95,857.6,852.4,855.9,9063
2021-07-23 13:00:00+05:30,855.85,855.85,852.3,854.45,4535
2021-07-23 13:15:00+05:30,854.45,855.0,852.35,853.1,4411
2021-07-23 13:30:00+05:30,853.1,855.2,853.0,853.0,3786
2021-07-23 13:45:00+05:30,853.0,856.95,853.0,856.45,8749
2021-07-23 14:00:00+05:30,856.45,858.0,854.05,855.75,17725
2021-07-23 14:15:00+05:30,855.75,866.35,854.8,864.0,72791
2021-07-23 14:30:00+05:30,864.6,874.8,862.75,870.0,258125
2021-07-23 14:45:00+05:30,870.0,871.7,863.6,867.65,45867
2021-07-23 15:00:00+05:30,867.65,870.0,863.0,863.65,39638
2021-07-23 15:15:00+05:30,863.65,867.1,862.0,862.0,44353
2021-07-23 15:30:00+05:30,862.1,862.7,856.4,858.9,57286
2021-07-26 09:30:00+05:30,862.0,878.75,855.75,871.95,80448
2021-07-26 09:45:00+05:30,872.55,874.0,869.6,872.25,21866
2021-07-26 10:00:00+05:30,871.35,873.0,862.85,868.25,38986
2021-07-26 10:15:00+05:30,868.2,868.95,865.0,867.25,13379
2021-07-26 10:30:00+05:30,867.2,868.4,865.65,866.0,4671
2021-07-26 10:45:00+05:30,866.75,867.25,863.15,863.8,8405
2021-07-26 11:00:00+05:30,863.75,864.2,858.05,859.8,14642
2021-07-26 11:15:00+05:30,859.8,863.7,858.5,860.0,13664
2021-07-26 11:30:00+05:30,860.85,863.8,860.0,862.4,5153
2021-07-26 11:45:00+05:30,862.4,862.6,852.95,858.0,26175
2021-07-26 12:00:00+05:30,858.05,859.75,856.0,859.7,13040
2021-07-26 12:15:00+05:30,860.0,860.0,855.0,855.4,4442
2021-07-26 12:30:00+05:30,855.4,856.45,852.0,854.2,9473
2021-07-26 12:45:00+05:30,854.35,857.75,854.25,856.0,3189
2021-07-26 13:00:00+05:30,856.0,857.1,854.1,854.15,2760
2021-07-26 13:15:00+05:30,854.15,855.55,853.25,854.5,3712
2021-07-26 13:30:00+05:30,854.5,855.25,853.3,853.7,3131
2021-07-26 13:45:00+05:30,853.9,854.8,852.6,853.05,5096
2021-07-26 14:00:00+05:30,853.0,854.05,852.0,852.8,4760
2021-07-26 14:15:00+05:30,852.8,853.7,846.2,848.15,21844
2021-07-26 14:30:00+05:30,848.8,852.9,842.1,848.0,23716
2021-07-26 14:45:00+05:30,847.45,849.45,846.0,847.65,6781
2021-07-26 15:00:00+05:30,847.65,852.45,846.95,849.6,11348
2021-07-26 15:15:00+05:30,850.9,850.9,845.25,848.35,21307
2021-07-26 15:30:00+05:30,846.6,848.75,841.1,844.0,37138
2021-07-27 09:30:00+05:30,846.0,854.55,845.1,846.9,30310
2021-07-27 09:45:00+05:30,847.5,851.25,846.7,849.75,8614
2021-07-27 10:00:00+05:30,849.75,857.95,849.1,855.3,14902
2021-07-27 10:15:00+05:30,856.25,856.9,848.8,848.9,20920
2021-07-27 10:30:00+05:30,848.9,850.0,842.0,843.35,21254
2021-07-27 10:45:00+05:30,843.35,843.9,842.0,843.0,8407
2021-07-27 11:00:00+05:30,842.75,843.0,838.5,839.6,12648
2021-07-27 11:15:00+05:30,839.3,841.8,838.05,840.1,5931
2021-07-27 11:30:00+05:30,840.1,841.7,838.8,839.8,5648
2021-07-27 11:45:00+05:30,839.4,841.55,839.4,841.55,2250
2021-07-27 12:00:00+05:30,841.55,841.55,839.5,841.3,4469
2021-07-27 12:15:00+05:30,841.3,842.95,839.0,841.9,4362
2021-07-27 12:30:00+05:30,841.9,842.8,837.0,838.5,12843
2021-07-27 12:45:00+05:30,838.2,840.6,837.6,837.7,6161
2021-07-27 13:00:00+05:30,837.7,839.45,835.0,835.85,8521
2021-07-27 13:15:00+05:30,835.2,835.85,830.25,832.65,12986
2021-07-27 13:30:00+05:30,832.65,835.0,832.45,833.75,5957
2021-07-27 13:45:00+05:30,833.75,835.0,820.15,831.45,37084
2021-07-27 14:00:00+05:30,831.45,832.6,826.05,826.05,6579
2021-07-27 14:15:00+05:30,828.4,828.5,822.9,823.15,15901
2021-07-27 14:30:00+05:30,823.15,827.5,822.0,826.85,11463
2021-07-27 14:45:00+05:30,827.0,828.6,825.0,827.8,7039
2021-07-27 15:00:00+05:30,827.8,831.0,827.8,828.0,16558
2021-07-27 15:15:00+05:30,828.0,829.9,825.0,825.05,13331
2021-07-27 15:30:00+05:30,826.25,832.6,820.1,832.6,31321
2021-07-28 09:30:00+05:30,832.7,838.25,820.0,837.7,71438
2021-07-28 09:45:00+05:30,837.7,842.0,834.55,835.0,40041
2021-07-28 10:00:00+05:30,835.2,839.0,834.55,838.45,15490
2021-07-28 10:15:00+05:30,838.1,841.0,836.05,836.2,24583
2021-07-28 10:30:00+05:30,836.2,837.75,834.55,835.0,24359
2021-07-28 10:45:00+05:30,835.0,835.0,826.55,826.55,17413
2021-07-28 11:00:00+05:30,826.55,836.05,826.55,832.25,16299
2021-07-28 11:15:00+05:30,832.15,835.0,832.05,835.0,6963
2021-07-28 11:30:00+05:30,835.0,836.5,833.25,834.85,6756
2021-07-28 11:45:00+05:30,834.85,836.0,833.0,834.8,7477
2021-07-28 12:00:00+05:30,834.95,836.2,832.1,832.35,4385
2021-07-28 12:15:00+05:30,832.35,835.55,832.35,835.15,6356
2021-07-28 12:30:00+05:30,835.3,840.0,834.15,834.75,14660
2021-07-28 12:45:00+05:30,834.75,835.6,831.2,831.35,5556
2021-07-28 13:00:00+05:30,832.45,835.05,831.3,833.15,29292
2021-07-28 13:15:00+05:30,833.95,834.65,831.15,831.15,4274
2021-07-28 13:30:00+05:30,831.15,845.0,831.15,839.2,199110
2021-07-28 13:45:00+05:30,840.0,857.85,828.05,848.9,480999
2021-07-28 14:00:00+05:30,848.0,848.85,831.95,832.3,93995
2021-07-28 14:15:00+05:30,832.3,842.95,832.0,833.0,55585
2021-07-28 14:30:00+05:30,833.0,835.2,827.3,830.05,39106
2021-07-28 14:45:00+05:30,830.05,836.0,827.0,829.95,43742
2021-07-28 15:00:00+05:30,829.95,834.5,829.0,830.45,35203
2021-07-28 15:15:00+05:30,831.3,833.6,830.0,833.0,34557
2021-07-28 15:30:00+05:30,833.0,833.95,827.0,827.95,46706
2021-07-29 09:30:00+05:30,835.55,846.7,835.55,840.5,44256
2021-07-29 09:45:00+05:30,839.65,842.45,838.6,841.45,11368
2021-07-29 10:00:00+05:30,841.45,843.6,839.35,840.95,8531
2021-07-29 10:15:00+05:30,840.95,843.35,837.75,842.75,15587
2021-07-29 10:30:00+05:30,842.15,845.5,839.25,839.25,23275
2021-07-29 10:45:00+05:30,839.25,846.0,836.8,843.9,49306
2021-07-29 11:00:00+05:30,846.05,847.05,838.0,841.3,65347
2021-07-29 11:15:00+05:30,841.3,849.0,838.4,838.95,101183
2021-07-29 11:30:00+05:30,838.8,846.7,838.6,842.05,55209
2021-07-29 11:45:00+05:30,842.65,842.65,838.6,838.6,8528
2021-07-29 12:00:00+05:30,838.4,842.0,838.4,840.15,24860
2021-07-29 12:15:00+05:30,839.95,842.8,839.95,841.65,6288
2021-07-29 12:30:00+05:30,841.65,843.05,841.15,842.3,3284
2021-07-29 12:45:00+05:30,842.35,843.7,840.0,840.5,6901
2021-07-29 13:00:00+05:30,840.3,845.2,840.2,844.55,8513
2021-07-29 13:15:00+05:30,844.55,868.9,844.1,866.0,177956
2021-07-29 13:30:00+05:30,866.2,867.0,859.2,863.45,48204
2021-07-29 13:45:00+05:30,863.45,868.0,863.45,866.3,48754
2021-07-29 14:00:00+05:30,866.0,866.3,858.0,861.3,35901
2021-07-29 14:15:00+05:30,861.3,868.0,858.25,867.15,36410
2021-07-29 14:30:00+05:30,868.0,891.85,867.55,888.6,357693
2021-07-29 14:45:00+05:30,888.7,893.05,868.8,875.3,247385
2021-07-29 15:00:00+05:30,875.3,879.0,873.1,876.15,66278
2021-07-29 15:15:00+05:30,876.8,883.7,875.05,881.65,86510
2021-07-29 15:30:00+05:30,882.45,885.0,875.05,879.9,78570
2021-07-30 09:30:00+05:30,878.15,886.5,865.3,873.0,77054
2021-07-30 09:45:00+05:30,873.0,875.55,868.05,872.35,67856
2021-07-30 10:00:00+05:30,872.35,882.0,869.9,880.8,109495
2021-07-30 10:15:00+05:30,880.4,917.9,879.55,907.2,310965
2021-07-30 10:30:00+05:30,908.45,908.75,896.7,901.6,81347
2021-07-30 10:45:00+05:30,901.6,902.1,895.0,900.0,30489
2021-07-30 11:00:00+05:30,900.0,913.0,898.05,911.2,53835
2021-07-30 11:15:00+05:30,911.0,911.0,898.0,899.45,40235
2021-07-30 11:30:00+05:30,899.45,903.8,898.0,899.0,14454
2021-07-30 11:45:00+05:30,899.0,899.65,886.55,889.15,44379
2021-07-30 12:00:00+05:30,889.0,891.0,883.25,891.0,34392
2021-07-30 12:15:00+05:30,891.1,894.4,889.95,890.0,14550
2021-07-30 12:30:00+05:30,890.0,892.0,889.45,891.7,7192
2021-07-30 12:45:00+05:30,891.7,892.0,890.25,891.3,4310
2021-07-30 13:00:00+05:30,891.3,891.3,888.6,890.0,4351
2021-07-30 13:15:00+05:30,890.0,895.0,889.15,894.3,8636
2021-07-30 13:30:00+05:30,894.3,894.4,888.3,890.8,12036
2021-07-30 13:45:00+05:30,890.8,891.7,886.7,886.7,10735
2021-07-30 14:00:00+05:30,886.7,889.0,886.1,888.0,8245
2021-07-30 14:15:00+05:30,887.35,902.5,887.3,898.0,85713
2021-07-30 14:30:00+05:30,898.0,899.5,895.65,898.0,34109
2021-07-30 14:45:00+05:30,898.0,898.7,886.0,887.95,25749
2021-07-30 15:00:00+05:30,887.1,891.85,885.9,887.75,20633
2021-07-30 15:15:00+05:30,888.55,899.65,888.55,897.65,64827
2021-07-30 15:30:00+05:30,897.95,915.0,897.0,904.0,101575
2021-08-02 09:30:00+05:30,910.1,913.5,887.75,891.0,72807
2021-08-02 09:45:00+05:30,891.85,892.0,885.0,887.1,50482
2021-08-02 10:00:00+05:30,887.8,890.5,887.0,888.9,13526
2021-08-02 10:15:00+05:30,888.85,889.75,886.5,887.0,14960
2021-08-02 10:30:00+05:30,887.0,890.0,885.15,890.0,14823
2021-08-02 10:45:00+05:30,890.0,894.7,889.3,891.6,111137
2021-08-02 11:00:00+05:30,891.65,897.15,890.3,893.35,22793
2021-08-02 11:15:00+05:30,893.7,893.7,892.0,892.45,7564
2021-08-02 11:30:00+05:30,892.45,893.0,889.3,890.15,8859
2021-08-02 11:45:00+05:30,890.15,892.75,889.85,892.1,15384
2021-08-02 12:00:00+05:30,892.1,892.5,891.05,892.5,15257
2021-08-02 12:15:00+05:30,892.5,892.5,889.3,890.0,10874
2021-08-02 12:30:00+05:30,890.0,890.0,888.0,890.0,12464
2021-08-02 12:45:00+05:30,888.85,890.05,888.0,890.0,9723
2021-08-02 13:00:00+05:30,890.0,890.05,888.9,890.0,12809
2021-08-02 13:15:00+05:30,890.0,890.0,889.0,890.0,11223
2021-08-02 13:30:00+05:30,890.0,890.4,889.05,890.0,11088
2021-08-02 13:45:00+05:30,890.0,890.5,889.05,890.0,12606
2021-08-02 14:00:00+05:30,890.0,890.1,888.9,889.95,15083
2021-08-02 14:15:00+05:30,889.95,892.25,888.9,892.25,11503
2021-08-02 14:30:00+05:30,892.15,892.75,891.1,892.75,11074
2021-08-02 14:45:00+05:30,892.7,896.0,891.5,893.25,18647
2021-08-02 15:00:00+05:30,893.85,894.55,891.1,893.3,17346
2021-08-02 15:15:00+05:30,893.95,895.0,893.0,893.05,25888
2021-08-02 15:30:00+05:30,893.5,894.55,890.1,892.45,30389
2021-08-03 09:30:00+05:30,894.4,897.95,885.0,887.0,20747
2021-08-03 09:45:00+05:30,887.0,887.85,883.1,885.5,15761
2021-08-03 10:00:00+05:30,885.5,889.3,882.2,888.65,19600
2021-08-03 10:15:00+05:30,888.8,890.0,885.0,885.95,7675
2021-08-03 10:30:00+05:30,885.95,888.75,885.0,886.3,5757
2021-08-03 10:45:00+05:30,886.5,892.4,884.25,890.45,23807
2021-08-03 11:00:00+05:30,890.9,890.9,885.05,888.65,4004
2021-08-03 11:15:00+05:30,888.65,889.2,885.45,886.3,35689
2021-08-03 11:30:00+05:30,888.0,888.25,884.25,886.95,29666
2021-08-03 11:45:00+05:30,886.45,891.0,886.15,889.75,34550
2021-08-03 12:00:00+05:30,889.75,889.95,886.75,887.25,4661
2021-08-03 12:15:00+05:30,887.25,888.2,885.05,887.4,8642
2021-08-03 12:30:00+05:30,887.4,889.45,886.6,888.5,4967
2021-08-03 12:45:00+05:30,888.6,888.9,887.6,887.8,2066
2021-08-03 13:00:00+05:30,887.8,888.9,886.4,887.35,4258
2021-08-03 13:15:00+05:30,887.35,887.4,884.3,885.9,8498
2021-08-03 13:30:00+05:30,885.9,887.1,882.3,885.15,10978
2021-08-03 13:45:00+05:30,885.15,887.0,884.0,884.55,4066
2021-08-03 14:00:00+05:30,884.55,886.0,884.55,884.65,4468
2021-08-03 14:15:00+05:30,884.65,885.0,884.0,885.0,4498
2021-08-03 14:30:00+05:30,885.0,886.0,883.0,883.75,5328
2021-08-03 14:45:00+05:30,883.75,884.0,882.2,884.0,6177
2021-08-03 15:00:00+05:30,884.0,887.0,882.55,884.4,18689
2021-08-03 15:15:00+05:30,885.0,888.0,884.0,888.0,11953
2021-08-03 15:30:00+05:30,887.6,888.0,885.0,886.0,20530
2021-08-04 09:30:00+05:30,894.45,898.35,886.0,895.15,37004
2021-08-04 09:45:00+05:30,895.0,895.9,889.05,889.1,27335
2021-08-04 10:00:00+05:30,889.95,893.1,889.0,892.8,15008
2021-08-04 10:15:00+05:30,892.8,892.8,889.0,892.3,10692
2021-08-04 10:30:00+05:30,891.75,892.75,890.0,891.45,9392
2021-08-04 10:45:00+05:30,891.4,891.5,887.15,889.3,12665
2021-08-04 11:00:00+05:30,889.3,892.0,886.0,891.75,18692
2021-08-04 11:15:00+05:30,891.5,891.95,888.65,890.95,16411
2021-08-04 11:30:00+05:30,890.85,890.85,887.0,889.0,8274
2021-08-04 11:45:00+05:30,889.0,891.0,887.0,890.35,7959
2021-08-04 12:00:00+05:30,889.7,891.25,888.0,888.35,9400
2021-08-04 12:15:00+05:30,888.0,889.5,882.6,884.1,19930
2021-08-04 12:30:00+05:30,884.1,885.25,882.5,883.6,8178
2021-08-04 12:45:00+05:30,883.6,883.6,880.1,880.1,8007
2021-08-04 13:00:00+05:30,880.3,881.95,880.1,880.2,5304
2021-08-04 13:15:00+05:30,880.2,881.0,875.55,877.15,11350
2021-08-04 13:30:00+05:30,877.15,877.45,870.05,871.3,22900
2021-08-04 13:45:00+05:30,871.85,872.85,868.05,871.0,15335
2021-08-04 14:00:00+05:30,871.3,872.7,868.0,869.55,9496
2021-08-04 14:15:00+05:30,869.7,870.0,868.2,870.0,4210
2021-08-04 14:30:00+05:30,870.0,874.25,869.65,873.5,11267
2021-08-04 14:45:00+05:30,873.5,883.0,872.0,881.6,23175
2021-08-04 15:00:00+05:30,881.75,891.75,881.0,889.0,55842
2021-08-04 15:15:00+05:30,889.0,892.1,882.95,884.45,43362
2021-08-04 15:30:00+05:30,887.25,887.95,874.45,881.0,39173
2021-08-05 09:30:00+05:30,885.0,885.0,872.85,876.0,28089
2021-08-05 09:45:00+05:30,875.95,881.95,873.0,879.55,18049
2021-08-05 10:00:00+05:30,880.0,881.9,879.05,880.7,8743
2021-08-05 10:15:00+05:30,879.95,880.0,878.55,878.55,3725
2021-08-05 10:30:00+05:30,878.65,880.0,876.3,879.95,4831
2021-08-05 10:45:00+05:30,879.5,882.0,878.1,879.65,10386
2021-08-05 11:00:00+05:30,880.0,891.9,879.95,883.0,55057
2021-08-05 11:15:00+05:30,882.65,885.9,880.15,883.8,14558
2021-08-05 11:30:00+05:30,884.45,885.5,881.9,882.5,9323
2021-08-05 11:45:00+05:30,883.2,884.95,883.05,884.95,3347
2021-08-05 12:00:00+05:30,884.0,885.0,882.65,884.4,4863
2021-08-05 12:15:00+05:30,884.75,885.0,882.7,883.0,4819
2021-08-05 12:30:00+05:30,883.1,887.6,883.1,886.0,4798
2021-08-05 12:45:00+05:30,886.0,886.0,884.8,885.3,2768
2021-08-05 13:00:00+05:30,885.3,888.8,885.0,885.2,8920
2021-08-05 13:15:00+05:30,886.1,886.2,884.95,885.7,1791
2021-08-05 13:30:00+05:30,885.8,886.8,885.0,885.1,1093
2021-08-05 13:45:00+05:30,884.95,886.4,884.9,885.0,2985
2021-08-05 14:00:00+05:30,885.9,888.65,883.5,888.65,7146
2021-08-05 14:15:00+05:30,888.6,891.65,888.2,889.4,9363
2021-08-05 14:30:00+05:30,889.05,890.0,888.3,888.4,5612
2021-08-05 14:45:00+05:30,889.15,890.0,887.95,889.5,3981
2021-08-05 15:00:00+05:30,890.0,894.9,888.45,890.4,20272
2021-08-05 15:15:00+05:30,891.6,893.0,885.0,887.0,24182
2021-08-05 15:30:00+05:30,887.0,889.95,885.05,889.95,16266
2021-08-05 15:45:00+05:30,889.0,889.0,889.0,889.0,15
2021-08-06 09:30:00+05:30,891.5,893.8,882.25,885.4,29918
2021-08-06 09:45:00+05:30,885.4,886.0,880.0,883.4,9921
2021-08-06 10:00:00+05:30,883.4,884.95,882.1,882.25,5140
2021-08-06 10:15:00+05:30,883.0,884.05,882.35,883.0,2581
2021-08-06 10:30:00+05:30,883.0,884.25,882.35,884.1,3360
2021-08-06 10:45:00+05:30,884.1,884.1,880.8,881.1,6546
2021-08-06 11:00:00+05:30,881.1,882.35,880.35,881.85,1857
2021-08-06 11:15:00+05:30,881.85,883.15,880.85,882.0,1956
2021-08-06 11:30:00+05:30,881.9,882.9,881.25,882.4,1092
2021-08-06 11:45:00+05:30,882.5,882.95,878.0,880.0,6996
2021-08-06 12:00:00+05:30,879.2,882.5,878.85,881.55,662
2021-08-06 12:15:00+05:30,881.55,882.4,880.5,881.0,1346
2021-08-06 12:30:00+05:30,881.0,881.55,880.75,881.15,2729
2021-08-06 12:45:00+05:30,881.15,881.7,878.65,880.25,3140
2021-08-06 13:00:00+05:30,880.25,881.35,880.0,881.35,2314
2021-08-06 13:15:00+05:30,881.35,881.35,879.65,880.0,1005
2021-08-06 13:30:00+05:30,880.0,880.0,876.0,877.95,6539
2021-08-06 13:45:00+05:30,877.95,878.0,876.05,877.0,1415
2021-08-06 14:00:00+05:30,877.0,878.0,875.05,876.0,3931
2021-08-06 14:15:00+05:30,876.0,877.0,876.0,876.0,3322
2021-08-06 14:30:00+05:30,876.0,880.75,876.0,878.55,6070
2021-08-06 14:45:00+05:30,879.7,879.95,877.5,879.3,1495
2021-08-06 15:00:00+05:30,879.3,879.7,875.1,875.7,6358
2021-08-06 15:15:00+05:30,876.8,877.95,875.05,877.0,7753
2021-08-06 15:30:00+05:30,876.15,878.0,870.0,874.9,17087
2021-08-09 09:30:00+05:30,871.7,878.95,868.9,870.0,19357
2021-08-09 09:45:00+05:30,869.25,871.1,866.75,868.0,15162
2021-08-09 10:00:00+05:30,867.95,868.0,858.05,863.8,20871
2021-08-09 10:15:00+05:30,863.8,865.0,861.65,863.5,6901
2021-08-09 10:30:00+05:30,863.5,863.5,856.75,858.0,14400
2021-08-09 10:45:00+05:30,858.0,862.05,854.75,860.9,16694
2021-08-09 11:00:00+05:30,860.4,861.45,859.6,861.45,10738
2021-08-09 11:15:00+05:30,861.4,861.6,860.0,860.8,3732
2021-08-09 11:30:00+05:30,860.8,863.65,860.0,860.65,7965
2021-08-09 11:45:00+05:30,860.65,868.15,860.65,866.0,10350
2021-08-09 12:00:00+05:30,866.0,867.0,865.0,865.0,7293
2021-08-09 12:15:00+05:30,865.4,865.85,864.25,865.0,3165
2021-08-09 12:30:00+05:30,865.0,865.4,864.0,865.0,8359
2021-08-09 12:45:00+05:30,865.0,865.7,864.75,865.1,13896
2021-08-09 13:00:00+05:30,865.7,866.0,865.05,865.9,860
2021-08-09 13:15:00+05:30,865.9,867.8,861.7,863.95,3879
2021-08-09 13:30:00+05:30,863.95,865.15,862.0,863.6,2897
2021-08-09 13:45:00+05:30,863.45,864.0,861.65,863.45,2730
2021-08-09 14:00:00+05:30,863.3,863.3,857.5,861.0,7978
2021-08-09 14:15:00+05:30,861.7,863.0,861.0,862.7,1514
2021-08-09 14:30:00+05:30,862.7,864.85,861.2,863.3,2435
2021-08-09 14:45:00+05:30,863.4,864.5,862.8,864.0,3008
2021-08-09 15:00:00+05:30,864.0,864.0,858.0,859.0,5059
2021-08-09 15:15:00+05:30,859.95,861.35,856.0,856.75,9329
2021-08-09 15:30:00+05:30,856.0,856.85,850.0,853.0,24910
2021-08-10 09:30:00+05:30,850.8,859.9,850.8,857.45,10720
2021-08-10 09:45:00+05:30,857.45,860.0,856.05,856.05,9779
2021-08-10 10:00:00+05:30,856.5,857.8,853.55,853.9,4082
2021-08-10 10:15:00+05:30,853.0,855.0,852.05,854.35,5274
2021-08-10 10:30:00+05:30,854.5,855.0,852.7,852.75,2523
2021-08-10 10:45:00+05:30,852.75,855.0,852.75,854.85,2064
2021-08-10 11:00:00+05:30,854.1,854.9,852.5,854.8,2126
2021-08-10 11:15:00+05:30,854.8,855.0,853.85,854.0,3272
2021-08-10 11:30:00+05:30,854.0,855.0,854.0,855.0,1528
2021-08-10 11:45:00+05:30,855.0,855.0,854.0,855.0,3189
2021-08-10 12:00:00+05:30,855.0,858.0,854.0,858.0,3658
2021-08-10 12:15:00+05:30,858.0,858.0,855.75,857.95,1555
2021-08-10 12:30:00+05:30,857.95,858.0,855.75,856.45,890
2021-08-10 12:45:00+05:30,856.45,857.0,855.3,856.0,897
2021-08-10 13:00:00+05:30,856.0,856.15,853.25,853.95,1594
2021-08-10 13:15:00+05:30,853.95,854.4,851.25,851.25,2741
2021-08-10 13:30:00+05:30,851.25,852.0,846.05,851.05,13861
2021-08-10 13:45:00+05:30,851.05,851.95,848.15,850.8,2343
2021-08-10 14:00:00+05:30,849.9,854.95,849.55,852.0,10347
2021-08-10 14:15:00+05:30,852.0,852.0,840.0,843.25,29262
2021-08-10 14:30:00+05:30,842.3,852.5,842.3,851.2,26289
2021-08-10 14:45:00+05:30,851.95,853.8,846.75,852.9,22922
2021-08-10 15:00:00+05:30,852.9,855.95,850.1,852.0,18369
2021-08-10 15:15:00+05:30,852.0,855.0,849.8,854.0,20441
2021-08-10 15:30:00+05:30,852.15,853.35,840.1,841.2,33269
2021-08-11 09:30:00+05:30,855.1,888.0,855.1,872.7,633649
2021-08-11 09:45:00+05:30,872.7,882.9,868.25,873.5,161970
2021-08-11 10:00:00+05:30,871.8,877.45,866.15,868.4,59955
2021-08-11 10:15:00+05:30,868.05,868.05,851.0,863.0,61773
2021-08-11 10:30:00+05:30,863.0,865.0,858.1,862.9,24702
2021-08-11 10:45:00+05:30,861.8,863.85,859.2,862.35,17164
2021-08-11 11:00:00+05:30,863.25,865.95,861.65,864.9,12989
2021-08-11 11:15:00+05:30,864.9,868.25,864.55,866.2,10760
2021-08-11 11:30:00+05:30,866.2,872.8,864.15,871.4,21998
2021-08-11 11:45:00+05:30,871.2,875.0,871.2,875.0,34492
2021-08-11 12:00:00+05:30,875.0,875.0,870.6,873.1,14096
2021-08-11 12:15:00+05:30,873.35,878.85,871.8,878.0,31815
2021-08-11 12:30:00+05:30,878.0,878.1,874.0,875.0,17784
2021-08-11 12:45:00+05:30,875.0,877.6,874.75,876.55,11413
2021-08-11 13:00:00+05:30,876.55,878.5,875.1,877.5,10554
2021-08-11 13:15:00+05:30,877.55,882.0,874.25,880.0,33230
2021-08-11 13:30:00+05:30,880.0,890.0,880.0,882.0,67669
2021-08-11 13:45:00+05:30,882.0,883.5,880.5,881.85,15500
2021-08-11 14:00:00+05:30,881.85,883.45,876.0,877.65,25129
2021-08-11 14:15:00+05:30,877.6,880.95,876.5,880.3,12725
2021-08-11 14:30:00+05:30,880.7,884.95,879.85,881.2,15048
2021-08-11 14:45:00+05:30,881.2,882.05,877.0,878.55,26189
2021-08-11 15:00:00+05:30,878.0,881.85,877.55,878.2,14274
2021-08-11 15:15:00+05:30,878.2,886.85,878.2,886.85,50457
2021-08-11 15:30:00+05:30,886.25,903.0,886.0,901.45,150575
2021-08-12 09:30:00+05:30,905.0,936.7,905.0,934.7,523865
2021-08-12 09:45:00+05:30,934.95,938.0,924.2,929.6,258206
2021-08-12 10:00:00+05:30,929.6,931.95,927.1,928.8,73951
2021-08-12 10:15:00+05:30,928.8,932.45,928.0,931.6,85089
2021-08-12 10:30:00+05:30,931.65,931.65,927.6,929.25,42646
2021-08-12 10:45:00+05:30,928.65,929.5,922.85,926.5,45929
2021-08-12 11:00:00+05:30,926.5,929.95,924.95,929.95,28721
2021-08-12 11:15:00+05:30,929.6,935.0,928.0,931.95,87878
2021-08-12 11:30:00+05:30,931.95,932.0,929.0,930.65,28100
2021-08-12 11:45:00+05:30,930.65,931.35,927.05,930.3,26316
2021-08-12 12:00:00+05:30,930.95,933.85,930.25,931.0,37454
2021-08-12 12:15:00+05:30,931.0,932.0,930.1,931.0,12786
2021-08-12 12:30:00+05:30,931.0,934.0,929.0,933.5,24165
2021-08-12 12:45:00+05:30,934.0,945.0,934.0,938.0,208334
2021-08-12 13:00:00+05:30,937.0,938.0,931.9,934.5,46912
2021-08-12 13:15:00+05:30,934.5,937.85,933.5,936.15,27072
2021-08-12 13:30:00+05:30,936.15,938.0,934.65,935.1,15982
2021-08-12 13:45:00+05:30,935.1,936.0,934.0,934.9,16062
2021-08-12 14:00:00+05:30,934.9,934.9,931.0,933.0,24621
2021-08-12 14:15:00+05:30,933.0,936.5,932.4,934.05,19634
2021-08-12 14:30:00+05:30,934.05,935.3,931.15,933.95,23544
2021-08-12 14:45:00+05:30,933.95,934.45,932.15,933.9,19411
2021-08-12 15:00:00+05:30,933.8,938.35,933.0,937.45,49775
2021-08-12 15:15:00+05:30,937.5,938.0,933.1,936.5,79501
2021-08-12 15:30:00+05:30,936.5,938.0,930.35,933.5,106932
2021-08-13 09:30:00+05:30,939.4,944.0,920.3,926.5,121704
2021-08-13 09:45:00+05:30,926.5,928.0,923.05,924.6,44614
2021-08-13 10:00:00+05:30,924.6,926.0,924.0,926.0,18364
2021-08-13 10:15:00+05:30,926.0,926.0,923.0,925.7,14417
2021-08-13 10:30:00+05:30,927.4,927.4,923.5,924.9,18680
2021-08-13 10:45:00+05:30,924.9,926.0,924.0,925.7,9933
2021-08-13 11:00:00+05:30,925.7,926.75,924.4,924.9,14644
2021-08-13 11:15:00+05:30,924.9,925.05,924.15,924.3,3978
2021-08-13 11:30:00+05:30,924.3,925.35,924.0,924.35,13501
2021-08-13 11:45:00+05:30,924.35,925.05,924.05,925.0,4208
2021-08-13 12:00:00+05:30,925.0,930.05,924.7,927.45,17219
2021-08-13 12:15:00+05:30,927.45,927.45,924.0,924.65,18193
2021-08-13 12:30:00+05:30,924.65,925.0,922.0,922.45,9642
2021-08-13 12:45:00+05:30,922.0,922.95,915.1,916.05,35764
2021-08-13 13:00:00+05:30,916.4,917.8,915.75,916.7,14293
2021-08-13 13:15:00+05:30,917.1,917.7,916.0,916.65,18949
2021-08-13 13:30:00+05:30,916.65,920.0,916.65,918.0,20230
2021-08-13 13:45:00+05:30,918.0,920.0,915.0,916.45,21283
2021-08-13 14:00:00+05:30,916.45,918.85,916.15,917.85,10409
2021-08-13 14:15:00+05:30,917.85,918.25,916.0,917.15,9907
2021-08-13 14:30:00+05:30,917.15,917.25,915.0,915.0,20278
2021-08-13 14:45:00+05:30,915.0,918.0,915.0,916.4,14200
2021-08-13 15:00:00+05:30,916.4,925.0,916.2,925.0,22058
2021-08-13 15:15:00+05:30,924.3,925.0,919.15,920.1,29580
2021-08-13 15:30:00+05:30,920.3,925.0,918.7,925.0,127008
2021-08-16 09:30:00+05:30,916.5,923.5,906.55,908.85,44890
2021-08-16 09:45:00+05:30,908.1,910.0,900.35,906.35,37506
2021-08-16 10:00:00+05:30,906.35,911.45,905.4,911.45,11389
2021-08-16 10:15:00+05:30,912.45,914.8,910.0,913.85,10389
2021-08-16 10:30:00+05:30,913.85,915.7,908.4,913.15,10939
2021-08-16 10:45:00+05:30,913.5,914.95,912.0,914.0,4142
2021-08-16 11:00:00+05:30,914.0,914.9,912.25,913.65,12554
2021-08-16 11:15:00+05:30,913.65,916.0,913.0,914.7,5356
2021-08-16 11:30:00+05:30,914.75,915.0,908.45,909.05,16248
2021-08-16 11:45:00+05:30,909.05,910.0,907.6,909.85,3107
2021-08-16 12:00:00+05:30,909.85,910.95,909.0,910.0,2356
2021-08-16 12:15:00+05:30,910.05,910.6,908.0,909.15,2289
2021-08-16 12:30:00+05:30,909.15,909.95,905.75,907.0,2676
2021-08-16 12:45:00+05:30,907.0,907.3,902.35,904.0,8895
2021-08-16 13:00:00+05:30,904.0,905.0,902.85,904.0,2926
2021-08-16 13:15:00+05:30,904.0,905.0,903.0,904.5,2721
2021-08-16 13:30:00+05:30,904.0,906.75,903.2,905.0,6288
2021-08-16 13:45:00+05:30,905.0,907.85,905.0,906.6,3048
2021-08-16 14:00:00+05:30,905.6,905.6,904.25,904.25,1384
2021-08-16 14:15:00+05:30,904.7,905.2,902.65,904.5,4790
2021-08-16 14:30:00+05:30,904.5,906.6,903.7,904.9,3795
2021-08-16 14:45:00+05:30,904.9,906.6,903.05,904.45,5679
2021-08-16 15:00:00+05:30,904.45,906.0,901.2,903.55,10781
2021-08-16 15:15:00+05:30,903.55,904.6,902.15,903.0,9457
2021-08-16 15:30:00+05:30,903.0,906.9,901.0,906.6,23559
2021-08-17 09:30:00+05:30,900.0,908.2,897.0,903.35,24499
2021-08-17 09:45:00+05:30,903.45,909.7,899.3,901.2,18846
2021-08-17 10:00:00+05:30,901.2,903.0,900.25,900.9,4373
2021-08-17 10:15:00+05:30,901.65,905.0,899.3,904.6,7282
2021-08-17 10:30:00+05:30,904.6,906.15,902.0,902.35,8442
2021-08-17 10:45:00+05:30,902.9,907.8,902.35,904.95,7506
2021-08-17 11:00:00+05:30,904.95,905.4,903.0,905.0,6674
2021-08-17 11:15:00+05:30,905.0,905.0,901.5,905.0,6471
2021-08-17 11:30:00+05:30,904.05,907.0,902.85,906.7,4602
2021-08-17 11:45:00+05:30,906.7,911.0,905.35,907.5,30821
2021-08-17 12:00:00+05:30,907.5,912.5,904.2,909.5,32078
2021-08-17 12:15:00+05:30,909.5,910.0,905.95,910.0,18670
2021-08-17 12:30:00+05:30,910.1,910.45,908.2,909.0,20479
2021-08-17 12:45:00+05:30,909.0,913.7,903.05,910.6,31318
2021-08-17 13:00:00+05:30,910.05,919.9,908.95,915.0,31411
2021-08-17 13:15:00+05:30,914.2,924.25,914.2,921.8,39124
2021-08-17 13:30:00+05:30,921.8,925.5,919.0,925.4,38854
2021-08-17 13:45:00+05:30,925.45,932.7,920.35,929.3,55321
2021-08-17 14:00:00+05:30,929.3,929.9,922.65,926.35,47210
2021-08-17 14:15:00+05:30,926.35,930.05,925.2,926.7,39150
2021-08-17 14:30:00+05:30,926.7,929.7,923.8,926.0,35055
2021-08-17 14:45:00+05:30,926.75,929.5,923.6,925.9,31552
2021-08-17 15:00:00+05:30,925.4,926.0,918.5,920.7,36378
2021-08-17 15:15:00+05:30,920.75,922.4,916.45,921.05,56463
2021-08-17 15:30:00+05:30,921.05,925.0,917.0,925.0,55874
2021-08-18 09:30:00+05:30,922.4,925.5,903.0,905.1,41771
2021-08-18 09:45:00+05:30,905.15,905.35,896.65,899.0,35347
2021-08-18 10:00:00+05:30,899.9,902.05,898.0,899.3,17802
2021-08-18 10:15:00+05:30,900.4,903.05,899.35,901.8,13312
2021-08-18 10:30:00+05:30,901.75,902.4,899.3,901.2,10238
2021-08-18 10:45:00+05:30,901.2,902.0,898.5,898.5,12618
2021-08-18 11:00:00+05:30,899.25,904.55,898.0,903.5,34263
2021-08-18 11:15:00+05:30,904.75,920.0,902.9,912.05,164127
2021-08-18 11:30:00+05:30,912.15,912.85,901.85,902.65,27853
2021-08-18 11:45:00+05:30,902.65,904.15,898.55,902.2,21668
2021-08-18 12:00:00+05:30,902.2,904.0,901.45,901.9,7561
2021-08-18 12:15:00+05:30,901.9,904.0,900.0,902.3,9023
2021-08-18 12:30:00+05:30,902.3,902.35,890.0,896.7,34582
2021-08-18 12:45:00+05:30,896.7,896.7,893.0,895.85,7306
2021-08-18 13:00:00+05:30,895.85,897.0,891.05,893.2,9807
2021-08-18 13:15:00+05:30,893.85,894.4,891.85,894.05,7902
2021-08-18 13:30:00+05:30,894.05,896.8,894.0,894.7,6735
2021-08-18 13:45:00+05:30,894.65,894.8,892.05,892.4,4594
2021-08-18 14:00:00+05:30,892.4,896.4,892.25,896.25,6971
2021-08-18 14:15:00+05:30,896.75,912.0,895.0,908.7,154526
2021-08-18 14:30:00+05:30,907.95,908.9,896.75,900.7,59597
2021-08-18 14:45:00+05:30,899.4,901.25,896.4,900.0,14089
2021-08-18 15:00:00+05:30,900.0,901.55,896.1,898.0,13682
2021-08-18 15:15:00+05:30,898.0,908.0,898.0,903.0,64902
2021-08-18 15:30:00+05:30,903.0,906.0,900.25,901.05,36086
2021-08-20 09:30:00+05:30,890.0,897.95,884.5,894.9,39286
2021-08-20 09:45:00+05:30,895.0,901.1,893.0,896.95,22627
2021-08-20 10:00:00+05:30,897.0,897.0,892.35,894.15,9465
2021-08-20 10:15:00+05:30,894.15,894.15,888.1,892.1,11338
2021-08-20 10:30:00+05:30,892.8,892.95,889.1,890.0,4411
2021-08-20 10:45:00+05:30,889.0,894.95,888.1,890.0,29953
2021-08-20 11:00:00+05:30,890.5,892.0,880.0,884.9,20368
2021-08-20 11:15:00+05:30,885.15,889.0,884.1,884.2,8445
2021-08-20 11:30:00+05:30,884.5,890.1,884.5,889.4,3819
2021-08-20 11:45:00+05:30,889.4,891.0,888.35,890.55,2258
2021-08-20 12:00:00+05:30,890.55,890.7,888.0,888.45,2631
2021-08-20 12:15:00+05:30,887.1,889.05,887.1,887.7,1276
2021-08-20 12:30:00+05:30,887.8,889.7,886.3,888.35,3176
2021-08-20 12:45:00+05:30,888.35,889.9,888.35,889.4,913
2021-08-20 13:00:00+05:30,889.4,889.4,885.65,885.65,2165
2021-08-20 13:15:00+05:30,885.65,887.15,884.5,886.0,3326
2021-08-20 13:30:00+05:30,886.0,889.0,885.7,888.45,1936
2021-08-20 13:45:00+05:30,888.45,889.85,886.7,887.25,3062
2021-08-20 14:00:00+05:30,887.25,887.5,882.05,883.0,7254
2021-08-20 14:15:00+05:30,883.0,885.0,883.0,884.0,5132
2021-08-20 14:30:00+05:30,883.3,885.0,882.1,884.8,4300
2021-08-20 14:45:00+05:30,884.0,885.0,882.4,884.05,2603
2021-08-20 15:00:00+05:30,884.05,886.0,882.5,884.25,8483
2021-08-20 15:15:00+05:30,885.3,885.6,883.0,885.0,6615
2021-08-20 15:30:00+05:30,885.0,886.0,882.45,886.0,18231
2021-08-23 09:30:00+05:30,891.0,898.0,886.3,886.4,27653
2021-08-23 09:45:00+05:30,886.9,886.95,876.5,876.75,10434
2021-08-23 10:00:00+05:30,876.05,877.95,868.25,869.5,18475
2021-08-23 10:15:00+05:30,869.5,876.85,868.0,872.1,9542
2021-08-23 10:30:00+05:30,872.85,872.85,864.0,864.75,9858
2021-08-23 10:45:00+05:30,863.7,863.9,850.3,855.0,33642
2021-08-23 11:00:00+05:30,855.2,855.3,848.0,853.75,20669
2021-08-23 11:15:00+05:30,853.9,859.05,853.4,858.85,13432
2021-08-23 11:30:00+05:30,858.85,864.8,858.0,861.2,7130
2021-08-23 11:45:00+05:30,861.2,865.95,861.1,863.1,6163
2021-08-23 12:00:00+05:30,863.9,864.15,860.75,862.5,1777
2021-08-23 12:15:00+05:30,862.5,863.95,856.8,862.0,12386
2021-08-23 12:30:00+05:30,862.9,863.65,858.8,860.05,4173
2021-08-23 12:45:00+05:30,860.05,864.0,858.95,861.15,8083
2021-08-23 13:00:00+05:30,861.15,863.4,859.9,861.75,2009
2021-08-23 13:15:00+05:30,861.75,863.95,861.35,863.8,3323
2021-08-23 13:30:00+05:30,863.8,866.5,861.65,865.0,6699
2021-08-23 13:45:00+05:30,865.0,871.45,865.0,866.0,5633
2021-08-23 14:00:00+05:30,866.0,869.1,865.05,867.9,2247
2021-08-23 14:15:00+05:30,867.9,870.45,867.05,869.0,2325
2021-08-23 14:30:00+05:30,869.0,870.1,867.6,868.85,3756
2021-08-23 14:45:00+05:30,868.85,871.5,868.0,870.0,3605
2021-08-23 15:00:00+05:30,870.95,872.0,861.7,862.8,8318
2021-08-23 15:15:00+05:30,862.8,864.7,861.0,861.0,9175
2021-08-23 15:30:00+05:30,861.0,861.3,852.05,856.9,19474
2021-08-24 09:30:00+05:30,851.15,857.9,835.0,842.75,51988
2021-08-24 09:45:00+05:30,842.85,845.7,839.0,839.6,19005
2021-08-24 10:00:00+05:30,839.6,839.75,833.0,835.0,34811
2021-08-24 10:15:00+05:30,835.0,839.45,835.0,839.4,9676
2021-08-24 10:30:00+05:30,839.4,840.0,837.05,837.7,11198
2021-08-24 10:45:00+05:30,837.7,839.8,837.55,839.25,5044
2021-08-24 11:00:00+05:30,839.25,844.2,839.0,843.6,10558
2021-08-24 11:15:00+05:30,843.6,845.8,841.05,843.2,12512
2021-08-24 11:30:00+05:30,843.2,845.2,842.45,844.6,6273
2021-08-24 11:45:00+05:30,845.15,849.6,844.25,847.5,29058
2021-08-24 12:00:00+05:30,847.55,847.9,843.2,843.7,18463
2021-08-24 12:15:00+05:30,843.45,846.45,841.0,843.0,17557
2021-08-24 12:30:00+05:30,843.0,847.0,842.05,843.55,34055
2021-08-24 12:45:00+05:30,843.75,844.65,843.0,843.9,14371
2021-08-24 13:00:00+05:30,843.9,845.35,843.0,845.3,3853
2021-08-24 13:15:00+05:30,845.3,845.95,843.5,843.95,4915
2021-08-24 13:30:00+05:30,843.95,848.5,843.7,847.0,11175
2021-08-24 13:45:00+05:30,847.0,850.9,847.0,850.3,12623
2021-08-24 14:00:00+05:30,850.1,850.6,846.15,847.95,15654
2021-08-24 14:15:00+05:30,848.4,853.6,847.6,852.05,10894
2021-08-24 14:30:00+05:30,852.05,861.6,852.0,856.5,89395
2021-08-24 14:45:00+05:30,856.3,869.8,856.3,869.0,41997
2021-08-24 15:00:00+05:30,869.0,882.7,868.45,875.0,100447
2021-08-24 15:15:00+05:30,875.0,875.25,863.8,869.4,27347
2021-08-24 15:30:00+05:30,869.4,870.0,864.2,864.45,24479
2021-08-25 09:30:00+05:30,869.8,875.95,868.25,874.65,28131
2021-08-25 09:45:00+05:30,875.25,881.65,874.2,877.85,20818
2021-08-25 10:00:00+05:30,877.9,882.25,877.25,881.2,9396
2021-08-25 10:15:00+05:30,881.8,888.0,880.05,884.0,16512
2021-08-25 10:30:00+05:30,883.5,885.4,880.6,882.9,6201
2021-08-25 10:45:00+05:30,882.9,883.2,880.65,881.75,2628
2021-08-25 11:00:00+05:30,881.75,882.9,878.85,882.9,7680
2021-08-25 11:15:00+05:30,883.0,885.0,881.2,884.0,3370
2021-08-25 11:30:00+05:30,884.0,884.85,881.75,883.85,1411
2021-08-25 11:45:00+05:30,883.85,883.9,875.6,876.1,7041
2021-08-25 12:00:00+05:30,876.1,881.05,873.8,881.05,5060
2021-08-25 12:15:00+05:30,881.05,881.35,879.35,880.0,880
2021-08-25 12:30:00+05:30,880.0,880.7,879.05,880.15,1526
2021-08-25 12:45:00+05:30,880.15,880.2,879.0,879.5,1238
2021-08-25 13:00:00+05:30,879.5,880.8,879.0,880.5,1932
2021-08-25 13:15:00+05:30,880.5,881.0,879.0,880.0,1412
2021-08-25 13:30:00+05:30,880.65,880.9,879.6,879.6,883
2021-08-25 13:45:00+05:30,880.0,880.0,877.9,879.4,1690
2021-08-25 14:00:00+05:30,879.35,879.5,877.25,878.95,1231
2021-08-25 14:15:00+05:30,878.95,879.05,877.7,877.75,417
2021-08-25 14:30:00+05:30,877.75,878.25,876.05,876.15,2441
2021-08-25 14:45:00+05:30,875.5,876.4,871.6,874.75,7627
2021-08-25 15:00:00+05:30,873.45,879.6,870.1,879.4,8234
2021-08-25 15:15:00+05:30,879.5,881.35,877.45,878.5,10969
2021-08-25 15:30:00+05:30,878.5,880.0,874.65,878.9,13253
2021-08-26 09:30:00+05:30,872.4,887.25,871.25,885.75,26110
2021-08-26 09:45:00+05:30,886.65,886.85,880.9,883.9,42016
2021-08-26 10:00:00+05:30,883.9,908.9,883.05,901.95,128676
2021-08-26 10:15:00+05:30,901.95,903.0,900.05,901.85,14361
2021-08-26 10:30:00+05:30,901.2,906.4,899.0,899.5,76388
2021-08-26 10:45:00+05:30,899.0,901.85,897.65,898.4,34707
2021-08-26 11:00:00+05:30,898.4,899.9,897.2,899.15,4711
2021-08-26 11:15:00+05:30,899.15,899.15,893.45,896.9,43347
2021-08-26 11:30:00+05:30,896.9,898.5,895.0,898.0,6812
2021-08-26 11:45:00+05:30,898.0,898.8,895.45,896.4,29498
2021-08-26 12:00:00+05:30,896.5,897.5,894.05,894.95,28854
2021-08-26 12:15:00+05:30,895.4,904.0,894.9,900.65,21375
2021-08-26 12:30:00+05:30,900.05,901.9,896.45,898.05,35546
2021-08-26 12:45:00+05:30,898.05,898.95,895.9,897.1,29279
2021-08-26 13:00:00+05:30,897.1,897.15,894.4,896.0,33730
2021-08-26 13:15:00+05:30,896.0,897.45,892.9,894.75,31473
2021-08-26 13:30:00+05:30,895.0,896.1,894.5,895.45,4137
2021-08-26 13:45:00+05:30,895.45,895.5,890.5,893.6,7008
2021-08-26 14:00:00+05:30,893.6,893.6,890.5,890.5,4434
2021-08-26 14:15:00+05:30,891.0,891.0,885.4,886.35,14439
2021-08-26 14:30:00+05:30,886.35,887.0,883.0,885.0,7745
2021-08-26 14:45:00+05:30,885.0,885.0,881.0,882.8,4197
2021-08-26 15:00:00+05:30,882.65,888.9,881.85,886.5,29986
2021-08-26 15:15:00+05:30,886.5,888.0,884.0,886.5,12592
2021-08-26 15:30:00+05:30,885.8,888.45,880.6,886.1,22970
2021-08-27 09:30:00+05:30,885.0,885.0,875.0,876.3,27410
2021-08-27 09:45:00+05:30,876.3,876.3,872.0,873.8,14528
2021-08-27 10:00:00+05:30,873.8,878.85,873.25,876.9,12390
2021-08-27 10:15:00+05:30,877.4,878.0,874.25,875.35,8319
2021-08-27 10:30:00+05:30,875.8,878.0,875.5,877.75,4791
2021-08-27 10:45:00+05:30,877.75,878.0,874.05,874.95,33096
2021-08-27 11:00:00+05:30,873.5,879.75,873.05,875.3,42987
2021-08-27 11:15:00+05:30,875.5,876.0,873.0,873.0,9652
2021-08-27 11:30:00+05:30,873.0,875.15,872.0,874.6,7939
2021-08-27 11:45:00+05:30,874.9,876.9,874.6,876.0,3693
2021-08-27 12:00:00+05:30,876.0,876.0,872.85,874.0,4023
2021-08-27 12:15:00+05:30,874.0,875.0,873.15,874.0,3232
2021-08-27 12:30:00+05:30,874.0,874.0,871.0,872.65,5848
2021-08-27 12:45:00+05:30,872.65,874.2,872.05,872.6,2822
2021-08-27 13:00:00+05:30,872.6,873.0,871.0,872.5,4648
2021-08-27 13:15:00+05:30,872.7,873.0,871.5,873.0,2253
2021-08-27 13:30:00+05:30,873.0,873.0,871.6,872.95,4273
2021-08-27 13:45:00+05:30,872.95,872.95,867.05,871.25,14052
2021-08-27 14:00:00+05:30,871.25,872.0,869.0,869.7,4435
2021-08-27 14:15:00+05:30,869.7,870.0,867.85,869.65,6547
2021-08-27 14:30:00+05:30,869.65,870.0,868.7,869.0,4549
2021-08-27 14:45:00+05:30,869.0,871.15,865.4,865.95,13828
2021-08-27 15:00:00+05:30,866.5,869.05,866.0,868.4,8941
2021-08-27 15:15:00+05:30,868.4,869.65,865.0,865.65,11240
2021-08-27 15:30:00+05:30,865.65,867.1,860.0,862.25,30752
2021-08-30 09:30:00+05:30,870.0,881.5,867.45,878.15,24319
2021-08-30 09:45:00+05:30,878.15,882.35,878.1,881.0,10852
2021-08-30 10:00:00+05:30,881.5,887.0,881.5,884.4,14800
2021-08-30 10:15:00+05:30,884.35,884.35,880.25,880.25,4043
2021-08-30 10:30:00+05:30,880.25,884.5,880.25,881.95,3293
2021-08-30 10:45:00+05:30,881.95,884.15,881.0,882.8,3153
2021-08-30 11:00:00+05:30,882.8,884.85,882.4,883.0,6152
2021-08-30 11:15:00+05:30,882.85,883.75,882.0,882.1,1592
2021-08-30 11:30:00+05:30,882.1,882.7,881.45,882.65,864
2021-08-30 11:45:00+05:30,882.95,891.85,882.0,886.8,19721
2021-08-30 12:00:00+05:30,886.8,887.0,882.55,883.1,4714
2021-08-30 12:15:00+05:30,881.15,885.25,881.15,884.0,10025
2021-08-30 12:30:00+05:30,884.0,885.0,882.95,884.55,3589
2021-08-30 12:45:00+05:30,884.55,884.55,882.05,883.25,2124
2021-08-30 13:00:00+05:30,883.4,883.45,881.5,882.3,1201
2021-08-30 13:15:00+05:30,882.3,883.15,882.3,883.15,1241
2021-08-30 13:30:00+05:30,883.15,883.55,881.9,883.55,1374
2021-08-30 13:45:00+05:30,883.75,883.75,882.0,882.85,848
2021-08-30 14:00:00+05:30,882.85,884.3,882.0,883.55,1506
2021-08-30 14:15:00+05:30,883.7,883.7,882.0,883.3,1452
2021-08-30 14:30:00+05:30,883.3,884.25,882.15,883.8,4745
2021-08-30 14:45:00+05:30,883.9,884.5,882.15,884.5,2728
2021-08-30 15:00:00+05:30,884.5,891.0,883.9,889.95,11262
2021-08-30 15:15:00+05:30,889.85,889.9,881.05,885.2,11857
2021-08-30 15:30:00+05:30,885.2,887.55,878.1,879.0,27255
2021-08-31 09:30:00+05:30,882.0,888.9,875.1,887.9,22015
2021-08-31 09:45:00+05:30,887.7,892.0,884.1,891.45,14737
2021-08-31 10:00:00+05:30,890.45,890.45,887.05,889.9,7100
2021-08-31 10:15:00+05:30,889.9,889.9,885.95,886.75,6207
2021-08-31 10:30:00+05:30,886.75,886.9,880.0,880.8,15662
2021-08-31 10:45:00+05:30,880.9,881.0,878.0,880.75,8714
2021-08-31 11:00:00+05:30,880.75,883.95,880.05,883.25,7871
2021-08-31 11:15:00+05:30,883.25,884.0,882.6,883.2,2907
2021-08-31 11:30:00+05:30,883.2,884.25,883.2,883.35,2171
2021-08-31 11:45:00+05:30,883.35,883.75,881.0,882.45,4692
2021-08-31 12:00:00+05:30,882.0,882.5,877.8,879.5,15790
2021-08-31 12:15:00+05:30,879.5,880.0,877.05,878.3,1896
2021-08-31 12:30:00+05:30,878.3,878.55,877.1,877.35,1317
2021-08-31 12:45:00+05:30,877.35,879.95,877.35,879.0,1695
2021-08-31 13:00:00+05:30,879.9,880.0,878.55,880.0,1980
2021-08-31 13:15:00+05:30,880.0,880.0,877.5,878.85,3374
2021-08-31 13:30:00+05:30,878.85,879.9,877.0,878.2,4232
2021-08-31 13:45:00+05:30,878.2,879.65,877.1,878.95,1279
2021-08-31 14:00:00+05:30,879.0,879.7,878.0,879.0,1217
2021-08-31 14:15:00+05:30,879.0,879.0,875.55,877.35,2230
2021-08-31 14:30:00+05:30,877.35,877.75,872.5,876.0,4658
2021-08-31 14:45:00+05:30,876.0,877.0,875.0,876.85,1924
2021-08-31 15:00:00+05:30,876.85,878.0,876.15,878.0,3196
2021-08-31 15:15:00+05:30,878.0,878.0,873.55,874.8,12944
2021-08-31 15:30:00+05:30,874.8,875.0,871.1,874.9,16942
2021-09-01 09:30:00+05:30,878.0,878.55,873.75,873.75,8247
2021-09-01 09:45:00+05:30,873.75,875.0,872.15,873.0,6612
2021-09-01 10:00:00+05:30,873.0,874.9,871.25,874.85,7491
2021-09-01 10:15:00+05:30,874.9,878.85,873.0,874.2,6444
2021-09-01 10:30:00+05:30,874.1,874.2,871.65,873.3,4009
2021-09-01 10:45:00+05:30,873.3,873.3,871.05,871.1,2583
2021-09-01 11:00:00+05:30,871.1,873.25,868.6,870.0,5449
2021-09-01 11:15:00+05:30,870.0,870.0,859.75,861.0,20530
2021-09-01 11:30:00+05:30,861.0,864.95,861.0,862.9,2526
2021-09-01 11:45:00+05:30,862.9,871.2,862.9,868.3,5273
2021-09-01 12:00:00+05:30,868.1,869.9,867.2,869.8,1525
2021-09-01 12:15:00+05:30,869.8,872.7,867.25,867.25,5342
2021-09-01 12:30:00+05:30,868.0,868.0,864.1,865.05,3559
2021-09-01 12:45:00+05:30,865.05,865.1,863.5,863.5,2971
2021-09-01 13:00:00+05:30,863.5,868.5,863.5,866.95,3893
2021-09-01 13:15:00+05:30,866.95,867.65,864.45,866.5,2988
2021-09-01 13:30:00+05:30,866.5,868.35,864.0,867.75,2349
2021-09-01 13:45:00+05:30,867.75,872.35,866.9,868.05,5581
2021-09-01 14:00:00+05:30,868.05,870.05,867.35,868.95,1914
2021-09-01 14:15:00+05:30,868.95,869.5,866.0,867.05,2659
2021-09-01 14:30:00+05:30,867.05,871.9,865.9,871.9,3178
2021-09-01 14:45:00+05:30,871.9,876.0,869.45,874.2,11910
2021-09-01 15:00:00+05:30,874.2,875.7,870.05,871.9,6813
2021-09-01 15:15:00+05:30,871.95,885.95,869.25,879.65,32476
2021-09-01 15:30:00+05:30,880.25,886.6,874.1,886.0,36024
2021-09-02 09:30:00+05:30,888.0,922.0,888.0,908.0,237211
2021-09-02 09:45:00+05:30,908.2,923.9,907.4,918.05,199619
2021-09-02 10:00:00+05:30,918.1,919.0,905.3,910.0,95354
2021-09-02 10:15:00+05:30,910.0,911.75,904.85,909.4,38096
2021-09-02 10:30:00+05:30,909.4,917.0,907.3,914.95,36309
2021-09-02 10:45:00+05:30,914.95,915.0,908.95,911.2,24705
2021-09-02 11:00:00+05:30,912.0,912.0,910.0,910.95,11946
2021-09-02 11:15:00+05:30,910.95,911.0,906.0,907.0,21020
2021-09-02 11:30:00+05:30,907.0,907.9,904.55,907.85,11851
2021-09-02 11:45:00+05:30,907.85,909.0,905.05,906.1,11548
2021-09-02 12:00:00+05:30,906.1,907.85,905.05,906.2,9507
2021-09-02 12:15:00+05:30,906.2,907.0,901.0,901.0,17555
2021-09-02 12:30:00+05:30,901.95,904.65,898.25,898.55,24125
2021-09-02 12:45:00+05:30,897.35,901.15,896.2,899.75,19658
2021-09-02 13:00:00+05:30,899.75,903.0,898.0,901.95,10455
2021-09-02 13:15:00+05:30,901.95,905.0,901.35,904.95,12316
2021-09-02 13:30:00+05:30,904.95,905.0,901.1,902.3,6804
2021-09-02 13:45:00+05:30,903.2,904.0,902.05,904.0,4562
2021-09-02 14:00:00+05:30,904.1,904.9,902.5,902.55,3620
2021-09-02 14:15:00+05:30,902.55,905.0,902.05,903.9,9702
2021-09-02 14:30:00+05:30,903.9,904.95,902.35,903.0,12227
2021-09-02 14:45:00+05:30,903.0,903.0,902.1,902.2,6027
2021-09-02 15:00:00+05:30,902.2,903.0,899.3,902.95,12939
2021-09-02 15:15:00+05:30,902.3,905.0,900.75,901.85,27183
2021-09-02 15:30:00+05:30,900.4,901.6,890.0,895.05,67588
2021-09-03 09:30:00+05:30,900.0,904.0,892.25,894.4,22709
2021-09-03 09:45:00+05:30,894.4,900.8,894.4,897.55,11130
2021-09-03 10:00:00+05:30,897.75,898.15,893.2,896.35,16142
2021-09-03 10:15:00+05:30,896.35,899.0,894.25,897.05,4791
2021-09-03 10:30:00+05:30,897.35,910.0,897.35,904.8,35994
2021-09-03 10:45:00+05:30,905.0,906.0,901.0,901.1,12625
2021-09-03 11:00:00+05:30,901.1,905.0,899.0,905.0,20554
2021-09-03 11:15:00+05:30,905.0,911.8,902.0,905.0,61040
2021-09-03 11:30:00+05:30,905.5,910.0,904.5,907.15,21518
2021-09-03 11:45:00+05:30,907.9,909.55,902.0,904.5,18600
2021-09-03 12:00:00+05:30,904.05,904.95,901.4,903.0,8215
2021-09-03 12:15:00+05:30,903.0,905.9,902.0,904.2,7802
2021-09-03 12:30:00+05:30,904.2,904.7,902.85,903.4,4679
2021-09-03 12:45:00+05:30,904.0,906.0,903.65,905.0,6043
2021-09-03 13:00:00+05:30,905.0,906.9,902.75,906.9,9248
2021-09-03 13:15:00+05:30,906.8,907.9,903.05,905.0,6407
2021-09-03 13:30:00+05:30,904.5,906.0,903.1,903.1,4026
2021-09-03 13:45:00+05:30,903.1,904.85,902.95,904.8,3517
2021-09-03 14:00:00+05:30,904.8,904.8,894.7,896.2,20780
2021-09-03 14:15:00+05:30,896.2,900.05,896.0,898.65,13386
2021-09-03 14:30:00+05:30,898.6,901.3,898.35,900.35,3467
2021-09-03 14:45:00+05:30,900.35,900.6,898.15,899.65,3441
2021-09-03 15:00:00+05:30,899.65,901.05,897.5,899.55,14268
2021-09-03 15:15:00+05:30,899.55,900.8,894.3,897.0,18720
2021-09-03 15:30:00+05:30,897.0,897.35,889.1,889.9,38348
2021-09-06 09:30:00+05:30,895.0,907.25,894.7,902.95,35727
2021-09-06 09:45:00+05:30,902.95,905.55,895.25,903.95,17406
2021-09-06 10:00:00+05:30,904.6,906.0,900.65,901.05,8878
2021-09-06 10:15:00+05:30,901.05,912.5,901.05,910.15,48496
2021-09-06 10:30:00+05:30,910.85,911.9,906.5,907.5,18398
2021-09-06 10:45:00+05:30,906.85,908.85,906.5,907.6,4693
2021-09-06 11:00:00+05:30,907.6,908.85,907.0,907.95,4010
2021-09-06 11:15:00+05:30,907.3,909.8,905.5,905.5,9775
2021-09-06 11:30:00+05:30,905.5,909.0,905.5,908.05,5311
2021-09-06 11:45:00+05:30,907.55,908.3,905.5,905.5,4537
2021-09-06 12:00:00+05:30,906.3,906.85,904.5,904.65,5889
2021-09-06 12:15:00+05:30,904.65,906.35,904.5,905.45,2740
2021-09-06 12:30:00+05:30,905.45,906.75,904.75,905.0,3362
2021-09-06 12:45:00+05:30,905.0,906.4,904.75,906.05,3093
2021-09-06 13:00:00+05:30,906.05,906.45,905.0,905.5,2881
2021-09-06 13:15:00+05:30,905.15,906.55,905.0,905.7,3129
2021-09-06 13:30:00+05:30,905.25,907.6,905.0,906.4,3214
2021-09-06 13:45:00+05:30,906.4,907.45,900.05,904.4,12085
2021-09-06 14:00:00+05:30,904.4,904.9,903.9,904.7,1340
2021-09-06 14:15:00+05:30,904.8,907.4,904.05,905.0,5692
2021-09-06 14:30:00+05:30,905.9,906.85,905.0,905.25,4119
2021-09-06 14:45:00+05:30,906.3,906.65,902.5,903.85,6148
2021-09-06 15:00:00+05:30,903.45,904.0,902.05,903.6,2278
2021-09-06 15:15:00+05:30,903.15,905.0,903.0,903.25,8652
2021-09-06 15:30:00+05:30,902.9,905.0,902.1,902.6,18959
2021-09-07 09:30:00+05:30,906.0,926.9,901.5,926.35,72620
2021-09-07 09:45:00+05:30,926.0,927.8,915.05,919.75,128315
2021-09-07 10:00:00+05:30,919.75,922.0,912.7,915.6,22529
2021-09-07 10:15:00+05:30,915.0,915.6,900.25,908.4,42389
2021-09-07 10:30:00+05:30,907.0,911.85,904.65,909.0,16117
2021-09-07 10:45:00+05:30,909.0,912.5,907.1,911.0,11058
2021-09-07 11:00:00+05:30,910.0,911.55,907.05,907.95,7992
2021-09-07 11:15:00+05:30,907.95,908.0,906.0,906.8,8626
2021-09-07 11:30:00+05:30,906.0,907.3,905.4,906.5,6991
2021-09-07 11:45:00+05:30,906.5,906.55,902.05,902.9,6931
2021-09-07 12:00:00+05:30,902.9,905.0,902.55,904.95,6486
2021-09-07 12:15:00+05:30,904.1,906.0,902.7,905.0,8245
2021-09-07 12:30:00+05:30,904.9,905.85,904.1,904.85,5152
2021-09-07 12:45:00+05:30,904.8,905.0,903.0,904.8,5887
2021-09-07 13:00:00+05:30,904.25,905.0,903.0,903.5,4397
2021-09-07 13:15:00+05:30,903.5,905.95,901.0,904.0,11459
2021-09-07 13:30:00+05:30,904.85,905.0,903.0,904.1,6158
2021-09-07 13:45:00+05:30,904.1,904.1,902.0,903.0,3929
2021-09-07 14:00:00+05:30,902.0,903.35,901.0,902.35,5412
2021-09-07 14:15:00+05:30,902.35,903.0,900.45,902.95,9310
2021-09-07 14:30:00+05:30,902.1,902.45,900.3,900.3,6376
2021-09-07 14:45:00+05:30,900.3,901.6,895.05,896.35,11728
2021-09-07 15:00:00+05:30,895.55,898.0,895.0,895.85,10125
2021-09-07 15:15:00+05:30,895.85,901.0,895.4,897.45,14983
2021-09-07 15:30:00+05:30,897.5,898.5,890.25,894.0,33442
2021-09-08 09:30:00+05:30,897.7,905.0,897.35,903.9,26768
2021-09-08 09:45:00+05:30,903.2,904.65,899.1,899.15,11413
2021-09-08 10:00:00+05:30,899.15,909.6,897.05,907.3,34916
2021-09-08 10:15:00+05:30,907.0,908.5,904.75,907.0,15321
2021-09-08 10:30:00+05:30,907.0,907.0,900.65,901.85,12587
2021-09-08 10:45:00+05:30,901.85,904.85,901.85,904.35,5951
2021-09-08 11:00:00+05:30,904.35,905.35,902.75,904.0,6793
2021-09-08 11:15:00+05:30,904.0,905.35,903.0,903.6,8900
2021-09-08 11:30:00+05:30,903.6,904.35,903.0,903.0,5109
2021-09-08 11:45:00+05:30,903.5,904.25,903.15,904.25,5553
2021-09-08 12:00:00+05:30,904.25,904.25,899.15,900.05,10162
2021-09-08 12:15:00+05:30,900.05,903.35,899.0,899.6,8197
2021-09-08 12:30:00+05:30,899.25,899.85,894.5,894.9,11572
2021-09-08 12:45:00+05:30,894.5,897.0,891.35,894.45,10501
2021-09-08 13:00:00+05:30,894.45,895.5,893.05,893.85,5931
2021-09-08 13:15:00+05:30,893.85,894.35,890.45,891.1,8864
2021-09-08 13:30:00+05:30,891.1,895.5,890.25,892.85,6003
2021-09-08 13:45:00+05:30,892.85,894.5,890.6,890.6,5001
2021-09-08 14:00:00+05:30,890.6,892.0,887.05,890.75,9263
2021-09-08 14:15:00+05:30,890.75,893.55,889.25,891.5,6171
2021-09-08 14:30:00+05:30,891.5,891.95,888.5,888.5,7181
2021-09-08 14:45:00+05:30,888.5,890.0,886.0,889.65,15464
2021-09-08 15:00:00+05:30,889.65,893.55,889.0,890.8,12954
2021-09-08 15:15:00+05:30,890.8,895.5,890.0,892.1,10487
2021-09-08 15:30:00+05:30,892.1,897.8,889.95,890.05,25477
2021-09-09 09:30:00+05:30,886.7,894.8,886.7,893.95,14835
2021-09-09 09:45:00+05:30,894.0,908.4,890.15,902.45,20074
2021-09-09 10:00:00+05:30,903.45,909.0,901.15,905.75,26803
2021-09-09 10:15:00+05:30,905.75,906.8,904.05,905.05,9369
2021-09-09 10:30:00+05:30,905.05,905.05,900.35,902.0,12511
2021-09-09 10:45:00+05:30,902.0,903.35,901.05,901.35,5557
2021-09-09 11:00:00+05:30,901.35,902.0,899.15,900.2,7391
2021-09-09 11:15:00+05:30,900.2,901.35,898.0,898.0,4098
2021-09-09 11:30:00+05:30,898.0,899.0,897.1,897.9,3258
2021-09-09 11:45:00+05:30,898.0,899.95,897.25,897.25,2955
2021-09-09 12:00:00+05:30,897.25,898.5,897.25,898.45,1765
2021-09-09 12:15:00+05:30,898.45,898.45,893.55,896.15,4138
2021-09-09 12:30:00+05:30,896.95,897.15,894.1,895.05,3194
2021-09-09 12:45:00+05:30,895.05,896.95,894.1,896.15,2740
2021-09-09 13:00:00+05:30,896.4,896.95,894.7,895.9,4290
2021-09-09 13:15:00+05:30,896.25,896.95,893.45,895.9,3807
2021-09-09 13:30:00+05:30,895.7,911.5,894.65,911.5,38767
2021-09-09 13:45:00+05:30,910.9,914.0,903.05,905.0,50834
2021-09-09 14:00:00+05:30,905.0,907.0,905.0,905.0,7652
2021-09-09 14:15:00+05:30,905.1,908.95,905.0,907.75,11429
2021-09-09 14:30:00+05:30,907.75,910.85,905.0,905.7,11219
2021-09-09 14:45:00+05:30,905.7,907.0,905.0,905.5,6212
2021-09-09 15:00:00+05:30,905.5,907.55,905.0,906.9,8597
2021-09-09 15:15:00+05:30,906.9,914.05,906.55,907.1,31116
2021-09-09 15:30:00+05:30,907.85,910.8,904.85,906.0,27988
2021-09-13 09:30:00+05:30,908.95,908.95,896.35,898.85,33389
2021-09-13 09:45:00+05:30,899.5,901.25,898.1,899.85,7348
2021-09-13 10:00:00+05:30,899.0,901.6,897.05,898.0,9013
2021-09-13 10:15:00+05:30,897.95,898.0,896.0,898.0,10733
2021-09-13 10:30:00+05:30,898.0,899.9,897.05,899.5,3537
2021-09-13 10:45:00+05:30,898.95,899.95,898.0,899.4,3118
2021-09-13 11:00:00+05:30,899.4,899.4,898.0,898.95,2442
2021-09-13 11:15:00+05:30,898.9,901.55,898.0,900.5,4159
2021-09-13 11:30:00+05:30,900.5,900.9,899.0,900.35,2176
2021-09-13 11:45:00+05:30,900.35,901.1,898.65,899.5,4061
2021-09-13 12:00:00+05:30,899.5,900.5,898.75,899.25,2149
2021-09-13 12:15:00+05:30,900.0,900.0,898.5,899.65,1829
2021-09-13 12:30:00+05:30,899.85,899.9,898.55,899.5,2399
2021-09-13 12:45:00+05:30,899.5,899.5,898.05,899.3,3864
2021-09-13 13:00:00+05:30,899.3,900.0,898.0,900.0,4819
2021-09-13 13:15:00+05:30,900.0,900.4,899.25,899.85,1893
2021-09-13 13:30:00+05:30,899.85,905.35,898.4,900.9,13285
2021-09-13 13:45:00+05:30,900.2,901.65,899.0,899.0,12237
2021-09-13 14:00:00+05:30,899.0,900.0,899.0,899.0,4870
2021-09-13 14:15:00+05:30,899.0,899.85,898.55,899.3,2951
2021-09-13 14:30:00+05:30,899.3,900.0,898.7,899.0,4666
2021-09-13 14:45:00+05:30,899.25,899.6,899.0,899.5,6561
2021-09-13 15:00:00+05:30,899.5,900.0,899.2,899.6,6632
2021-09-13 15:15:00+05:30,899.95,900.0,897.0,897.45,9879
2021-09-13 15:30:00+05:30,897.45,898.4,895.0,897.0,18759
2021-09-14 09:30:00+05:30,900.75,905.0,898.1,903.0,23473
2021-09-14 09:45:00+05:30,903.05,905.9,902.05,903.75,6650
2021-09-14 10:00:00+05:30,903.5,904.75,903.0,903.6,5334
2021-09-14 10:15:00+05:30,904.15,906.6,902.9,905.0,7719
2021-09-14 10:30:00+05:30,905.0,905.3,904.45,904.45,3063
2021-09-14 10:45:00+05:30,904.45,905.0,902.05,902.6,5216
2021-09-14 11:00:00+05:30,902.6,913.55,902.6,910.65,74631
2021-09-14 11:15:00+05:30,910.1,912.0,906.1,908.1,35862
2021-09-14 11:30:00+05:30,908.1,925.0,908.1,915.8,158864
2021-09-14 11:45:00+05:30,915.8,917.0,906.25,907.75,64128
2021-09-14 12:00:00+05:30,907.75,908.45,898.0,902.65,46657
2021-09-14 12:15:00+05:30,902.65,903.0,899.15,899.15,22380
2021-09-14 12:30:00+05:30,899.85,904.35,899.05,902.4,10874
2021-09-14 12:45:00+05:30,903.0,903.35,901.55,901.55,4901
2021-09-14 13:00:00+05:30,901.55,903.9,901.55,902.5,6203
2021-09-14 13:15:00+05:30,902.7,902.95,899.55,900.55,8485
2021-09-14 13:30:00+05:30,900.55,902.95,900.5,902.1,3077
2021-09-14 13:45:00+05:30,902.1,902.75,901.0,901.0,3580
2021-09-14 14:00:00+05:30,901.0,901.75,898.25,899.45,5832
2021-09-14 14:15:00+05:30,899.45,900.7,896.3,898.15,9139
2021-09-14 14:30:00+05:30,897.7,899.95,897.7,899.65,2546
2021-09-14 14:45:00+05:30,899.65,899.65,893.0,897.35,21178
2021-09-14 15:00:00+05:30,897.35,898.0,897.0,897.6,2863
2021-09-14 15:15:00+05:30,897.6,899.0,897.0,897.1,11554
2021-09-14 15:30:00+05:30,896.45,898.15,890.1,894.7,29850
2021-09-15 09:30:00+05:30,901.6,905.0,897.6,902.8,32099
2021-09-15 09:45:00+05:30,903.65,904.0,901.0,901.55,8190
2021-09-15 10:00:00+05:30,901.55,901.55,897.1,899.9,12225
2021-09-15 10:15:00+05:30,900.95,904.1,900.0,901.55,9185
2021-09-15 10:30:00+05:30,901.0,901.9,898.75,900.0,3570
2021-09-15 10:45:00+05:30,900.0,901.35,898.45,899.85,8177
2021-09-15 11:00:00+05:30,899.8,899.85,897.75,899.85,4511
2021-09-15 11:15:00+05:30,900.0,900.8,899.3,900.45,2264
2021-09-15 11:30:00+05:30,900.45,901.95,899.0,901.35,2568
2021-09-15 11:45:00+05:30,901.35,901.8,899.5,900.4,2151
2021-09-15 12:00:00+05:30,900.4,900.45,899.0,899.85,1033
2021-09-15 12:15:00+05:30,899.85,900.45,898.55,900.35,2701
2021-09-15 12:30:00+05:30,900.35,900.85,899.4,900.65,944
2021-09-15 12:45:00+05:30,900.65,900.65,899.15,900.45,2446
2021-09-15 13:00:00+05:30,900.45,901.8,898.8,899.0,5105
2021-09-15 13:15:00+05:30,899.5,902.9,899.0,899.55,3184
2021-09-15 13:30:00+05:30,899.95,900.0,898.55,899.25,1500
2021-09-15 13:45:00+05:30,899.25,899.9,898.0,899.85,1895
2021-09-15 14:00:00+05:30,899.85,899.9,898.5,898.6,1491
2021-09-15 14:15:00+05:30,898.6,898.65,895.0,896.95,7162
2021-09-15 14:30:00+05:30,896.95,897.6,896.0,896.25,1962
2021-09-15 14:45:00+05:30,897.1,899.75,896.5,898.9,4035
2021-09-15 15:00:00+05:30,898.9,903.0,897.2,900.65,18857
2021-09-15 15:15:00+05:30,900.8,904.0,900.8,903.55,18428
2021-09-15 15:30:00+05:30,901.5,904.5,898.1,902.85,23979
2021-09-16 09:30:00+05:30,903.4,907.95,899.75,905.35,22644
2021-09-16 09:45:00+05:30,905.35,918.85,905.35,911.5,95126
2021-09-16 10:00:00+05:30,911.5,914.0,905.75,909.5,25118
2021-09-16 10:15:00+05:30,909.8,912.0,907.45,910.25,13921
2021-09-16 10:30:00+05:30,910.2,911.5,908.1,909.95,16564
2021-09-16 10:45:00+05:30,910.0,912.0,909.95,910.0,6551
2021-09-16 11:00:00+05:30,910.0,911.9,908.25,911.7,10147
2021-09-16 11:15:00+05:30,911.7,911.7,908.25,908.35,4577
2021-09-16 11:30:00+05:30,909.4,909.8,907.45,908.8,6104
2021-09-16 11:45:00+05:30,909.5,909.6,903.7,905.5,15868
2021-09-16 12:00:00+05:30,905.5,906.0,901.9,905.0,7698
2021-09-16 12:15:00+05:30,905.0,908.0,904.4,906.5,5130
2021-09-16 12:30:00+05:30,906.5,911.4,906.45,910.2,19224
2021-09-16 12:45:00+05:30,910.2,910.8,907.5,907.5,2172
2021-09-16 13:00:00+05:30,907.5,907.6,906.1,907.0,1755
2021-09-16 13:15:00+05:30,907.0,907.0,902.2,902.3,8643
2021-09-16 13:30:00+05:30,902.3,903.35,898.2,899.1,20812
2021-09-16 13:45:00+05:30,898.35,901.3,898.3,900.55,7320
2021-09-16 14:00:00+05:30,900.5,900.85,898.5,899.75,3996
2021-09-16 14:15:00+05:30,899.75,900.05,899.2,899.4,5966
2021-09-16 14:30:00+05:30,899.4,902.65,899.4,901.5,13712
2021-09-16 14:45:00+05:30,901.5,904.4,900.5,904.0,6005
2021-09-16 15:00:00+05:30,904.0,905.5,903.55,904.6,8094
2021-09-16 15:15:00+05:30,904.6,907.9,903.75,906.2,15193
2021-09-16 15:30:00+05:30,906.0,909.95,905.0,906.0,45442
2021-09-17 09:30:00+05:30,915.0,915.0,906.55,907.3,15436
2021-09-17 09:45:00+05:30,908.4,958.0,907.05,952.65,579410
2021-09-17 10:00:00+05:30,952.65,954.95,941.35,952.5,302351
2021-09-17 10:15:00+05:30,953.0,953.5,943.3,947.0,135487
2021-09-17 10:30:00+05:30,946.7,948.6,944.0,946.5,49439
2021-09-17 10:45:00+05:30,946.5,948.4,945.05,946.6,30115
2021-09-17 11:00:00+05:30,945.65,948.4,945.5,946.1,27262
2021-09-17 11:15:00+05:30,946.3,946.3,934.0,937.65,87384
2021-09-17 11:30:00+05:30,936.5,937.35,924.7,926.4,92728
2021-09-17 11:45:00+05:30,926.4,927.8,920.2,924.35,45151
2021-09-17 12:00:00+05:30,924.35,928.95,922.25,924.2,24910
2021-09-17 12:15:00+05:30,924.7,926.9,911.5,917.85,69010
2021-09-17 12:30:00+05:30,917.05,924.4,915.25,923.95,21691
2021-09-17 12:45:00+05:30,924.0,929.0,920.1,927.0,42012
2021-09-17 13:00:00+05:30,927.4,929.0,923.0,925.0,26675
2021-09-17 13:15:00+05:30,925.0,927.0,924.5,925.95,6825
2021-09-17 13:30:00+05:30,925.95,925.95,921.0,922.0,12633
2021-09-17 13:45:00+05:30,921.65,922.3,915.2,917.0,37436
2021-09-17 14:00:00+05:30,917.0,922.7,916.75,922.0,13197
2021-09-17 14:15:00+05:30,922.0,926.7,918.7,920.5,21512
2021-09-17 14:30:00+05:30,920.5,921.2,918.3,918.65,34587
2021-09-17 14:45:00+05:30,918.2,924.5,913.1,923.8,35489
2021-09-17 15:00:00+05:30,923.0,932.8,923.0,928.25,61616
2021-09-17 15:15:00+05:30,928.25,929.95,921.4,926.3,50162
2021-09-17 15:30:00+05:30,925.75,930.0,915.1,924.7,77675
2021-09-20 09:30:00+05:30,917.0,921.85,903.65,908.8,55185
2021-09-20 09:45:00+05:30,908.85,910.0,907.6,910.0,13035
2021-09-20 10:00:00+05:30,910.0,916.5,910.0,910.0,19998
2021-09-20 10:15:00+05:30,910.0,918.9,910.0,915.5,16581
2021-09-20 10:30:00+05:30,916.4,923.95,915.0,920.0,18099
2021-09-20 10:45:00+05:30,919.4,922.15,917.9,921.9,8774
2021-09-20 11:00:00+05:30,921.9,922.15,917.65,919.8,5335
2021-09-20 11:15:00+05:30,919.8,920.0,917.1,917.1,3819
2021-09-20 11:30:00+05:30,917.1,917.15,913.1,916.95,10965
2021-09-20 11:45:00+05:30,916.95,916.95,912.65,912.95,6855
2021-09-20 12:00:00+05:30,912.95,914.0,909.5,913.15,11667
2021-09-20 12:15:00+05:30,913.15,914.0,912.1,912.5,5148
2021-09-20 12:30:00+05:30,912.5,916.0,912.0,915.85,5338
2021-09-20 12:45:00+05:30,916.0,917.3,914.6,914.6,4697
2021-09-20 13:00:00+05:30,914.6,916.6,914.1,914.2,1587
2021-09-20 13:15:00+05:30,914.2,919.5,914.1,917.25,3924
2021-09-20 13:30:00+05:30,917.25,922.0,917.0,920.45,6971
2021-09-20 13:45:00+05:30,921.4,952.6,919.4,943.0,148247
2021-09-20 14:00:00+05:30,943.0,965.0,938.5,951.25,332215
2021-09-20 14:15:00+05:30,952.0,955.7,945.45,948.0,99658
2021-09-20 14:30:00+05:30,948.0,950.2,941.1,946.2,51363
2021-09-20 14:45:00+05:30,946.15,954.0,943.55,947.95,53044
2021-09-20 15:00:00+05:30,947.95,948.0,934.05,937.9,58363
2021-09-20 15:15:00+05:30,937.9,939.0,926.6,935.0,65831
2021-09-20 15:30:00+05:30,935.0,935.0,920.0,920.9,72963
2021-09-21 09:30:00+05:30,923.1,929.0,910.0,917.55,92384
2021-09-21 09:45:00+05:30,917.5,918.45,908.0,913.9,86646
2021-09-21 10:00:00+05:30,913.9,914.0,906.0,907.75,49252
2021-09-21 10:15:00+05:30,906.85,907.35,891.65,895.7,62192
2021-09-21 10:30:00+05:30,895.75,904.65,894.3,901.0,73257
2021-09-21 10:45:00+05:30,901.0,904.75,898.0,902.85,19174
2021-09-21 11:00:00+05:30,902.85,904.2,896.1,897.6,41432
2021-09-21 11:15:00+05:30,897.0,898.85,892.05,892.2,25130
2021-09-21 11:30:00+05:30,893.3,894.8,889.0,892.0,30233
2021-09-21 11:45:00+05:30,892.0,896.9,891.4,895.35,39156
2021-09-21 12:00:00+05:30,895.5,897.0,892.0,894.8,58592
2021-09-21 12:15:00+05:30,894.8,903.0,894.0,897.4,86184
2021-09-21 12:30:00+05:30,897.4,899.75,890.8,896.8,108420
2021-09-21 12:45:00+05:30,896.8,897.0,893.0,895.0,71209
2021-09-21 13:00:00+05:30,895.0,897.75,893.6,896.9,48563
2021-09-21 13:15:00+05:30,896.45,901.0,895.0,897.0,52434
2021-09-21 13:30:00+05:30,897.0,897.0,892.95,894.25,76085
2021-09-21 13:45:00+05:30,895.0,895.55,893.45,894.5,40239
2021-09-21 14:00:00+05:30,894.85,896.0,890.5,891.6,91858
2021-09-21 14:15:00+05:30,891.6,892.7,885.0,888.75,36655
2021-09-21 14:30:00+05:30,888.2,890.45,888.2,890.0,19715
2021-09-21 14:45:00+05:30,890.0,897.95,889.2,892.15,30654
2021-09-21 15:00:00+05:30,892.15,892.15,886.8,889.5,57595
2021-09-21 15:15:00+05:30,889.5,890.0,886.9,886.9,27039
2021-09-21 15:30:00+05:30,887.85,889.95,882.25,888.85,57566
2021-09-22 09:30:00+05:30,895.0,907.15,892.0,894.3,89159
2021-09-22 09:45:00+05:30,894.85,898.0,893.35,897.0,15532
2021-09-22 10:00:00+05:30,897.0,898.0,893.7,896.95,24502
2021-09-22 10:15:00+05:30,896.85,897.0,888.85,891.95,24699
2021-09-22 10:30:00+05:30,891.2,891.55,889.0,889.95,15724
2021-09-22 10:45:00+05:30,889.95,893.15,889.0,889.55,17575
2021-09-22 11:00:00+05:30,889.55,890.0,889.15,890.0,6005
2021-09-22 11:15:00+05:30,890.0,890.95,885.3,887.15,18278
2021-09-22 11:30:00+05:30,887.15,889.3,884.2,888.0,15592
2021-09-22 11:45:00+05:30,888.0,895.95,888.0,891.3,17530
2021-09-22 12:00:00+05:30,892.4,894.65,890.5,893.0,6379
2021-09-22 12:15:00+05:30,892.5,919.75,892.5,914.6,124175
2021-09-22 12:30:00+05:30,914.0,914.8,898.7,899.0,65001
2021-09-22 12:45:00+05:30,899.9,901.0,897.05,898.1,29657
2021-09-22 13:00:00+05:30,898.1,900.1,898.1,899.7,18046
2021-09-22 13:15:00+05:30,899.7,901.8,896.9,897.95,18096
2021-09-22 13:30:00+05:30,897.95,898.0,892.45,893.95,23635
2021-09-22 13:45:00+05:30,893.95,895.15,893.2,895.1,11799
2021-09-22 14:00:00+05:30,895.55,895.55,889.0,892.25,1219793
2021-09-22 14:15:00+05:30,892.25,897.0,891.0,895.2,14786
2021-09-22 14:30:00+05:30,894.65,897.85,894.15,895.0,75512
2021-09-22 14:45:00+05:30,895.0,896.15,891.0,892.9,16865
2021-09-22 15:00:00+05:30,892.9,893.0,890.0,890.7,52254
2021-09-22 15:15:00+05:30,890.0,894.0,885.95,887.5,51563
2021-09-22 15:30:00+05:30,887.5,888.55,885.1,887.0,43554
2021-09-23 09:30:00+05:30,900.0,905.2,894.85,899.0,56376
2021-09-23 09:45:00+05:30,899.0,902.0,898.0,901.9,42854
2021-09-23 10:00:00+05:30,901.9,915.9,901.9,911.9,98284
2021-09-23 10:15:00+05:30,911.9,911.9,907.0,907.85,23410
2021-09-23 10:30:00+05:30,907.95,909.0,904.25,904.5,24967
2021-09-23 10:45:00+05:30,904.5,905.0,902.2,903.05,12617
2021-09-23 11:00:00+05:30,903.0,903.85,898.0,900.0,20436
2021-09-23 11:15:00+05:30,900.0,901.0,896.7,897.75,26500
2021-09-23 11:30:00+05:30,897.75,899.9,897.25,899.0,21387
2021-09-23 11:45:00+05:30,899.0,900.0,898.05,898.7,8493
2021-09-23 12:00:00+05:30,898.7,908.7,898.3,906.1,48392
2021-09-23 12:15:00+05:30,906.1,913.7,906.1,906.5,78901
2021-09-23 12:30:00+05:30,906.5,912.3,902.6,911.1,57062
2021-09-23 12:45:00+05:30,911.2,917.9,906.5,906.5,95379
2021-09-23 13:00:00+05:30,907.0,910.5,906.4,909.0,18949
2021-09-23 13:15:00+05:30,909.0,910.5,908.5,909.2,14026
2021-09-23 13:30:00+05:30,909.85,912.0,908.5,909.45,19342
2021-09-23 13:45:00+05:30,909.8,910.0,903.95,904.95,24929
2021-09-23 14:00:00+05:30,905.0,907.45,904.2,905.0,23439
2021-09-23 14:15:00+05:30,905.0,908.0,904.75,907.45,19886
2021-09-23 14:30:00+05:30,907.45,909.5,904.7,906.0,38561
2021-09-23 14:45:00+05:30,906.45,908.0,897.6,903.05,49601
2021-09-23 15:00:00+05:30,903.0,909.9,901.2,903.55,77570
2021-09-23 15:15:00+05:30,903.0,903.15,897.85,899.95,41757
2021-09-23 15:30:00+05:30,899.35,903.6,897.0,897.0,49730
2021-09-24 09:30:00+05:30,904.25,911.5,897.25,900.0,45306
2021-09-24 09:45:00+05:30,900.0,907.0,897.5,899.1,39584
2021-09-24 10:00:00+05:30,898.55,900.0,895.0,896.6,16841
2021-09-24 10:15:00+05:30,896.6,899.0,895.5,896.3,8803
2021-09-24 10:30:00+05:30,895.6,899.15,895.6,899.0,4545
2021-09-24 10:45:00+05:30,898.45,899.0,896.5,899.0,4965
2021-09-24 11:00:00+05:30,899.0,899.0,896.15,897.3,4791
2021-09-24 11:15:00+05:30,896.9,898.0,894.1,895.0,9687
2021-09-24 11:30:00+05:30,895.0,895.0,892.1,894.0,6415
2021-09-24 11:45:00+05:30,894.0,895.0,892.5,893.0,5634
2021-09-24 12:00:00+05:30,893.0,894.0,891.0,892.45,11210
2021-09-24 12:15:00+05:30,892.45,894.0,892.05,893.85,4252
2021-09-24 12:30:00+05:30,893.85,893.9,892.55,892.55,2493
2021-09-24 12:45:00+05:30,892.55,893.75,888.45,891.0,11384
2021-09-24 13:00:00+05:30,891.0,891.4,889.3,890.0,9458
2021-09-24 13:15:00+05:30,890.0,893.3,889.05,889.7,21808
2021-09-24 13:30:00+05:30,889.1,890.0,887.0,888.15,12772
2021-09-24 13:45:00+05:30,888.15,892.6,888.15,890.35,16306
2021-09-24 14:00:00+05:30,890.35,895.35,890.35,894.0,20517
2021-09-24 14:15:00+05:30,894.0,896.65,890.0,891.0,24112
2021-09-24 14:30:00+05:30,891.0,893.7,885.1,891.0,23406
2021-09-24 14:45:00+05:30,891.0,892.0,889.0,890.35,16286
2021-09-24 15:00:00+05:30,890.35,892.75,889.05,891.7,14520
2021-09-24 15:15:00+05:30,891.7,896.5,891.0,895.95,30701
2021-09-24 15:30:00+05:30,896.0,896.0,887.3,888.3,39030
2021-09-27 09:30:00+05:30,896.0,909.0,893.25,907.0,45079
2021-09-27 09:45:00+05:30,907.0,911.0,897.85,900.9,32221
2021-09-27 10:00:00+05:30,901.8,904.9,897.15,897.15,13848
2021-09-27 10:15:00+05:30,897.15,901.35,895.0,898.0,8209
2021-09-27 10:30:00+05:30,898.65,904.7,898.0,903.75,11650
2021-09-27 10:45:00+05:30,903.85,903.85,897.2,899.55,14648
2021-09-27 11:00:00+05:30,900.0,901.0,899.05,899.9,3575
2021-09-27 11:15:00+05:30,899.9,903.5,899.9,901.7,6345
2021-09-27 11:30:00+05:30,901.7,902.65,898.3,899.6,3973
2021-09-27 11:45:00+05:30,900.3,900.75,899.6,900.0,2735
2021-09-27 12:00:00+05:30,900.0,900.0,898.6,899.45,2688
2021-09-27 12:15:00+05:30,899.45,900.0,898.25,898.5,1895
2021-09-27 12:30:00+05:30,898.5,901.0,897.2,899.6,5155
2021-09-27 12:45:00+05:30,899.6,900.9,899.0,899.6,1361
2021-09-27 13:00:00+05:30,899.6,900.0,897.2,897.2,2375
2021-09-27 13:15:00+05:30,897.2,898.95,895.1,897.4,7358
2021-09-27 13:30:00+05:30,897.4,898.9,896.05,897.05,2456
2021-09-27 13:45:00+05:30,897.05,897.7,895.0,896.1,2107
2021-09-27 14:00:00+05:30,896.1,899.45,895.25,896.75,5024
2021-09-27 14:15:00+05:30,897.0,900.0,896.1,899.3,3005
2021-09-27 14:30:00+05:30,899.3,903.0,895.0,901.0,15164
2021-09-27 14:45:00+05:30,901.0,904.35,898.05,901.75,18856
2021-09-27 15:00:00+05:30,901.75,901.75,896.0,898.6,5319
2021-09-27 15:15:00+05:30,898.6,903.9,898.0,899.0,16802
2021-09-27 15:30:00+05:30,899.35,904.4,898.0,902.9,25544
2021-09-28 09:30:00+05:30,905.0,909.3,900.0,900.8,34417
2021-09-28 09:45:00+05:30,900.8,902.75,897.65,899.25,11289
2021-09-28 10:00:00+05:30,899.25,907.5,898.55,907.15,26054
2021-09-28 10:15:00+05:30,906.3,906.75,902.15,902.35,12920
2021-09-28 10:30:00+05:30,902.35,908.4,900.95,907.0,13101
2021-09-28 10:45:00+05:30,907.0,909.45,905.2,906.3,16006
2021-09-28 11:00:00+05:30,906.3,913.9,905.8,910.25,40845
2021-09-28 11:15:00+05:30,910.85,912.75,906.0,906.9,22451
2021-09-28 11:30:00+05:30,906.9,908.9,902.1,904.65,21366
2021-09-28 11:45:00+05:30,904.6,909.8,904.25,907.6,8002
2021-09-28 12:00:00+05:30,907.6,913.5,907.25,908.25,17683
2021-09-28 12:15:00+05:30,908.25,909.0,904.8,907.0,9765
2021-09-28 12:30:00+05:30,907.0,907.0,901.0,903.05,12841
2021-09-28 12:45:00+05:30,902.05,902.7,899.1,902.65,13565
2021-09-28 13:00:00+05:30,902.7,904.5,900.6,902.05,12876
2021-09-28 13:15:00+05:30,902.5,903.75,899.0,901.6,9097
2021-09-28 13:30:00+05:30,900.6,904.3,899.2,904.0,11442
2021-09-28 13:45:00+05:30,903.8,909.95,903.2,905.4,16641
2021-09-28 14:00:00+05:30,905.4,908.1,905.05,907.8,8536
2021-09-28 14:15:00+05:30,907.8,909.5,906.5,906.5,9470
2021-09-28 14:30:00+05:30,906.5,907.0,901.0,903.5,13480
2021-09-28 14:45:00+05:30,903.5,904.0,902.0,904.0,8469
2021-09-28 15:00:00+05:30,904.0,908.9,902.4,908.55,15527
2021-09-28 15:15:00+05:30,908.55,908.7,903.35,905.0,15819
2021-09-28 15:30:00+05:30,905.0,909.5,902.9,904.9,24658
2021-09-29 09:30:00+05:30,903.5,903.5,891.0,895.0,32996
2021-09-29 09:45:00+05:30,894.0,896.9,892.15,895.85,19305
2021-09-29 10:00:00+05:30,895.0,898.85,894.55,896.5,5363
2021-09-29 10:15:00+05:30,896.7,901.2,896.5,900.85,7572
2021-09-29 10:30:00+05:30,900.85,901.0,897.0,897.75,2229
2021-09-29 10:45:00+05:30,897.9,898.3,896.05,897.25,1694
2021-09-29 11:00:00+05:30,897.25,897.45,895.5,896.8,2676
2021-09-29 11:15:00+05:30,896.8,899.75,896.0,896.75,1688
2021-09-29 11:30:00+05:30,896.75,899.65,896.75,897.9,9151
2021-09-29 11:45:00+05:30,897.9,898.25,896.9,896.9,1241
2021-09-29 12:00:00+05:30,896.9,896.95,889.0,889.7,19923
2021-09-29 12:15:00+05:30,889.6,890.55,886.2,888.4,24315
2021-09-29 12:30:00+05:30,888.0,890.95,887.95,889.0,6442
2021-09-29 12:45:00+05:30,889.0,889.45,887.45,888.5,3702
2021-09-29 13:00:00+05:30,888.5,889.35,885.1,888.2,11980
2021-09-29 13:15:00+05:30,888.2,888.3,886.0,887.0,8557
2021-09-29 13:30:00+05:30,887.0,887.5,885.7,887.0,8279
2021-09-29 13:45:00+05:30,886.8,888.65,882.5,888.25,17991
2021-09-29 14:00:00+05:30,888.25,888.6,885.05,887.95,5541
2021-09-29 14:15:00+05:30,887.95,888.0,884.55,887.2,5030
2021-09-29 14:30:00+05:30,887.55,889.75,887.0,887.8,4445
2021-09-29 14:45:00+05:30,887.8,890.7,886.5,888.45,10567
2021-09-29 15:00:00+05:30,888.45,889.95,886.2,887.0,5369
2021-09-29 15:15:00+05:30,887.0,888.95,885.5,886.0,11538
2021-09-29 15:30:00+05:30,886.5,886.7,884.0,885.95,19018
2021-09-30 09:30:00+05:30,893.65,895.7,885.75,893.65,33119
2021-09-30 09:45:00+05:30,891.1,904.9,891.0,897.95,67268
2021-09-30 10:00:00+05:30,897.95,901.9,897.25,901.5,13319
2021-09-30 10:15:00+05:30,901.5,904.7,898.25,899.55,21806
2021-09-30 10:30:00+05:30,899.55,899.85,895.75,898.1,11056
2021-09-30 10:45:00+05:30,898.1,902.0,896.95,900.15,11163
2021-09-30 11:00:00+05:30,900.45,905.7,900.0,905.0,30277
2021-09-30 11:15:00+05:30,904.8,907.0,904.0,904.55,18280
2021-09-30 11:30:00+05:30,904.55,906.0,901.25,902.65,8443
2021-09-30 11:45:00+05:30,902.65,903.3,900.0,901.5,5334
2021-09-30 12:00:00+05:30,901.5,905.4,894.85,898.25,22077
2021-09-30 12:15:00+05:30,898.25,898.25,891.65,892.5,17027
2021-09-30 12:30:00+05:30,892.5,895.0,892.0,892.6,7121
2021-09-30 12:45:00+05:30,891.55,892.1,878.05,880.0,41547
2021-09-30 13:00:00+05:30,879.4,880.0,876.0,877.0,36919
2021-09-30 13:15:00+05:30,877.0,882.6,876.1,881.3,13784
2021-09-30 13:30:00+05:30,881.3,882.9,879.05,882.05,6161
2021-09-30 13:45:00+05:30,882.05,883.0,881.0,881.35,4627
2021-09-30 14:00:00+05:30,882.05,885.0,881.75,884.2,4979
2021-09-30 14:15:00+05:30,883.35,887.55,881.75,885.45,7687
2021-09-30 14:30:00+05:30,885.45,885.45,881.0,883.25,7037
2021-09-30 14:45:00+05:30,883.25,886.9,882.1,886.7,9519
2021-09-30 15:00:00+05:30,886.9,890.3,883.8,885.5,14331
2021-09-30 15:15:00+05:30,885.5,886.5,880.95,880.95,19464
2021-09-30 15:30:00+05:30,880.55,883.5,876.05,879.65,39109
2021-10-01 09:30:00+05:30,879.9,880.15,864.05,869.25,61375
2021-10-01 09:45:00+05:30,869.65,882.45,867.4,873.65,77286
2021-10-01 10:00:00+05:30,873.65,873.95,867.25,869.0,26889
2021-10-01 10:15:00+05:30,868.65,871.85,868.25,869.15,9976
2021-10-01 10:30:00+05:30,869.15,872.85,868.95,870.7,8639
2021-10-01 10:45:00+05:30,870.7,872.0,867.0,869.7,9972
2021-10-01 11:00:00+05:30,869.7,870.4,867.1,870.4,8407
2021-10-01 11:15:00+05:30,870.4,873.0,869.15,872.6,12960
2021-10-01 11:30:00+05:30,872.6,877.65,872.05,873.65,15648
2021-10-01 11:45:00+05:30,873.65,875.65,872.0,873.55,11208
2021-10-01 12:00:00+05:30,873.55,874.95,870.8,873.35,6776
2021-10-01 12:15:00+05:30,873.35,875.85,871.45,872.05,8213
2021-10-01 12:30:00+05:30,872.7,874.95,871.05,872.8,3991
2021-10-01 12:45:00+05:30,872.15,874.3,870.0,872.85,9610
2021-10-01 13:00:00+05:30,871.85,874.25,870.5,873.6,3166
2021-10-01 13:15:00+05:30,873.55,876.6,873.05,874.5,7711
2021-10-01 13:30:00+05:30,874.05,875.85,872.95,874.45,5099
2021-10-01 13:45:00+05:30,874.45,875.75,873.45,873.85,2764
2021-10-01 14:00:00+05:30,873.85,875.35,870.95,870.95,9810
2021-10-01 14:15:00+05:30,870.95,874.8,870.7,874.8,5615
2021-10-01 14:30:00+05:30,874.3,877.0,872.65,874.95,13256
2021-10-01 14:45:00+05:30,874.65,893.8,874.65,885.1,73184
2021-10-01 15:00:00+05:30,885.1,889.85,883.9,885.7,12749
2021-10-01 15:15:00+05:30,885.0,896.35,885.0,896.0,40474
2021-10-01 15:30:00+05:30,896.75,902.4,894.55,897.05,83945
2021-10-04 09:30:00+05:30,902.5,906.95,898.15,899.05,30443
2021-10-04 09:45:00+05:30,900.05,903.9,899.9,901.0,8696
2021-10-04 10:00:00+05:30,901.2,902.2,900.0,901.5,6266
2021-10-04 10:15:00+05:30,901.5,904.65,900.2,902.25,8144
2021-10-04 10:30:00+05:30,902.25,905.0,900.45,903.9,10522
2021-10-04 10:45:00+05:30,903.9,908.25,901.05,908.25,38264
2021-10-04 11:00:00+05:30,908.25,915.0,906.95,911.7,87763
2021-10-04 11:15:00+05:30,911.4,911.8,906.0,909.5,18059
2021-10-04 11:30:00+05:30,909.5,909.5,904.3,908.55,12140
2021-10-04 11:45:00+05:30,908.2,910.5,905.1,905.1,7100
2021-10-04 12:00:00+05:30,905.2,910.05,905.2,908.15,8223
2021-10-04 12:15:00+05:30,908.15,910.0,906.55,907.75,4246
2021-10-04 12:30:00+05:30,907.75,908.2,905.15,906.0,4515
2021-10-04 12:45:00+05:30,906.0,909.0,905.0,909.0,5780
2021-10-04 13:00:00+05:30,909.0,913.95,907.7,908.0,18064
2021-10-04 13:15:00+05:30,908.0,912.95,905.15,910.05,12087
2021-10-04 13:30:00+05:30,910.85,913.0,907.25,909.1,8270
2021-10-04 13:45:00+05:30,908.95,914.35,907.55,910.0,13605
2021-10-04 14:00:00+05:30,910.0,911.75,908.55,909.55,4359
2021-10-04 14:15:00+05:30,909.55,910.0,907.0,907.35,4786
2021-10-04 14:30:00+05:30,906.9,909.45,906.1,907.05,7881
2021-10-04 14:45:00+05:30,907.05,907.55,902.5,903.95,15771
2021-10-04 15:00:00+05:30,904.55,912.5,903.5,911.7,25486
2021-10-04 15:15:00+05:30,911.85,913.5,909.85,911.85,24029
2021-10-04 15:30:00+05:30,911.85,913.4,904.05,909.7,24604
2021-10-05 09:30:00+05:30,909.7,914.8,907.0,913.4,21758
2021-10-05 09:45:00+05:30,912.0,912.85,902.25,905.0,63996
2021-10-05 10:00:00+05:30,906.3,906.3,899.25,901.6,35796
2021-10-05 10:15:00+05:30,900.95,908.75,900.15,908.1,9800
2021-10-05 10:30:00+05:30,906.95,911.0,906.5,909.55,12305
2021-10-05 10:45:00+05:30,909.0,914.05,908.1,911.85,21506
2021-10-05 11:00:00+05:30,912.25,913.8,907.0,913.0,19297
2021-10-05 11:15:00+05:30,913.0,939.7,911.4,935.0,242026
2021-10-05 11:30:00+05:30,934.75,935.0,923.2,925.0,66079
2021-10-05 11:45:00+05:30,924.95,925.05,917.0,919.0,50382
2021-10-05 12:00:00+05:30,919.0,919.4,915.25,917.1,20621
2021-10-05 12:15:00+05:30,918.0,918.0,917.0,918.0,13076
2021-10-05 12:30:00+05:30,918.0,918.0,912.25,912.85,21091
2021-10-05 12:45:00+05:30,913.65,915.0,910.0,913.45,23059
2021-10-05 13:00:00+05:30,912.7,916.7,912.5,914.1,12266
2021-10-05 13:15:00+05:30,914.0,915.0,911.4,913.3,12354
2021-10-05 13:30:00+05:30,913.3,914.6,906.9,909.5,36775
2021-10-05 13:45:00+05:30,909.5,915.05,909.5,914.5,23227
2021-10-05 14:00:00+05:30,914.0,914.5,911.4,912.2,8605
2021-10-05 14:15:00+05:30,912.1,916.05,908.5,914.0,28491
2021-10-05 14:30:00+05:30,914.0,914.0,908.95,911.5,17752
2021-10-05 14:45:00+05:30,911.1,912.85,909.8,911.25,11194
2021-10-05 15:00:00+05:30,910.75,911.5,906.35,908.0,20876
2021-10-05 15:15:00+05:30,907.55,909.85,905.5,906.25,22426
2021-10-05 15:30:00+05:30,906.1,907.9,901.05,904.7,52004
2021-10-06 09:30:00+05:30,907.0,923.45,907.0,917.9,66884
2021-10-06 09:45:00+05:30,917.6,918.1,915.0,917.75,38105
2021-10-06 10:00:00+05:30,917.0,918.55,915.7,917.45,27037
2021-10-06 10:15:00+05:30,917.2,920.0,916.0,916.5,21595
2021-10-06 10:30:00+05:30,915.7,919.5,914.05,917.65,17233
2021-10-06 10:45:00+05:30,917.05,927.8,916.0,925.35,85266
2021-10-06 11:00:00+05:30,925.3,945.6,925.0,943.1,188095
2021-10-06 11:15:00+05:30,943.0,949.4,936.4,938.95,167739
2021-10-06 11:30:00+05:30,939.0,939.85,936.1,937.0,38542
2021-10-06 11:45:00+05:30,937.2,941.35,933.0,934.95,71170
2021-10-06 12:00:00+05:30,934.95,935.0,931.65,933.8,17945
2021-10-06 12:15:00+05:30,933.8,947.65,932.0,946.2,75819
2021-10-06 12:30:00+05:30,946.2,955.0,944.0,952.95,182763
2021-10-06 12:45:00+05:30,953.0,959.0,948.35,954.9,122681
2021-10-06 13:00:00+05:30,954.9,955.0,949.0,952.55,43938
2021-10-06 13:15:00+05:30,952.0,955.0,945.0,948.7,67503
2021-10-06 13:30:00+05:30,948.7,949.9,942.2,949.9,46981
2021-10-06 13:45:00+05:30,949.9,954.45,945.25,951.05,40199
2021-10-06 14:00:00+05:30,951.05,953.75,945.0,947.3,40323
2021-10-06 14:15:00+05:30,947.9,952.45,946.1,951.75,21215
2021-10-06 14:30:00+05:30,950.85,952.0,936.25,939.6,62301
2021-10-06 14:45:00+05:30,939.05,952.95,936.0,940.7,141126
2021-10-06 15:00:00+05:30,940.0,942.6,937.05,938.5,74168
2021-10-06 15:15:00+05:30,937.75,949.55,937.75,949.4,73749
2021-10-06 15:30:00+05:30,949.4,953.9,945.15,951.0,140220
2021-10-07 09:30:00+05:30,961.45,975.8,954.95,974.15,233810
2021-10-07 09:45:00+05:30,975.45,976.0,963.7,964.4,191008
2021-10-07 10:00:00+05:30,965.0,965.1,957.05,965.0,69664
2021-10-07 10:15:00+05:30,965.0,967.1,961.0,965.8,32915
2021-10-07 10:30:00+05:30,965.15,965.2,961.0,964.85,21419
2021-10-07 10:45:00+05:30,964.85,966.0,963.95,964.45,28276
2021-10-07 11:00:00+05:30,965.0,965.9,964.0,965.0,20373
2021-10-07 11:15:00+05:30,965.0,965.75,963.6,965.0,22829
2021-10-07 11:30:00+05:30,964.9,965.5,964.0,964.5,25993
2021-10-07 11:45:00+05:30,964.85,965.5,962.25,965.0,29885
2021-10-07 12:00:00+05:30,965.0,965.4,964.0,965.0,21922
2021-10-07 12:15:00+05:30,965.0,967.95,963.7,964.85,24328
2021-10-07 12:30:00+05:30,964.85,966.0,963.5,964.95,19931
2021-10-07 12:45:00+05:30,964.9,967.15,964.0,965.05,21380
2021-10-07 13:00:00+05:30,965.0,966.55,964.3,965.4,13496
2021-10-07 13:15:00+05:30,965.4,966.0,964.65,965.8,14514
2021-10-07 13:30:00+05:30,965.8,966.75,964.55,966.75,19814
2021-10-07 13:45:00+05:30,966.75,979.5,966.75,973.9,168482
2021-10-07 14:00:00+05:30,973.9,988.9,971.5,984.7,211807
2021-10-07 14:15:00+05:30,984.7,988.45,976.5,980.65,100940
2021-10-07 14:30:00+05:30,980.65,981.85,972.5,977.0,50778
2021-10-07 14:45:00+05:30,977.85,979.75,971.0,973.15,42649
2021-10-07 15:00:00+05:30,973.0,976.15,966.8,975.25,51144
2021-10-07 15:15:00+05:30,975.45,975.5,969.0,971.5,55904
2021-10-07 15:30:00+05:30,971.6,971.7,962.55,968.9,82300
2021-10-08 09:30:00+05:30,974.0,975.0,952.4,953.25,98430
2021-10-08 09:45:00+05:30,954.4,960.0,949.8,958.0,63411
2021-10-08 10:00:00+05:30,958.5,964.75,957.0,961.45,37267
2021-10-08 10:15:00+05:30,961.5,967.0,959.95,966.65,21927
2021-10-08 10:30:00+05:30,967.0,978.5,966.65,972.0,58779
2021-10-08 10:45:00+05:30,972.0,972.0,966.1,970.95,24019
2021-10-08 11:00:00+05:30,970.95,977.0,970.0,975.5,27241
2021-10-08 11:15:00+05:30,976.45,976.45,969.05,970.0,22976
2021-10-08 11:30:00+05:30,969.5,973.0,967.25,972.2,8482
2021-10-08 11:45:00+05:30,972.2,972.9,969.3,970.25,5247
2021-10-08 12:00:00+05:30,970.25,972.0,970.0,971.0,7353
2021-10-08 12:15:00+05:30,971.0,972.0,964.0,965.0,15597
2021-10-08 12:30:00+05:30,964.65,967.9,962.0,962.0,28816
2021-10-08 12:45:00+05:30,962.0,968.0,957.15,963.8,21530
2021-10-08 13:00:00+05:30,964.4,966.8,962.3,964.45,7011
2021-10-08 13:15:00+05:30,964.45,966.5,959.55,962.5,18082
2021-10-08 13:30:00+05:30,962.5,963.0,960.55,961.7,5226
2021-10-08 13:45:00+05:30,961.7,964.65,961.7,963.0,5580
2021-10-08 14:00:00+05:30,963.0,969.7,963.0,968.3,12346
2021-10-08 14:15:00+05:30,968.35,969.8,964.55,966.1,6846
2021-10-08 14:30:00+05:30,966.1,966.9,964.1,965.75,5676
2021-10-08 14:45:00+05:30,965.75,969.4,964.05,968.95,11423
2021-10-08 15:00:00+05:30,968.95,972.0,966.0,966.9,21377
2021-10-08 15:15:00+05:30,966.9,972.5,965.0,971.0,32392
2021-10-08 15:30:00+05:30,971.9,974.15,967.1,970.85,36056
2021-10-11 09:30:00+05:30,974.8,979.95,973.0,976.0,49216
2021-10-11 09:45:00+05:30,976.0,976.0,970.0,972.5,28890
2021-10-11 10:00:00+05:30,972.5,974.8,971.0,974.2,11240
2021-10-11 10:15:00+05:30,974.2,975.0,972.4,973.9,5021
2021-10-11 10:30:00+05:30,973.9,975.0,973.5,974.95,10994
2021-10-11 10:45:00+05:30,974.9,975.0,973.9,974.95,6465
2021-10-11 11:00:00+05:30,974.0,974.95,970.55,974.5,13746
2021-10-11 11:15:00+05:30,974.5,980.5,973.4,978.4,19868
2021-10-11 11:30:00+05:30,978.5,983.95,976.65,977.15,19884
2021-10-11 11:45:00+05:30,977.15,981.45,976.55,980.0,9035
2021-10-11 12:00:00+05:30,981.45,984.25,976.15,977.4,19405
2021-10-11 12:15:00+05:30,977.4,979.4,976.0,978.35,3210
2021-10-11 12:30:00+05:30,979.0,982.95,977.0,978.0,11540
2021-10-11 12:45:00+05:30,978.0,984.25,977.35,984.0,13811
2021-10-11 13:00:00+05:30,984.0,984.0,978.4,983.15,17881
2021-10-11 13:15:00+05:30,982.35,984.0,980.65,983.95,10988
2021-10-11 13:30:00+05:30,983.95,1004.9,983.35,1004.55,149022
2021-10-11 13:45:00+05:30,1004.8,1014.8,997.95,1006.95,272026
2021-10-11 14:00:00+05:30,1006.95,1012.1,997.05,1000.0,94408
2021-10-11 14:15:00+05:30,1000.0,1007.95,998.3,1006.3,34547
2021-10-11 14:30:00+05:30,1006.3,1007.1,999.9,1005.75,28350
2021-10-11 14:45:00+05:30,1005.75,1017.95,1004.05,1014.9,78228
2021-10-11 15:00:00+05:30,1013.9,1026.8,1010.0,1019.3,157495
2021-10-11 15:15:00+05:30,1019.35,1030.0,1013.25,1026.0,150635
2021-10-11 15:30:00+05:30,1026.1,1026.1,1016.4,1025.0,136466
2021-10-12 09:30:00+05:30,1036.0,1083.1,1022.55,1070.4,425778
2021-10-12 09:45:00+05:30,1070.45,1119.0,1064.0,1096.0,513065
2021-10-12 10:00:00+05:30,1097.0,1127.85,1088.0,1123.85,394071
2021-10-12 10:15:00+05:30,1122.8,1132.2,1110.1,1113.0,219958
2021-10-12 10:30:00+05:30,1113.0,1119.95,1105.6,1116.0,109268
2021-10-12 10:45:00+05:30,1115.75,1118.0,1111.9,1114.85,67927
2021-10-12 11:00:00+05:30,1114.9,1142.85,1110.75,1142.0,161007
2021-10-12 11:15:00+05:30,1141.35,1154.0,1132.0,1142.9,361223
2021-10-12 11:30:00+05:30,1142.9,1164.8,1139.0,1162.25,318312
2021-10-12 11:45:00+05:30,1162.35,1174.0,1152.0,1168.8,398622
2021-10-12 12:00:00+05:30,1168.85,1185.0,1168.5,1175.65,398421
2021-10-12 12:15:00+05:30,1174.9,1175.85,1154.0,1158.4,302268
2021-10-12 12:30:00+05:30,1158.35,1164.85,1152.25,1157.0,126919
2021-10-12 12:45:00+05:30,1156.35,1176.15,1156.2,1167.6,192245
2021-10-12 13:00:00+05:30,1168.0,1185.0,1165.0,1166.25,251680
2021-10-12 13:15:00+05:30,1167.0,1174.4,1159.05,1162.9,143335
2021-10-12 13:30:00+05:30,1162.15,1167.75,1160.15,1165.8,65871
2021-10-12 13:45:00+05:30,1165.8,1171.45,1162.0,1164.2,88378
2021-10-12 14:00:00+05:30,1164.2,1184.0,1162.0,1170.85,243895
2021-10-12 14:15:00+05:30,1171.7,1183.8,1168.35,1174.75,225935
2021-10-12 14:30:00+05:30,1174.75,1214.8,1173.0,1197.5,619192
2021-10-12 14:45:00+05:30,1199.3,1205.0,1191.0,1196.5,175504
2021-10-12 15:00:00+05:30,1196.55,1198.0,1166.95,1171.2,285613
2021-10-12 15:15:00+05:30,1171.95,1182.5,1167.0,1167.0,237285
2021-10-12 15:30:00+05:30,1166.0,1180.0,1165.1,1171.0,256813
2021-10-13 09:30:00+05:30,1175.0,1184.7,1145.5,1150.8,288385
2021-10-13 09:45:00+05:30,1151.65,1154.4,1142.0,1150.0,95865
2021-10-13 10:00:00+05:30,1150.0,1150.0,1137.5,1144.35,63341
2021-10-13 10:15:00+05:30,1144.85,1151.4,1140.95,1151.3,32132
2021-10-13 10:30:00+05:30,1150.9,1169.0,1148.95,1157.0,132657
2021-10-13 10:45:00+05:30,1157.65,1157.65,1148.15,1149.95,33226
2021-10-13 11:00:00+05:30,1149.1,1150.05,1144.85,1148.05,23407
2021-10-13 11:15:00+05:30,1147.05,1150.75,1142.0,1143.2,25063
2021-10-13 11:30:00+05:30,1137.1,1142.25,1135.55,1139.65,57463
2021-10-13 11:45:00+05:30,1139.0,1140.0,1136.0,1137.05,17509
2021-10-13 12:00:00+05:30,1136.95,1137.5,1131.95,1136.1,26260
2021-10-13 12:15:00+05:30,1135.1,1139.95,1134.05,1134.95,22232
2021-10-13 12:30:00+05:30,1134.95,1137.3,1134.15,1134.65,12433
2021-10-13 12:45:00+05:30,1134.45,1135.4,1126.3,1127.75,41164
2021-10-13 13:00:00+05:30,1128.15,1136.25,1127.0,1134.0,36691
2021-10-13 13:15:00+05:30,1134.0,1136.75,1131.55,1133.25,18140
2021-10-13 13:30:00+05:30,1133.25,1137.4,1133.25,1135.0,15344
2021-10-13 13:45:00+05:30,1135.0,1136.5,1131.5,1132.8,23444
2021-10-13 14:00:00+05:30,1132.8,1136.35,1132.8,1134.2,12631
2021-10-13 14:15:00+05:30,1134.35,1134.7,1127.05,1129.0,24423
2021-10-13 14:30:00+05:30,1128.8,1130.5,1125.0,1125.5,25852
2021-10-13 14:45:00+05:30,1125.5,1128.55,1122.15,1127.6,19737
2021-10-13 15:00:00+05:30,1127.25,1130.4,1126.55,1129.45,19041
2021-10-13 15:15:00+05:30,1128.9,1130.0,1125.0,1126.05,26417
2021-10-13 15:30:00+05:30,1126.15,1132.05,1120.35,1128.0,75312
2021-10-14 09:30:00+05:30,1137.55,1139.0,1100.0,1114.65,54467
2021-10-14 09:45:00+05:30,1116.05,1123.0,1107.0,1111.55,19447
2021-10-14 10:00:00+05:30,1110.0,1123.0,1108.45,1120.9,20150
2021-10-14 10:15:00+05:30,1120.9,1120.9,1110.15,1115.8,7579
2021-10-14 10:30:00+05:30,1115.8,1117.0,1113.5,1117.0,5817
2021-10-14 10:45:00+05:30,1117.0,1119.95,1109.4,1109.95,9088
2021-10-14 11:00:00+05:30,1110.0,1113.0,1109.05,1111.5,9687
2021-10-14 11:15:00+05:30,1111.5,1111.5,1110.0,1110.0,5874
2021-10-14 11:30:00+05:30,1109.95,1109.95,1090.1,1098.2,26945
2021-10-14 11:45:00+05:30,1091.35,1093.35,1063.6,1070.0,79816
2021-10-14 12:00:00+05:30,1070.0,1079.3,1068.0,1078.0,41385
2021-10-14 12:15:00+05:30,1078.0,1084.7,1075.0,1080.9,28468
2021-10-14 12:30:00+05:30,1080.9,1081.95,1072.05,1079.8,15049
2021-10-14 12:45:00+05:30,1079.8,1081.0,1076.05,1080.0,14186
2021-10-14 13:00:00+05:30,1080.0,1081.9,1080.0,1080.1,9899
2021-10-14 13:15:00+05:30,1080.1,1081.8,1076.0,1080.0,8829
2021-10-14 13:30:00+05:30,1080.0,1080.0,1071.1,1071.1,11638
2021-10-14 13:45:00+05:30,1070.35,1076.95,1070.0,1075.0,8589
2021-10-14 14:00:00+05:30,1075.0,1079.9,1073.5,1078.6,9890
2021-10-14 14:15:00+05:30,1079.0,1086.0,1079.0,1084.9,19878
2021-10-14 14:30:00+05:30,1085.75,1094.2,1084.55,1092.35,16598
2021-10-14 14:45:00+05:30,1092.35,1092.35,1089.4,1091.75,9689
2021-10-14 15:00:00+05:30,1091.75,1094.0,1090.0,1093.95,9692
2021-10-14 15:15:00+05:30,1093.95,1099.9,1090.0,1099.4,36241
2021-10-14 15:30:00+05:30,1099.4,1100.15,1095.0,1095.0,32927
2021-10-18 09:30:00+05:30,1132.0,1138.0,1116.6,1138.0,78732
2021-10-18 09:45:00+05:30,1137.95,1139.0,1127.55,1139.0,38091
2021-10-18 10:00:00+05:30,1138.25,1148.0,1135.0,1137.0,46184
2021-10-18 10:15:00+05:30,1136.9,1140.0,1125.0,1129.65,22143
2021-10-18 10:30:00+05:30,1129.6,1132.0,1125.0,1130.0,10377
2021-10-18 10:45:00+05:30,1130.1,1131.95,1128.8,1128.8,8215
2021-10-18 11:00:00+05:30,1129.05,1131.0,1127.6,1128.95,8526
2021-10-18 11:15:00+05:30,1128.95,1130.75,1127.05,1127.25,6931
2021-10-18 11:30:00+05:30,1127.25,1128.6,1117.0,1120.0,12996
2021-10-18 11:45:00+05:30,1120.0,1120.0,1115.4,1118.0,8615
2021-10-18 12:00:00+05:30,1118.5,1119.95,1117.05,1119.95,7753
2021-10-18 12:15:00+05:30,1119.95,1120.85,1115.4,1118.45,8280
2021-10-18 12:30:00+05:30,1120.0,1120.0,1107.9,1117.0,19148
2021-10-18 12:45:00+05:30,1117.0,1118.8,1106.65,1108.0,45634
2021-10-18 13:00:00+05:30,1108.0,1120.0,1108.0,1119.75,7606
2021-10-18 13:15:00+05:30,1118.1,1120.05,1116.85,1120.0,7853
2021-10-18 13:30:00+05:30,1118.9,1120.1,1117.35,1118.65,8135
2021-10-18 13:45:00+05:30,1118.6,1119.8,1115.2,1118.9,5051
2021-10-18 14:00:00+05:30,1119.15,1120.05,1116.0,1116.0,7990
2021-10-18 14:15:00+05:30,1117.05,1119.2,1116.0,1117.95,4542
2021-10-18 14:30:00+05:30,1117.0,1119.95,1116.8,1116.85,5286
2021-10-18 14:45:00+05:30,1117.35,1120.75,1116.85,1119.15,6970
2021-10-18 15:00:00+05:30,1118.7,1120.0,1115.9,1117.95,7273
2021-10-18 15:15:00+05:30,1118.6,1119.95,1117.9,1119.6,11454
2021-10-18 15:30:00+05:30,1119.6,1120.0,1116.0,1118.6,21654
2021-10-19 09:30:00+05:30,1127.95,1127.95,1101.15,1110.0,19622
2021-10-19 09:45:00+05:30,1110.95,1115.0,1109.35,1115.0,16122
2021-10-19 10:00:00+05:30,1114.95,1114.95,1107.05,1109.05,6960
2021-10-19 10:15:00+05:30,1109.1,1110.0,1090.0,1105.0,17236
2021-10-19 10:30:00+05:30,1106.0,1130.45,1096.0,1127.75,18743
2021-10-19 10:45:00+05:30,1135.0,1152.0,1119.0,1152.0,29466
2021-10-19 11:00:00+05:30,1152.25,1163.0,1145.0,1150.0,61216
2021-10-19 11:15:00+05:30,1149.5,1151.0,1137.6,1147.2,24563
2021-10-19 11:30:00+05:30,1146.55,1155.0,1145.0,1154.45,18088
2021-10-19 11:45:00+05:30,1153.0,1174.0,1150.0,1168.1,77486
2021-10-19 12:00:00+05:30,1168.8,1173.0,1147.15,1164.0,60054
2021-10-19 12:15:00+05:30,1164.0,1164.0,1158.0,1158.7,14896
2021-10-19 12:30:00+05:30,1158.7,1159.8,1148.0,1150.0,20086
2021-10-19 12:45:00+05:30,1150.0,1150.0,1135.95,1141.25,19342
2021-10-19 13:00:00+05:30,1141.25,1148.0,1141.25,1146.9,6679
2021-10-19 13:15:00+05:30,1146.9,1150.0,1146.05,1146.55,6091
2021-10-19 13:30:00+05:30,1146.55,1149.45,1145.05,1147.9,7887
2021-10-19 13:45:00+05:30,1147.9,1149.85,1146.1,1146.45,5308
2021-10-19 14:00:00+05:30,1146.45,1148.05,1145.25,1146.05,4244
2021-10-19 14:15:00+05:30,1147.0,1147.35,1136.0,1138.5,8073
2021-10-19 14:30:00+05:30,1138.5,1141.0,1120.0,1140.55,10710
2021-10-19 14:45:00+05:30,1140.1,1140.55,1130.0,1136.1,5977
2021-10-19 15:00:00+05:30,1136.1,1143.6,1124.85,1125.0,9141
2021-10-19 15:15:00+05:30,1125.0,1132.35,1105.0,1110.25,19939
2021-10-19 15:30:00+05:30,1111.0,1129.3,1100.0,1126.0,42776
2021-10-20 09:30:00+05:30,1124.0,1124.0,1088.0,1091.0,31536
2021-10-20 09:45:00+05:30,1091.0,1112.0,1091.0,1112.0,26555
2021-10-20 10:00:00+05:30,1112.0,1130.0,1110.0,1129.3,16421
2021-10-20 10:15:00+05:30,1129.1,1159.7,1129.1,1150.5,54010
2021-10-20 10:30:00+05:30,1150.5,1151.0,1136.1,1136.1,22395
2021-10-20 10:45:00+05:30,1135.0,1135.0,1123.0,1131.0,13158
2021-10-20 11:00:00+05:30,1131.0,1139.0,1128.45,1135.65,10533
2021-10-20 11:15:00+05:30,1135.65,1143.95,1134.05,1143.95,10181
2021-10-20 11:30:00+05:30,1143.95,1144.95,1141.95,1142.35,6999
2021-10-20 11:45:00+05:30,1142.35,1142.4,1139.6,1140.0,7311
2021-10-20 12:00:00+05:30,1140.0,1140.0,1130.7,1131.0,6675
2021-10-20 12:15:00+05:30,1130.8,1130.9,1125.35,1125.4,6934
2021-10-20 12:30:00+05:30,1126.0,1139.0,1125.0,1138.9,8253
2021-10-20 12:45:00+05:30,1138.9,1140.0,1124.0,1124.0,11730
2021-10-20 13:00:00+05:30,1123.2,1129.4,1122.0,1125.4,10946
2021-10-20 13:15:00+05:30,1125.4,1127.7,1123.2,1126.25,6404
2021-10-20 13:30:00+05:30,1127.0,1128.0,1115.0,1115.0,10620
2021-10-20 13:45:00+05:30,1115.0,1120.0,1109.25,1110.0,11178
2021-10-20 14:00:00+05:30,1110.0,1110.15,1103.8,1105.2,12240
2021-10-20 14:15:00+05:30,1105.2,1110.05,1101.0,1101.0,9847
2021-10-20 14:30:00+05:30,1101.0,1105.0,1093.0,1099.8,12212
2021-10-20 14:45:00+05:30,1099.9,1104.1,1094.0,1102.7,11315
2021-10-20 15:00:00+05:30,1102.7,1113.85,1102.1,1109.85,11678
2021-10-20 15:15:00+05:30,1109.9,1119.75,1105.0,1118.25,16324
2021-10-20 15:30:00+05:30,1118.25,1125.0,1109.0,1121.0,24359
2021-10-21 09:30:00+05:30,1115.8,1121.6,1094.7,1115.2,19849
2021-10-21 09:45:00+05:30,1115.65,1118.25,1104.05,1110.0,9705
2021-10-21 10:00:00+05:30,1110.0,1110.0,1104.0,1106.95,5869
2021-10-21 10:15:00+05:30,1106.95,1108.0,1105.0,1105.0,6904
2021-10-21 10:30:00+05:30,1105.0,1107.95,1104.0,1105.9,2411
2021-10-21 10:45:00+05:30,1106.0,1106.0,1097.25,1097.95,8478
2021-10-21 11:00:00+05:30,1097.95,1098.9,1090.0,1094.4,8617
2021-10-21 11:15:00+05:30,1094.4,1098.0,1080.15,1093.45,14251
2021-10-21 11:30:00+05:30,1093.4,1099.0,1090.0,1093.4,5684
2021-10-21 11:45:00+05:30,1093.4,1097.0,1092.0,1094.05,4638
2021-10-21 12:00:00+05:30,1094.7,1097.0,1094.0,1095.25,4033
2021-10-21 12:15:00+05:30,1095.25,1096.95,1094.1,1096.65,2586
2021-10-21 12:30:00+05:30,1096.65,1096.65,1095.0,1095.5,2623
2021-10-21 12:45:00+05:30,1095.5,1098.75,1093.0,1095.0,6954
2021-10-21 13:00:00+05:30,1095.8,1099.7,1094.5,1096.9,1854
2021-10-21 13:15:00+05:30,1096.9,1104.0,1095.55,1103.1,4336
2021-10-21 13:30:00+05:30,1103.1,1104.9,1097.05,1100.2,3220
2021-10-21 13:45:00+05:30,1100.2,1103.2,1092.0,1097.05,9755
2021-10-21 14:00:00+05:30,1097.05,1098.4,1095.75,1097.8,3001
2021-10-21 14:15:00+05:30,1097.8,1098.0,1090.0,1092.8,5009
2021-10-21 14:30:00+05:30,1093.35,1096.0,1084.0,1095.55,21146
2021-10-21 14:45:00+05:30,1093.0,1097.5,1090.0,1095.0,8569
2021-10-21 15:00:00+05:30,1095.0,1097.5,1090.0,1097.35,4465
2021-10-21 15:15:00+05:30,1097.35,1097.55,1094.1,1096.4,8464
2021-10-21 15:30:00+05:30,1096.4,1101.95,1096.05,1099.0,17292
2021-10-22 09:30:00+05:30,1099.9,1107.9,1096.05,1106.2,15561
2021-10-22 09:45:00+05:30,1107.45,1116.0,1107.4,1109.95,21899
2021-10-22 10:00:00+05:30,1111.95,1133.65,1110.05,1128.5,29041
2021-10-22 10:15:00+05:30,1128.1,1145.0,1126.65,1129.3,31393
2021-10-22 10:30:00+05:30,1128.75,1133.0,1127.3,1132.55,6252
2021-10-22 10:45:00+05:30,1132.6,1140.0,1132.6,1135.0,11954
2021-10-22 11:00:00+05:30,1135.0,1135.0,1127.55,1128.15,6111
2021-10-22 11:15:00+05:30,1128.85,1136.0,1127.8,1133.5,6479
2021-10-22 11:30:00+05:30,1133.5,1134.85,1128.3,1128.3,8889
2021-10-22 11:45:00+05:30,1128.4,1137.0,1124.35,1130.0,16360
2021-10-22 12:00:00+05:30,1131.55,1133.0,1127.2,1127.75,7680
2021-10-22 12:15:00+05:30,1127.9,1127.9,1115.4,1115.4,8042
2021-10-22 12:30:00+05:30,1117.2,1121.55,1102.0,1117.8,12419
2021-10-22 12:45:00+05:30,1118.0,1121.0,1114.25,1116.25,5572
2021-10-22 13:00:00+05:30,1116.25,1123.4,1111.25,1114.75,7239
2021-10-22 13:15:00+05:30,1113.25,1115.0,1111.0,1112.45,5697
2021-10-22 13:30:00+05:30,1112.45,1114.8,1105.0,1107.95,9009
2021-10-22 13:45:00+05:30,1107.6,1117.8,1103.85,1109.8,13759
2021-10-22 14:00:00+05:30,1109.8,1110.0,1105.95,1107.45,6376
2021-10-22 14:15:00+05:30,1107.45,1116.15,1106.75,1115.65,11586
2021-10-22 14:30:00+05:30,1115.65,1124.75,1115.05,1119.85,10344
2021-10-22 14:45:00+05:30,1119.0,1124.3,1119.0,1123.0,9691
2021-10-22 15:00:00+05:30,1123.0,1128.1,1122.95,1125.35,6660
2021-10-22 15:15:00+05:30,1125.35,1132.65,1122.5,1124.25,16772
2021-10-22 15:30:00+05:30,1124.2,1126.0,1119.0,1120.0,33745
2021-10-25 09:30:00+05:30,1107.0,1128.6,1106.05,1114.8,42512
2021-10-25 09:45:00+05:30,1111.0,1113.55,1084.25,1089.2,38353
2021-10-25 10:00:00+05:30,1087.9,1088.35,1046.7,1059.5,78844
2021-10-25 10:15:00+05:30,1059.5,1083.9,1057.55,1074.5,22516
2021-10-25 10:30:00+05:30,1074.5,1101.4,1074.15,1098.0,20381
2021-10-25 10:45:00+05:30,1097.95,1122.6,1096.0,1122.05,27075
2021-10-25 11:00:00+05:30,1122.25,1123.0,1108.3,1115.45,10586
2021-10-25 11:15:00+05:30,1115.45,1122.25,1112.55,1112.55,8834
2021-10-25 11:30:00+05:30,1112.55,1115.0,1108.0,1111.1,7079
2021-10-25 11:45:00+05:30,1111.9,1113.2,1108.0,1108.0,3750
2021-10-25 12:00:00+05:30,1108.0,1114.85,1108.0,1108.2,5032
2021-10-25 12:15:00+05:30,1108.2,1112.0,1104.0,1107.75,6850
2021-10-25 12:30:00+05:30,1107.75,1111.0,1104.0,1109.05,3884
2021-10-25 12:45:00+05:30,1109.05,1109.7,1102.5,1102.5,5920
2021-10-25 13:00:00+05:30,1102.5,1107.2,1102.5,1103.45,2779
2021-10-25 13:15:00+05:30,1103.45,1106.9,1102.05,1102.9,2118
2021-10-25 13:30:00+05:30,1102.9,1105.25,1100.1,1105.25,4761
2021-10-25 13:45:00+05:30,1105.25,1108.1,1102.2,1105.6,7038
2021-10-25 14:00:00+05:30,1105.0,1109.45,1104.6,1106.7,8498
2021-10-25 14:15:00+05:30,1106.7,1108.95,1105.0,1105.0,5171
2021-10-25 14:30:00+05:30,1104.8,1107.2,1100.0,1100.0,7978
2021-10-25 14:45:00+05:30,1100.5,1101.0,1099.9,1100.15,10319
2021-10-25 15:00:00+05:30,1100.0,1113.2,1100.0,1111.2,12998
2021-10-25 15:15:00+05:30,1111.2,1124.0,1110.0,1120.85,18871
2021-10-25 15:30:00+05:30,1120.85,1122.95,1109.0,1115.0,12743
2021-10-26 09:30:00+05:30,1116.95,1127.15,1110.8,1121.8,21219
2021-10-26 09:45:00+05:30,1120.35,1139.0,1120.35,1124.6,29586
2021-10-26 10:00:00+05:30,1124.6,1134.75,1123.05,1131.85,12939
2021-10-26 10:15:00+05:30,1131.05,1132.9,1123.05,1124.0,7938
2021-10-26 10:30:00+05:30,1124.3,1127.75,1118.65,1120.4,17002
2021-10-26 10:45:00+05:30,1120.8,1126.05,1115.3,1122.1,7753
2021-10-26 11:00:00+05:30,1122.8,1123.85,1116.0,1116.25,6100
2021-10-26 11:15:00+05:30,1116.25,1123.5,1114.5,1122.55,6885
2021-10-26 11:30:00+05:30,1122.55,1144.5,1117.6,1134.0,36038
2021-10-26 11:45:00+05:30,1134.0,1139.35,1127.0,1128.45,17937
2021-10-26 12:00:00+05:30,1129.5,1129.9,1121.0,1121.1,8762
2021-10-26 12:15:00+05:30,1121.1,1124.8,1118.0,1121.5,4918
2021-10-26 12:30:00+05:30,1121.0,1123.3,1111.45,1115.65,8689
2021-10-26 12:45:00+05:30,1115.65,1123.15,1110.75,1120.8,13856
2021-10-26 13:00:00+05:30,1120.0,1121.4,1114.55,1116.3,6205
2021-10-26 13:15:00+05:30,1114.8,1117.95,1114.8,1117.15,2395
2021-10-26 13:30:00+05:30,1117.15,1117.9,1115.5,1116.7,3917
2021-10-26 13:45:00+05:30,1116.7,1117.55,1113.0,1114.85,4293
2021-10-26 14:00:00+05:30,1114.85,1115.0,1105.0,1107.45,10921
2021-10-26 14:15:00+05:30,1108.1,1115.0,1107.85,1114.1,4471
2021-10-26 14:30:00+05:30,1114.1,1115.0,1113.0,1113.1,2630
2021-10-26 14:45:00+05:30,1113.1,1115.0,1110.75,1113.9,2916
2021-10-26 15:00:00+05:30,1113.9,1114.5,1109.5,1111.2,5828
2021-10-26 15:15:00+05:30,1111.7,1113.0,1107.05,1107.8,11105
2021-10-26 15:30:00+05:30,1109.2,1114.0,1106.95,1111.0,18077
2021-10-27 09:30:00+05:30,1119.6,1122.0,1107.75,1116.25,19550
2021-10-27 09:45:00+05:30,1117.0,1117.05,1110.25,1110.85,6793
2021-10-27 10:00:00+05:30,1111.0,1113.0,1109.0,1109.2,7529
2021-10-27 10:15:00+05:30,1109.7,1112.4,1108.0,1109.1,5382
2021-10-27 10:30:00+05:30,1109.1,1110.0,1107.0,1107.95,3852
2021-10-27 10:45:00+05:30,1107.95,1108.0,1105.0,1107.1,3239
2021-10-27 11:00:00+05:30,1107.1,1107.85,1105.0,1106.0,1608
2021-10-27 11:15:00+05:30,1106.0,1107.2,1103.2,1107.2,3851
2021-10-27 11:30:00+05:30,1107.2,1110.9,1104.25,1110.0,6235
2021-10-27 11:45:00+05:30,1109.25,1109.65,1107.7,1109.0,4760
2021-10-27 12:00:00+05:30,1109.0,1110.9,1108.45,1108.85,2316
2021-10-27 12:15:00+05:30,1108.85,1108.85,1103.85,1104.8,3124
2021-10-27 12:30:00+05:30,1104.8,1108.95,1103.5,1107.15,1474
2021-10-27 12:45:00+05:30,1107.15,1110.8,1107.0,1109.55,2497
2021-10-27 13:00:00+05:30,1109.55,1110.0,1107.5,1108.0,1467
2021-10-27 13:15:00+05:30,1108.0,1114.3,1107.7,1109.15,10037
2021-10-27 13:30:00+05:30,1109.15,1113.0,1108.75,1110.0,2977
2021-10-27 13:45:00+05:30,1110.15,1158.8,1110.0,1147.85,90564
2021-10-27 14:00:00+05:30,1147.85,1172.0,1145.0,1161.15,140339
2021-10-27 14:15:00+05:30,1161.75,1166.0,1149.95,1151.9,52332
2021-10-27 14:30:00+05:30,1151.9,1152.75,1137.0,1144.45,38636
2021-10-27 14:45:00+05:30,1143.7,1149.85,1142.85,1146.75,18394
2021-10-27 15:00:00+05:30,1146.75,1149.6,1145.0,1148.9,16553
2021-10-27 15:15:00+05:30,1148.35,1155.0,1134.0,1135.5,32326
2021-10-27 15:30:00+05:30,1135.5,1151.05,1129.2,1149.95,41784
2021-10-28 09:30:00+05:30,1151.1,1159.8,1111.8,1115.3,77298
2021-10-28 09:45:00+05:30,1116.75,1116.75,1107.05,1111.2,45942
2021-10-28 10:00:00+05:30,1111.2,1132.8,1110.0,1117.0,53791
2021-10-28 10:15:00+05:30,1117.0,1129.45,1113.05,1129.45,22270
2021-10-28 10:30:00+05:30,1129.45,1132.2,1122.7,1125.3,17765
2021-10-28 10:45:00+05:30,1125.3,1125.95,1116.0,1116.05,4357
2021-10-28 11:00:00+05:30,1116.05,1119.0,1114.0,1115.15,11934
2021-10-28 11:15:00+05:30,1115.4,1117.6,1113.05,1115.0,5835
2021-10-28 11:30:00+05:30,1115.0,1117.1,1113.35,1113.4,3405
2021-10-28 11:45:00+05:30,1113.4,1119.5,1113.4,1117.25,3033
2021-10-28 12:00:00+05:30,1117.25,1134.05,1117.0,1132.1,18585
2021-10-28 12:15:00+05:30,1132.1,1134.95,1128.3,1130.0,15740
2021-10-28 12:30:00+05:30,1130.0,1131.6,1120.0,1121.0,8943
2021-10-28 12:45:00+05:30,1121.0,1127.95,1120.05,1124.35,2137
2021-10-28 13:00:00+05:30,1124.35,1139.45,1124.35,1135.5,12818
2021-10-28 13:15:00+05:30,1135.55,1137.1,1127.65,1130.1,7259
2021-10-28 13:30:00+05:30,1131.0,1138.75,1131.0,1135.75,9104
2021-10-28 13:45:00+05:30,1136.6,1136.6,1126.0,1128.15,5622
2021-10-28 14:00:00+05:30,1129.15,1137.1,1127.5,1134.35,7642
2021-10-28 14:15:00+05:30,1134.35,1137.0,1133.55,1134.15,7569
2021-10-28 14:30:00+05:30,1134.3,1137.8,1132.05,1134.45,9690
2021-10-28 14:45:00+05:30,1135.6,1138.05,1132.05,1135.85,15302
2021-10-28 15:00:00+05:30,1136.8,1138.65,1124.8,1125.2,17055
2021-10-28 15:15:00+05:30,1126.0,1136.15,1126.0,1135.75,11923
2021-10-28 15:30:00+05:30,1135.9,1136.45,1126.1,1130.0,21950
2021-10-29 09:30:00+05:30,1117.0,1117.0,1096.15,1108.5,54844
2021-10-29 09:45:00+05:30,1108.0,1114.0,1106.45,1112.05,22574
2021-10-29 10:00:00+05:30,1112.7,1122.0,1111.25,1111.8,13003
2021-10-29 10:15:00+05:30,1113.55,1115.65,1105.2,1109.05,20996
2021-10-29 10:30:00+05:30,1109.05,1111.0,1106.25,1109.25,9768
2021-10-29 10:45:00+05:30,1109.0,1118.65,1108.1,1117.85,15316
2021-10-29 11:00:00+05:30,1117.75,1121.9,1116.0,1120.95,16599
2021-10-29 11:15:00+05:30,1120.95,1127.0,1117.3,1119.05,19649
2021-10-29 11:30:00+05:30,1119.0,1132.95,1117.95,1124.15,27115
2021-10-29 11:45:00+05:30,1124.15,1126.0,1118.7,1118.7,17059
2021-10-29 12:00:00+05:30,1118.7,1129.3,1118.7,1125.1,16638
2021-10-29 12:15:00+05:30,1126.0,1126.8,1118.95,1120.7,7765
2021-10-29 12:30:00+05:30,1120.7,1122.05,1119.0,1120.0,3347
2021-10-29 12:45:00+05:30,1120.0,1121.45,1114.7,1121.4,6785
2021-10-29 13:00:00+05:30,1121.4,1124.0,1118.9,1122.3,6892
2021-10-29 13:15:00+05:30,1122.3,1123.45,1115.65,1118.3,7196
2021-10-29 13:30:00+05:30,1119.6,1122.5,1117.2,1122.5,6702
2021-10-29 13:45:00+05:30,1121.7,1123.05,1120.0,1120.6,4723
2021-10-29 14:00:00+05:30,1120.6,1122.55,1118.2,1120.0,2814
2021-10-29 14:15:00+05:30,1120.0,1122.0,1118.0,1119.4,11164
2021-10-29 14:30:00+05:30,1119.4,1125.3,1117.3,1125.05,7439
2021-10-29 14:45:00+05:30,1125.05,1135.0,1120.65,1133.7,12034
2021-10-29 15:00:00+05:30,1133.7,1137.8,1121.25,1124.0,15148
2021-10-29 15:15:00+05:30,1124.0,1128.95,1115.0,1119.15,25183
2021-10-29 15:30:00+05:30,1119.15,1122.0,1109.45,1120.0,49741
2021-11-01 09:30:00+05:30,1124.0,1134.0,1114.95,1123.6,43779
2021-11-01 09:45:00+05:30,1124.3,1130.0,1118.2,1118.85,37701
2021-11-01 10:00:00+05:30,1119.95,1124.0,1118.4,1121.95,27937
2021-11-01 10:15:00+05:30,1122.9,1122.9,1118.35,1120.0,14425
2021-11-01 10:30:00+05:30,1120.0,1120.0,1111.35,1114.1,13978
2021-11-01 10:45:00+05:30,1114.55,1119.8,1113.55,1116.95,10846
2021-11-01 11:00:00+05:30,1116.95,1120.0,1116.2,1118.25,7876
2021-11-01 11:15:00+05:30,1118.25,1120.0,1116.55,1118.3,6089
2021-11-01 11:30:00+05:30,1119.0,1119.0,1112.1,1114.0,13917
2021-11-01 11:45:00+05:30,1114.0,1115.0,1113.35,1114.95,6948
2021-11-01 12:00:00+05:30,1115.0,1115.95,1106.6,1113.3,13993
2021-11-01 12:15:00+05:30,1114.0,1115.0,1111.2,1114.05,7518
2021-11-01 12:30:00+05:30,1112.85,1115.0,1112.35,1112.65,5406
2021-11-01 12:45:00+05:30,1113.95,1118.65,1112.15,1113.85,6811
2021-11-01 13:00:00+05:30,1113.1,1115.0,1110.0,1115.0,9486
2021-11-01 13:15:00+05:30,1114.05,1115.0,1111.0,1114.95,9281
2021-11-01 13:30:00+05:30,1114.55,1115.0,1113.1,1115.0,5306
2021-11-01 13:45:00+05:30,1115.0,1115.2,1113.1,1115.0,4328
2021-11-01 14:00:00+05:30,1115.0,1115.0,1109.15,1112.0,15156
2021-11-01 14:15:00+05:30,1112.0,1112.0,1104.1,1106.9,23265
2021-11-01 14:30:00+05:30,1106.9,1108.0,1099.0,1099.05,17215
2021-11-01 14:45:00+05:30,1100.0,1102.0,1096.7,1099.8,11997
2021-11-01 15:00:00+05:30,1099.8,1101.1,1098.0,1099.95,5571
2021-11-01 15:15:00+05:30,1098.75,1100.0,1098.35,1100.0,12813
2021-11-01 15:30:00+05:30,1100.0,1100.0,1079.0,1090.0,47526
2021-11-02 09:30:00+05:30,1100.0,1109.0,1092.65,1095.0,44076
2021-11-02 09:45:00+05:30,1095.0,1095.0,1077.0,1085.15,38326
2021-11-02 10:00:00+05:30,1085.15,1089.95,1085.0,1089.2,12983
2021-11-02 10:15:00+05:30,1089.85,1089.85,1084.4,1087.05,12887
2021-11-02 10:30:00+05:30,1087.4,1090.6,1085.4,1089.5,12844
2021-11-02 10:45:00+05:30,1089.5,1091.7,1081.7,1088.0,17203
2021-11-02 11:00:00+05:30,1089.0,1091.7,1085.9,1087.65,9762
2021-11-02 11:15:00+05:30,1086.95,1086.95,1081.9,1085.0,8323
2021-11-02 11:30:00+05:30,1083.95,1085.6,1081.75,1083.0,9957
2021-11-02 11:45:00+05:30,1083.0,1084.0,1081.05,1083.0,12725
2021-11-02 12:00:00+05:30,1083.0,1083.0,1081.8,1083.0,3052
2021-11-02 12:15:00+05:30,1083.0,1084.0,1081.2,1081.2,4257
2021-11-02 12:30:00+05:30,1081.2,1083.0,1065.0,1069.6,28053
2021-11-02 12:45:00+05:30,1069.6,1074.4,1062.05,1067.2,37310
2021-11-02 13:00:00+05:30,1066.95,1075.95,1064.35,1075.0,12713
2021-11-02 13:15:00+05:30,1075.0,1079.9,1074.4,1076.95,8135
2021-11-02 13:30:00+05:30,1076.95,1079.0,1074.0,1078.05,7590
2021-11-02 13:45:00+05:30,1078.05,1087.55,1058.65,1070.0,117812
2021-11-02 14:00:00+05:30,1069.65,1073.0,1055.6,1058.3,61357
2021-11-02 14:15:00+05:30,1058.3,1076.5,1055.0,1075.0,38759
2021-11-02 14:30:00+05:30,1076.05,1076.05,1058.6,1060.5,53769
2021-11-02 14:45:00+05:30,1060.5,1068.15,1058.5,1061.45,53569
2021-11-02 15:00:00+05:30,1061.45,1084.0,1061.45,1076.3,40219
2021-11-02 15:15:00+05:30,1076.3,1079.9,1074.65,1077.5,24196
2021-11-02 15:30:00+05:30,1077.05,1077.45,1061.9,1067.7,39909
2021-11-03 09:30:00+05:30,1051.2,1067.6,1051.05,1055.25,39068
2021-11-03 09:45:00+05:30,1056.5,1062.0,1042.85,1045.55,41659
2021-11-03 10:00:00+05:30,1046.0,1049.45,1035.25,1038.9,46558
2021-11-03 10:15:00+05:30,1038.9,1040.05,1037.05,1038.15,15051
2021-11-03 10:30:00+05:30,1038.95,1039.0,1025.0,1028.9,39775
2021-11-03 10:45:00+05:30,1028.95,1030.0,1026.5,1028.4,20475
2021-11-03 11:00:00+05:30,1029.0,1037.55,1026.5,1036.15,23506
2021-11-03 11:15:00+05:30,1036.15,1036.5,1032.45,1033.4,11789
2021-11-03 11:30:00+05:30,1033.4,1034.55,1031.15,1031.15,5031
2021-11-03 11:45:00+05:30,1031.7,1033.5,1030.05,1030.8,8783
2021-11-03 12:00:00+05:30,1030.8,1032.0,1025.15,1029.35,14319
2021-11-03 12:15:00+05:30,1029.35,1037.0,1026.65,1035.45,11276
2021-11-03 12:30:00+05:30,1036.1,1036.95,1028.4,1028.4,16177
2021-11-03 12:45:00+05:30,1028.4,1030.0,1025.1,1026.45,11605
2021-11-03 13:00:00+05:30,1026.45,1035.0,1025.7,1032.25,24370
2021-11-03 13:15:00+05:30,1033.15,1034.0,1028.85,1031.6,14417
2021-11-03 13:30:00+05:30,1031.6,1034.8,1028.85,1030.0,15392
2021-11-03 13:45:00+05:30,1030.0,1035.0,1029.15,1030.7,20018
2021-11-03 14:00:00+05:30,1030.7,1033.0,1029.0,1031.5,5468
2021-11-03 14:15:00+05:30,1031.5,1031.5,1029.0,1031.5,13757
2021-11-03 14:30:00+05:30,1031.35,1031.75,1028.25,1029.1,4249
2021-11-03 14:45:00+05:30,1028.4,1031.5,1027.0,1029.0,19564
2021-11-03 15:00:00+05:30,1029.0,1030.0,1022.25,1024.75,31523
2021-11-03 15:15:00+05:30,1024.75,1028.6,1024.05,1026.75,24146
2021-11-03 15:30:00+05:30,1025.6,1026.55,1010.05,1019.8,65672
2021-11-04 18:30:00+05:30,1025.0,1053.7,1020.0,1053.6,49382
2021-11-04 18:45:00+05:30,1053.95,1055.0,1046.25,1048.9,30030
2021-11-04 19:00:00+05:30,1048.85,1051.75,1048.05,1051.0,17045
2021-11-04 19:15:00+05:30,1051.0,1059.95,1049.7,1052.95,21994
2021-11-08 09:30:00+05:30,1052.0,1063.4,1033.45,1034.9,43950
2021-11-08 09:45:00+05:30,1036.9,1045.5,1033.25,1041.25,14102
2021-11-08 10:00:00+05:30,1041.4,1043.05,1037.25,1039.95,8759
2021-11-08 10:15:00+05:30,1039.95,1041.5,1037.15,1037.15,4564
2021-11-08 10:30:00+05:30,1037.9,1038.85,1033.7,1034.95,13274
2021-11-08 10:45:00+05:30,1034.95,1037.2,1033.7,1035.0,6518
2021-11-08 11:00:00+05:30,1035.0,1038.2,1034.5,1037.9,2675
2021-11-08 11:15:00+05:30,1037.9,1037.9,1032.2,1034.95,7446
2021-11-08 11:30:00+05:30,1034.95,1039.3,1033.35,1038.5,8186
2021-11-08 11:45:00+05:30,1038.5,1038.5,1034.0,1037.05,4956
2021-11-08 12:00:00+05:30,1037.05,1041.05,1037.05,1040.8,4100
2021-11-08 12:15:00+05:30,1040.8,1042.15,1039.05,1040.05,5414
2021-11-08 12:30:00+05:30,1040.05,1042.0,1038.0,1039.1,6401
2021-11-08 12:45:00+05:30,1039.1,1039.1,1036.05,1036.65,1748
2021-11-08 13:00:00+05:30,1036.65,1039.8,1036.65,1039.15,4639
2021-11-08 13:15:00+05:30,1039.15,1039.55,1037.6,1039.45,2037
2021-11-08 13:30:00+05:30,1039.45,1039.65,1038.0,1039.3,2231
2021-11-08 13:45:00+05:30,1039.3,1039.3,1035.85,1036.95,3294
2021-11-08 14:00:00+05:30,1036.95,1042.9,1035.9,1040.95,10814
2021-11-08 14:15:00+05:30,1040.95,1041.65,1038.5,1038.95,3472
2021-11-08 14:30:00+05:30,1038.95,1090.05,1038.95,1057.95,161412
2021-11-08 14:45:00+05:30,1057.95,1062.0,1053.0,1056.0,24015
2021-11-08 15:00:00+05:30,1055.5,1074.8,1055.0,1063.2,50826
2021-11-08 15:15:00+05:30,1063.2,1074.65,1062.1,1072.95,37584
2021-11-08 15:30:00+05:30,1071.1,1078.65,1071.1,1075.0,41616
2021-11-09 09:30:00+05:30,1077.0,1084.95,1072.2,1084.95,36718
2021-11-09 09:45:00+05:30,1082.9,1084.9,1080.45,1082.6,23267
2021-11-09 10:00:00+05:30,1082.1,1095.0,1075.6,1093.0,86231
2021-11-09 10:15:00+05:30,1093.0,1099.9,1090.2,1099.9,59598
2021-11-09 10:30:00+05:30,1099.9,1108.0,1090.5,1093.05,50890
2021-11-09 10:45:00+05:30,1094.15,1094.15,1088.55,1091.35,18853
2021-11-09 11:00:00+05:30,1091.35,1092.85,1088.95,1092.8,13379
2021-11-09 11:15:00+05:30,1092.8,1098.95,1089.8,1097.95,19854
2021-11-09 11:30:00+05:30,1097.95,1109.0,1094.0,1103.9,47969
2021-11-09 11:45:00+05:30,1103.9,1108.0,1097.0,1106.8,24525
2021-11-09 12:00:00+05:30,1105.65,1114.9,1105.3,1110.0,46859
2021-11-09 12:15:00+05:30,1108.9,1110.3,1105.45,1108.8,14613
2021-11-09 12:30:00+05:30,1108.0,1113.9,1108.0,1111.5,17962
2021-11-09 12:45:00+05:30,1111.5,1113.0,1110.1,1111.0,11751
2021-11-09 13:00:00+05:30,1111.3,1112.45,1110.0,1110.7,13432
2021-11-09 13:15:00+05:30,1110.7,1114.9,1110.2,1112.45,12857
2021-11-09 13:30:00+05:30,1112.45,1112.45,1107.5,1109.9,13160
2021-11-09 13:45:00+05:30,1109.9,1109.95,1100.35,1100.35,18170
2021-11-09 14:00:00+05:30,1100.45,1103.0,1097.0,1098.0,15721
2021-11-09 14:15:00+05:30,1098.0,1098.0,1090.95,1091.2,21811
2021-11-09 14:30:00+05:30,1091.2,1094.0,1087.7,1093.0,19899
2021-11-09 14:45:00+05:30,1093.0,1112.0,1090.8,1108.6,31789
2021-11-09 15:00:00+05:30,1108.5,1112.0,1105.9,1109.3,24482
2021-11-09 15:15:00+05:30,1109.3,1113.0,1109.1,1112.0,35481
2021-11-09 15:30:00+05:30,1112.0,1112.1,1096.05,1102.0,41433
2021-11-10 09:30:00+05:30,1100.0,1103.85,1092.65,1095.05,25052
2021-11-10 09:45:00+05:30,1095.05,1104.95,1095.05,1102.0,16180
2021-11-10 10:00:00+05:30,1102.0,1104.25,1101.85,1101.9,8524
2021-11-10 10:15:00+05:30,1101.9,1108.0,1101.9,1105.9,19224
2021-11-10 10:30:00+05:30,1105.9,1106.1,1102.0,1104.2,8036
2021-11-10 10:45:00+05:30,1104.85,1105.95,1102.7,1105.65,8846
2021-11-10 11:00:00+05:30,1105.65,1106.0,1104.75,1105.25,2600
2021-11-10 11:15:00+05:30,1105.25,1106.0,1104.7,1105.35,1935
2021-11-10 11:30:00+05:30,1105.35,1106.65,1104.7,1105.25,3469
2021-11-10 11:45:00+05:30,1105.0,1107.0,1103.8,1106.05,6881
2021-11-10 12:00:00+05:30,1106.05,1106.95,1104.75,1106.5,4171
2021-11-10 12:15:00+05:30,1106.5,1106.7,1103.25,1105.0,11183
2021-11-10 12:30:00+05:30,1105.0,1119.8,1105.0,1111.0,14877
2021-11-10 12:45:00+05:30,1111.0,1113.85,1106.0,1109.85,10574
2021-11-10 13:00:00+05:30,1111.2,1112.7,1109.5,1110.75,5137
2021-11-10 13:15:00+05:30,1110.75,1113.0,1109.05,1110.05,6034
2021-11-10 13:30:00+05:30,1110.0,1111.6,1109.8,1110.5,3047
2021-11-10 13:45:00+05:30,1110.5,1111.15,1107.85,1109.45,4563
2021-11-10 14:00:00+05:30,1109.45,1113.2,1109.2,1110.85,5190
2021-11-10 14:15:00+05:30,1110.85,1112.0,1109.05,1111.25,4639
2021-11-10 14:30:00+05:30,1111.25,1116.85,1109.05,1113.25,14424
2021-11-10 14:45:00+05:30,1113.45,1114.4,1103.05,1104.8,22618
2021-11-10 15:00:00+05:30,1104.8,1105.0,1097.05,1098.95,13816
2021-11-10 15:15:00+05:30,1098.95,1100.0,1095.0,1095.1,10609
2021-11-10 15:30:00+05:30,1095.1,1099.45,1090.0,1095.0,18547
2021-11-11 09:30:00+05:30,1099.9,1104.65,1085.8,1089.65,21988
2021-11-11 09:45:00+05:30,1089.65,1091.0,1083.6,1088.15,13934
2021-11-11 10:00:00+05:30,1088.85,1089.15,1086.15,1086.15,4959
2021-11-11 10:15:00+05:30,1086.0,1087.65,1082.15,1086.3,5823
2021-11-11 10:30:00+05:30,1086.3,1087.2,1083.5,1084.75,4269
2021-11-11 10:45:00+05:30,1084.75,1086.0,1084.25,1085.6,3464
2021-11-11 11:00:00+05:30,1085.65,1094.0,1084.7,1091.15,5736
2021-11-11 11:15:00+05:30,1091.6,1092.35,1089.5,1090.25,2738
2021-11-11 11:30:00+05:30,1090.2,1091.85,1088.15,1090.05,4445
2021-11-11 11:45:00+05:30,1090.5,1090.5,1088.8,1090.25,4280
2021-11-11 12:00:00+05:30,1090.25,1092.0,1090.0,1090.0,1764
2021-11-11 12:15:00+05:30,1090.0,1091.85,1089.3,1090.45,2698
2021-11-11 12:30:00+05:30,1089.65,1091.15,1088.65,1090.4,9753
2021-11-11 12:45:00+05:30,1090.4,1090.4,1088.75,1090.35,1493
2021-11-11 13:00:00+05:30,1090.35,1090.8,1087.3,1090.0,2418
2021-11-11 13:15:00+05:30,1090.0,1091.0,1089.15,1091.0,2193
2021-11-11 13:30:00+05:30,1091.0,1091.05,1089.35,1090.1,869
2021-11-11 13:45:00+05:30,1090.1,1090.7,1088.75,1089.65,2242
2021-11-11 14:00:00+05:30,1089.65,1090.6,1088.95,1090.0,1474
2021-11-11 14:15:00+05:30,1090.0,1090.45,1087.8,1090.05,3527
2021-11-11 14:30:00+05:30,1090.0,1090.05,1083.45,1084.15,3756
2021-11-11 14:45:00+05:30,1085.4,1088.05,1084.3,1085.0,2217
2021-11-11 15:00:00+05:30,1085.0,1085.0,1083.2,1084.85,2252
2021-11-11 15:15:00+05:30,1084.4,1086.7,1082.0,1082.5,7312
2021-11-11 15:30:00+05:30,1082.5,1083.05,1070.0,1077.0,19930
2021-11-12 09:30:00+05:30,1079.8,1088.55,1070.95,1072.95,16527
2021-11-12 09:45:00+05:30,1072.95,1074.55,1065.4,1065.4,9118
2021-11-12 10:00:00+05:30,1066.7,1072.5,1066.5,1067.75,8008
2021-11-12 10:15:00+05:30,1067.75,1075.0,1065.8,1070.5,10146
2021-11-12 10:30:00+05:30,1070.5,1072.3,1068.15,1069.15,6618
2021-11-12 10:45:00+05:30,1069.15,1069.15,1062.0,1062.0,8442
2021-11-12 11:00:00+05:30,1062.0,1063.0,1058.3,1060.0,8006
2021-11-12 11:15:00+05:30,1060.0,1063.0,1059.75,1060.95,3915
2021-11-12 11:30:00+05:30,1060.95,1061.0,1059.0,1060.05,4258
2021-11-12 11:45:00+05:30,1060.05,1061.0,1058.7,1059.05,3735
2021-11-12 12:00:00+05:30,1059.05,1060.0,1058.55,1058.55,4712
2021-11-12 12:15:00+05:30,1058.55,1060.0,1055.7,1058.0,6593
2021-11-12 12:30:00+05:30,1057.5,1060.0,1056.35,1058.95,2179
2021-11-12 12:45:00+05:30,1058.95,1059.5,1057.4,1058.1,1438
2021-11-12 13:00:00+05:30,1058.1,1060.0,1058.0,1058.05,5321
2021-11-12 13:15:00+05:30,1058.05,1059.65,1056.5,1057.1,2574
2021-11-12 13:30:00+05:30,1057.1,1060.0,1057.1,1058.7,2876
2021-11-12 13:45:00+05:30,1058.7,1065.0,1058.7,1063.6,6754
2021-11-12 14:00:00+05:30,1063.6,1064.0,1061.2,1062.1,1726
2021-11-12 14:15:00+05:30,1062.1,1063.95,1062.1,1062.4,1924
2021-11-12 14:30:00+05:30,1062.4,1064.9,1062.4,1063.15,4925
2021-11-12 14:45:00+05:30,1063.15,1064.9,1063.15,1064.25,7060
2021-11-12 15:00:00+05:30,1064.25,1065.0,1062.0,1064.8,8505
2021-11-12 15:15:00+05:30,1064.8,1070.6,1064.2,1067.2,15659
2021-11-12 15:30:00+05:30,1067.2,1070.1,1063.2,1070.0,22588
2021-11-15 09:30:00+05:30,1072.6,1072.6,1057.95,1063.7,16460
2021-11-15 09:45:00+05:30,1063.7,1064.35,1056.65,1058.75,7065
2021-11-15 10:00:00+05:30,1058.75,1060.7,1056.0,1056.0,4306
2021-11-15 10:15:00+05:30,1057.0,1058.0,1053.6,1053.6,5858
2021-11-15 10:30:00+05:30,1053.45,1054.25,1044.0,1047.5,9762
2021-11-15 10:45:00+05:30,1047.95,1055.6,1047.95,1054.95,13222
2021-11-15 11:00:00+05:30,1054.95,1059.9,1053.35,1058.2,7679
2021-11-15 11:15:00+05:30,1058.0,1058.0,1053.65,1056.35,9212
2021-11-15 11:30:00+05:30,1056.35,1056.7,1054.4,1055.7,4984
2021-11-15 11:45:00+05:30,1055.7,1056.45,1052.6,1055.0,4679
2021-11-15 12:00:00+05:30,1055.0,1060.6,1055.0,1060.6,15994
2021-11-15 12:15:00+05:30,1061.0,1078.0,1059.0,1077.55,19293
2021-11-15 12:30:00+05:30,1076.45,1083.75,1065.85,1083.5,30345
2021-11-15 12:45:00+05:30,1083.5,1084.9,1078.0,1082.55,16509
2021-11-15 13:00:00+05:30,1082.55,1084.0,1079.75,1080.8,6795
2021-11-15 13:15:00+05:30,1080.7,1081.6,1079.2,1081.6,6073
2021-11-15 13:30:00+05:30,1082.3,1088.0,1079.7,1081.15,12509
2021-11-15 13:45:00+05:30,1081.15,1083.8,1080.0,1081.4,4537
2021-11-15 14:00:00+05:30,1081.4,1081.6,1080.0,1080.5,3948
2021-11-15 14:15:00+05:30,1080.0,1082.0,1079.55,1080.45,4320
2021-11-15 14:30:00+05:30,1080.45,1080.6,1078.9,1080.3,5000
2021-11-15 14:45:00+05:30,1080.3,1084.35,1080.0,1081.4,5886
2021-11-15 15:00:00+05:30,1082.0,1083.4,1080.0,1083.0,6057
2021-11-15 15:15:00+05:30,1082.95,1093.5,1082.0,1092.0,25710
2021-11-15 15:30:00+05:30,1092.0,1103.0,1091.0,1094.5,46800
2021-11-16 09:30:00+05:30,1080.0,1094.25,1080.0,1089.45,22498
2021-11-16 09:45:00+05:30,1089.45,1093.2,1085.75,1089.5,12239
2021-11-16 10:00:00+05:30,1090.0,1096.0,1087.65,1090.35,8325
2021-11-16 10:15:00+05:30,1090.2,1094.0,1090.0,1092.0,4611
2021-11-16 10:30:00+05:30,1091.6,1101.0,1091.4,1100.7,19963
2021-11-16 10:45:00+05:30,1100.7,1135.0,1097.35,1131.05,121972
2021-11-16 11:00:00+05:30,1132.0,1144.5,1131.0,1135.8,104854
2021-11-16 11:15:00+05:30,1135.8,1136.8,1126.9,1128.25,41962
2021-11-16 11:30:00+05:30,1129.0,1131.6,1128.1,1129.3,22785
2021-11-16 11:45:00+05:30,1129.0,1129.85,1124.0,1127.3,19522
2021-11-16 12:00:00+05:30,1127.25,1130.15,1126.6,1128.65,18163
2021-11-16 12:15:00+05:30,1128.8,1128.9,1122.0,1124.0,21894
2021-11-16 12:30:00+05:30,1124.0,1126.1,1124.0,1124.1,9674
2021-11-16 12:45:00+05:30,1124.1,1125.6,1123.0,1123.8,7958
2021-11-16 13:00:00+05:30,1123.8,1125.2,1123.0,1125.0,6944
2021-11-16 13:15:00+05:30,1125.0,1125.6,1124.0,1125.0,7569
2021-11-16 13:30:00+05:30,1125.1,1125.3,1120.0,1121.5,12790
2021-11-16 13:45:00+05:30,1121.5,1125.45,1120.0,1122.0,8992
2021-11-16 14:00:00+05:30,1122.25,1122.25,1117.5,1120.0,19759
2021-11-16 14:15:00+05:30,1120.0,1120.25,1117.8,1119.8,11884
2021-11-16 14:30:00+05:30,1119.8,1120.0,1110.25,1117.0,22783
2021-11-16 14:45:00+05:30,1115.65,1120.0,1115.15,1119.0,18012
2021-11-16 15:00:00+05:30,1119.0,1120.3,1116.55,1119.0,20239
2021-11-16 15:15:00+05:30,1119.0,1120.35,1118.0,1118.5,16677
2021-11-16 15:30:00+05:30,1118.4,1118.4,1107.5,1111.05,33511
2021-11-17 09:30:00+05:30,1117.5,1129.7,1107.95,1128.65,32506
2021-11-17 09:45:00+05:30,1131.9,1131.9,1111.65,1112.7,26852
2021-11-17 10:00:00+05:30,1111.7,1117.4,1111.7,1114.7,17698
2021-11-17 10:15:00+05:30,1114.5,1118.65,1113.6,1114.3,17533
2021-11-17 10:30:00+05:30,1114.65,1116.65,1113.9,1115.1,8057
2021-11-17 10:45:00+05:30,1115.6,1116.2,1114.0,1114.85,8513
2021-11-17 11:00:00+05:30,1114.65,1117.0,1106.95,1115.65,72053
2021-11-17 11:15:00+05:30,1115.65,1120.2,1115.25,1115.5,9222
2021-11-17 11:30:00+05:30,1115.5,1116.25,1115.0,1116.05,9881
2021-11-17 11:45:00+05:30,1115.3,1117.45,1115.0,1115.0,6573
2021-11-17 12:00:00+05:30,1115.0,1116.7,1115.0,1115.0,6650
2021-11-17 12:15:00+05:30,1115.0,1116.6,1115.0,1115.05,8248
2021-11-17 12:30:00+05:30,1115.0,1115.75,1115.0,1115.0,8357
2021-11-17 12:45:00+05:30,1115.0,1116.2,1115.0,1115.0,5856
2021-11-17 13:00:00+05:30,1115.0,1116.35,1115.0,1115.0,6646
2021-11-17 13:15:00+05:30,1115.0,1116.55,1115.0,1115.95,4465
2021-11-17 13:30:00+05:30,1115.8,1115.85,1115.0,1115.0,3397
2021-11-17 13:45:00+05:30,1115.0,1115.85,1115.0,1115.0,5214
2021-11-17 14:00:00+05:30,1115.0,1116.25,1112.6,1114.0,11101
2021-11-17 14:15:00+05:30,1114.05,1119.85,1113.0,1116.35,9533
2021-11-17 14:30:00+05:30,1116.25,1118.1,1115.0,1115.0,5872
2021-11-17 14:45:00+05:30,1115.0,1117.0,1113.25,1116.5,11976
2021-11-17 15:00:00+05:30,1116.5,1118.2,1116.0,1117.0,8276
2021-11-17 15:15:00+05:30,1117.15,1123.6,1116.4,1121.35,19473
2021-11-17 15:30:00+05:30,1121.35,1121.9,1118.0,1119.0,21541
2021-11-18 09:30:00+05:30,1125.0,1153.0,1115.35,1148.0,135250
2021-11-18 09:45:00+05:30,1148.0,1152.35,1140.7,1144.1,58190
2021-11-18 10:00:00+05:30,1143.95,1149.9,1140.0,1148.5,29826
2021-11-18 10:15:00+05:30,1148.5,1149.55,1145.4,1147.0,30981
2021-11-18 10:30:00+05:30,1147.0,1147.75,1125.45,1131.55,60335
2021-11-18 10:45:00+05:30,1131.55,1134.1,1122.0,1125.85,25731
2021-11-18 11:00:00+05:30,1125.85,1131.75,1124.5,1129.0,24934
2021-11-18 11:15:00+05:30,1131.65,1140.9,1129.75,1137.4,24694
2021-11-18 11:30:00+05:30,1137.4,1142.95,1137.4,1140.0,11880
2021-11-18 11:45:00+05:30,1140.0,1142.0,1137.05,1139.1,10416
2021-11-18 12:00:00+05:30,1139.1,1142.5,1135.0,1138.35,17544
2021-11-18 12:15:00+05:30,1138.45,1140.85,1136.25,1140.3,9753
2021-11-18 12:30:00+05:30,1140.3,1141.4,1139.95,1140.05,11289
2021-11-18 12:45:00+05:30,1140.05,1141.0,1139.15,1140.95,5796
2021-11-18 13:00:00+05:30,1140.95,1141.5,1140.0,1140.15,4723
2021-11-18 13:15:00+05:30,1140.15,1141.55,1140.0,1140.0,4567
2021-11-18 13:30:00+05:30,1140.0,1152.0,1140.0,1151.6,44061
2021-11-18 13:45:00+05:30,1151.6,1158.0,1143.65,1146.05,56075
2021-11-18 14:00:00+05:30,1146.05,1149.1,1141.0,1145.0,23888
2021-11-18 14:15:00+05:30,1144.9,1148.0,1143.05,1144.8,18450
2021-11-18 14:30:00+05:30,1144.8,1148.8,1143.25,1146.85,23108
2021-11-18 14:45:00+05:30,1146.85,1147.9,1140.0,1140.15,22020
2021-11-18 15:00:00+05:30,1140.15,1142.9,1140.0,1140.4,13564
2021-11-18 15:15:00+05:30,1140.4,1142.3,1124.0,1125.65,28198
2021-11-18 15:30:00+05:30,1125.55,1127.7,1120.0,1126.9,34129
2021-11-22 09:30:00+05:30,1152.0,1153.95,1101.0,1105.35,54075
2021-11-22 09:45:00+05:30,1105.0,1113.9,1104.0,1110.0,18629
2021-11-22 10:00:00+05:30,1109.8,1116.85,1106.3,1111.2,11902
2021-11-22 10:15:00+05:30,1111.2,1112.0,1104.5,1107.8,11022
2021-11-22 10:30:00+05:30,1106.95,1108.05,1102.2,1103.15,8231
2021-11-22 10:45:00+05:30,1103.15,1103.4,1100.0,1102.05,18485
2021-11-22 11:00:00+05:30,1102.05,1104.9,1100.25,1100.95,7642
2021-11-22 11:15:00+05:30,1101.15,1106.65,1101.0,1104.25,7013
2021-11-22 11:30:00+05:30,1104.0,1106.1,1102.5,1104.25,4065
2021-11-22 11:45:00+05:30,1104.25,1106.65,1101.0,1106.65,6220
2021-11-22 12:00:00+05:30,1107.0,1109.7,1102.75,1103.65,11760
2021-11-22 12:15:00+05:30,1103.65,1103.65,1100.25,1102.15,9512
2021-11-22 12:30:00+05:30,1102.15,1109.2,1100.95,1105.0,10407
2021-11-22 12:45:00+05:30,1105.5,1112.8,1105.5,1106.7,8879
2021-11-22 13:00:00+05:30,1106.75,1106.8,1101.85,1102.7,8249
2021-11-22 13:15:00+05:30,1102.7,1102.7,1090.1,1095.0,13073
2021-11-22 13:30:00+05:30,1094.95,1097.2,1090.25,1095.3,12004
2021-11-22 13:45:00+05:30,1095.3,1102.5,1095.3,1101.2,11844
2021-11-22 14:00:00+05:30,1101.2,1101.9,1094.2,1100.5,10468
2021-11-22 14:15:00+05:30,1100.5,1101.5,1096.65,1100.4,12023
2021-11-22 14:30:00+05:30,1099.95,1101.5,1096.0,1097.85,11186
2021-11-22 14:45:00+05:30,1096.0,1103.5,1096.0,1101.85,12572
2021-11-22 15:00:00+05:30,1101.0,1103.35,1098.0,1101.05,12309
2021-11-22 15:15:00+05:30,1100.55,1111.4,1099.05,1110.65,34303
2021-11-22 15:30:00+05:30,1110.65,1112.8,1101.2,1103.0,20271
2021-11-23 09:30:00+05:30,1090.0,1114.5,1083.05,1108.75,26392
2021-11-23 09:45:00+05:30,1109.85,1109.85,1104.55,1107.25,10766
2021-11-23 10:00:00+05:30,1107.25,1107.4,1095.0,1095.0,29136
2021-11-23 10:15:00+05:30,1094.6,1096.8,1073.45,1087.3,68272
2021-11-23 10:30:00+05:30,1087.3,1091.8,1086.65,1091.15,12514
2021-11-23 10:45:00+05:30,1091.8,1092.9,1087.9,1089.0,6212
2021-11-23 11:00:00+05:30,1088.85,1092.4,1088.4,1091.7,4623
2021-11-23 11:15:00+05:30,1092.1,1092.95,1090.8,1092.0,6051
2021-11-23 11:30:00+05:30,1092.0,1093.4,1090.45,1092.75,5595
2021-11-23 11:45:00+05:30,1092.95,1093.9,1087.0,1091.9,37192
2021-11-23 12:00:00+05:30,1091.9,1098.05,1090.0,1091.95,13344
2021-11-23 12:15:00+05:30,1091.85,1095.0,1090.5,1091.9,7489
2021-11-23 12:30:00+05:30,1091.9,1092.55,1089.0,1090.0,5624
2021-11-23 12:45:00+05:30,1090.0,1091.0,1088.0,1089.0,2715
2021-11-23 13:00:00+05:30,1089.0,1089.0,1086.75,1088.9,3257
2021-11-23 13:15:00+05:30,1088.9,1089.3,1086.0,1089.3,3586
2021-11-23 13:30:00+05:30,1089.0,1092.0,1088.5,1091.0,3897
2021-11-23 13:45:00+05:30,1091.0,1091.95,1088.0,1091.05,4781
2021-11-23 14:00:00+05:30,1091.0,1093.1,1091.0,1092.0,4702
2021-11-23 14:15:00+05:30,1091.15,1095.05,1086.6,1092.35,7641
2021-11-23 14:30:00+05:30,1090.9,1094.85,1082.25,1082.25,11661
2021-11-23 14:45:00+05:30,1083.6,1085.55,1080.0,1083.0,12110
2021-11-23 15:00:00+05:30,1083.0,1087.3,1078.7,1082.25,10907
2021-11-23 15:15:00+05:30,1082.0,1085.0,1080.15,1083.45,8779
2021-11-23 15:30:00+05:30,1083.9,1088.05,1076.15,1085.0,28351
2021-11-24 09:30:00+05:30,1089.9,1102.9,1087.15,1096.1,15603
2021-11-24 09:45:00+05:30,1096.1,1110.0,1096.1,1103.35,17077
2021-11-24 10:00:00+05:30,1104.0,1123.4,1103.2,1110.0,53141
2021-11-24 10:15:00+05:30,1110.6,1111.0,1106.9,1110.25,9489
2021-11-24 10:30:00+05:30,1110.25,1111.0,1101.5,1103.35,9339
2021-11-24 10:45:00+05:30,1103.35,1106.3,1102.0,1102.3,7918
2021-11-24 11:00:00+05:30,1102.95,1104.55,1101.05,1104.25,5646
2021-11-24 11:15:00+05:30,1104.05,1107.0,1100.45,1101.75,6282
2021-11-24 11:30:00+05:30,1101.75,1104.7,1100.6,1102.4,5379
2021-11-24 11:45:00+05:30,1103.0,1105.0,1101.25,1102.55,4843
2021-11-24 12:00:00+05:30,1102.55,1106.0,1101.0,1105.75,5825
2021-11-24 12:15:00+05:30,1105.4,1111.5,1101.35,1102.2,9722
2021-11-24 12:30:00+05:30,1102.2,1106.45,1100.25,1105.5,10977
2021-11-24 12:45:00+05:30,1105.5,1107.7,1104.0,1104.3,4570
2021-11-24 13:00:00+05:30,1104.3,1105.0,1101.0,1101.0,4582
2021-11-24 13:15:00+05:30,1101.45,1103.9,1100.25,1101.5,6511
2021-11-24 13:30:00+05:30,1101.15,1102.35,1100.25,1101.15,2363
2021-11-24 13:45:00+05:30,1101.15,1104.75,1100.6,1104.75,6731
2021-11-24 14:00:00+05:30,1104.75,1104.75,1100.7,1100.85,3645
2021-11-24 14:15:00+05:30,1100.85,1103.25,1100.25,1100.6,5880
2021-11-24 14:30:00+05:30,1101.45,1102.0,1093.3,1098.05,13711
2021-11-24 14:45:00+05:30,1097.95,1101.5,1095.0,1099.0,21980
2021-11-24 15:00:00+05:30,1099.0,1100.75,1095.3,1099.75,20866
2021-11-24 15:15:00+05:30,1099.75,1101.95,1095.45,1097.7,12181
2021-11-24 15:30:00+05:30,1100.0,1101.9,1098.3,1101.7,19101
2021-11-25 09:30:00+05:30,1097.15,1112.9,1093.05,1100.45,21612
2021-11-25 09:45:00+05:30,1099.65,1106.0,1099.65,1105.95,7244
2021-11-25 10:00:00+05:30,1105.95,1108.7,1102.85,1105.65,12480
2021-11-25 10:15:00+05:30,1105.0,1107.0,1105.0,1105.75,3634
2021-11-25 10:30:00+05:30,1105.75,1106.0,1105.0,1105.2,3739
2021-11-25 10:45:00+05:30,1105.7,1106.0,1100.2,1100.65,8112
2021-11-25 11:00:00+05:30,1100.65,1102.45,1093.1,1099.95,7113
2021-11-25 11:15:00+05:30,1100.0,1100.0,1095.5,1097.85,3336
2021-11-25 11:30:00+05:30,1097.55,1102.85,1097.5,1101.0,5435
2021-11-25 11:45:00+05:30,1100.25,1100.95,1095.95,1096.9,1899
2021-11-25 12:00:00+05:30,1096.9,1102.55,1095.95,1100.6,3005
2021-11-25 12:15:00+05:30,1100.6,1101.85,1096.0,1100.4,4399
2021-11-25 12:30:00+05:30,1100.4,1105.9,1099.0,1101.35,4320
2021-11-25 12:45:00+05:30,1101.35,1102.5,1096.1,1098.45,4008
2021-11-25 13:00:00+05:30,1098.45,1099.25,1094.6,1095.0,4860
2021-11-25 13:15:00+05:30,1095.0,1096.45,1094.3,1095.15,1559
2021-11-25 13:30:00+05:30,1095.15,1100.85,1093.6,1100.0,1979
2021-11-25 13:45:00+05:30,1100.0,1100.0,1072.25,1082.1,55986
2021-11-25 14:00:00+05:30,1082.1,1087.65,1079.3,1084.4,10633
2021-11-25 14:15:00+05:30,1085.6,1089.25,1081.3,1084.9,6167
2021-11-25 14:30:00+05:30,1084.9,1087.8,1083.55,1086.55,7677
2021-11-25 14:45:00+05:30,1086.55,1090.6,1086.0,1088.95,5192
2021-11-25 15:00:00+05:30,1088.95,1095.85,1087.0,1094.1,8006
2021-11-25 15:15:00+05:30,1094.1,1114.9,1094.1,1108.35,40164
2021-11-25 15:30:00+05:30,1105.6,1120.0,1105.5,1120.0,63336
2021-11-26 09:30:00+05:30,1100.0,1106.35,1091.95,1095.8,20576
2021-11-26 09:45:00+05:30,1094.85,1097.5,1090.05,1091.3,14612
2021-11-26 10:00:00+05:30,1091.0,1091.0,1080.3,1083.15,15190
2021-11-26 10:15:00+05:30,1083.15,1088.5,1082.0,1086.65,5696
2021-11-26 10:30:00+05:30,1086.65,1087.45,1082.0,1082.0,10690
2021-11-26 10:45:00+05:30,1082.0,1082.6,1052.2,1060.3,31007
2021-11-26 11:00:00+05:30,1060.35,1063.85,1059.0,1061.7,11847
2021-11-26 11:15:00+05:30,1060.8,1069.5,1060.65,1069.4,7476
2021-11-26 11:30:00+05:30,1069.25,1073.6,1067.95,1071.6,49466
2021-11-26 11:45:00+05:30,1071.15,1078.0,1070.8,1073.5,5078
2021-11-26 12:00:00+05:30,1074.45,1076.85,1073.05,1074.8,3510
2021-11-26 12:15:00+05:30,1075.9,1079.6,1073.0,1075.8,4339
2021-11-26 12:30:00+05:30,1075.8,1076.65,1070.25,1074.45,2932
2021-11-26 12:45:00+05:30,1073.4,1076.45,1072.6,1075.15,1785
2021-11-26 13:00:00+05:30,1076.0,1078.1,1072.3,1077.35,2662
2021-11-26 13:15:00+05:30,1077.35,1078.55,1070.0,1073.85,6132
2021-11-26 13:30:00+05:30,1073.35,1073.6,1062.3,1065.85,5886
2021-11-26 13:45:00+05:30,1065.85,1070.0,1064.0,1065.8,5932
2021-11-26 14:00:00+05:30,1065.8,1068.6,1060.7,1061.95,5860
2021-11-26 14:15:00+05:30,1061.95,1067.5,1061.05,1066.55,3194
2021-11-26 14:30:00+05:30,1067.25,1072.0,1066.15,1072.0,8735
2021-11-26 14:45:00+05:30,1072.0,1074.55,1070.0,1073.95,5263
2021-11-26 15:00:00+05:30,1073.95,1074.0,1066.0,1067.65,6166
2021-11-26 15:15:00+05:30,1067.65,1070.35,1060.0,1060.0,10410
2021-11-26 15:30:00+05:30,1059.0,1062.95,1051.05,1058.0,21848
2021-11-29 09:30:00+05:30,1020.0,1037.6,990.2,1016.9,59726
2021-11-29 09:45:00+05:30,1018.15,1029.5,1009.25,1013.65,26505
2021-11-29 10:00:00+05:30,1015.0,1066.0,1012.85,1054.4,46663
2021-11-29 10:15:00+05:30,1053.5,1058.85,1048.8,1055.8,10763
2021-11-29 10:30:00+05:30,1055.8,1063.7,1055.0,1060.0,16560
2021-11-29 10:45:00+05:30,1060.0,1061.2,1054.5,1056.0,19783
2021-11-29 11:00:00+05:30,1056.0,1060.5,1056.0,1060.4,41115
2021-11-29 11:15:00+05:30,1060.4,1063.4,1058.6,1061.15,9353
2021-11-29 11:30:00+05:30,1060.7,1063.45,1060.0,1060.75,8306
2021-11-29 11:45:00+05:30,1060.75,1063.85,1060.0,1061.0,2515
2021-11-29 12:00:00+05:30,1061.0,1069.9,1060.0,1063.55,8406
2021-11-29 12:15:00+05:30,1063.55,1064.95,1061.25,1061.25,2394
2021-11-29 12:30:00+05:30,1062.6,1063.25,1060.1,1060.5,2471
2021-11-29 12:45:00+05:30,1061.45,1062.85,1060.0,1060.0,5382
2021-11-29 13:00:00+05:30,1060.0,1062.2,1060.0,1060.1,1280
2021-11-29 13:15:00+05:30,1060.1,1061.05,1055.3,1057.65,6108
2021-11-29 13:30:00+05:30,1057.15,1062.2,1057.0,1061.6,4563
2021-11-29 13:45:00+05:30,1060.5,1063.5,1060.0,1061.75,4846
2021-11-29 14:00:00+05:30,1062.15,1068.6,1061.2,1065.15,5246
2021-11-29 14:15:00+05:30,1065.1,1066.9,1065.0,1065.05,1963
2021-11-29 14:30:00+05:30,1065.95,1065.95,1060.0,1060.0,6775
2021-11-29 14:45:00+05:30,1060.0,1074.6,1052.75,1055.0,18457
2021-11-29 15:00:00+05:30,1055.8,1058.0,1050.25,1056.25,7382
2021-11-29 15:15:00+05:30,1056.25,1060.0,1052.0,1054.0,8616
2021-11-29 15:30:00+05:30,1053.85,1060.0,1045.8,1059.0,14492
2021-11-30 09:30:00+05:30,1036.1,1075.0,1036.1,1070.25,19402
2021-11-30 09:45:00+05:30,1070.7,1087.25,1068.55,1077.45,19666
2021-11-30 10:00:00+05:30,1077.45,1079.05,1073.95,1077.6,7125
2021-11-30 10:15:00+05:30,1077.6,1081.1,1075.1,1078.3,5322
2021-11-30 10:30:00+05:30,1078.3,1078.3,1069.05,1069.75,7905
2021-11-30 10:45:00+05:30,1069.75,1072.85,1067.15,1068.0,5322
2021-11-30 11:00:00+05:30,1068.0,1069.6,1060.1,1063.1,22081
2021-11-30 11:15:00+05:30,1063.1,1071.95,1060.55,1071.6,6874
2021-11-30 11:30:00+05:30,1071.6,1079.8,1069.0,1077.0,12523
2021-11-30 11:45:00+05:30,1077.75,1078.3,1063.55,1071.85,13882
2021-11-30 12:00:00+05:30,1071.85,1081.05,1069.35,1078.95,13180
2021-11-30 12:15:00+05:30,1078.95,1082.4,1073.2,1082.35,7913
2021-11-30 12:30:00+05:30,1082.35,1082.35,1076.45,1080.0,6441
2021-11-30 12:45:00+05:30,1078.05,1085.75,1077.2,1082.0,10435
2021-11-30 13:00:00+05:30,1082.0,1100.0,1081.15,1086.3,24342
2021-11-30 13:15:00+05:30,1086.3,1092.55,1082.05,1092.05,10013
2021-11-30 13:30:00+05:30,1092.05,1098.8,1092.0,1097.9,14281
2021-11-30 13:45:00+05:30,1097.9,1104.5,1097.05,1100.05,14176
2021-11-30 14:00:00+05:30,1102.85,1103.8,1094.0,1102.05,14717
2021-11-30 14:15:00+05:30,1102.05,1103.0,1097.75,1101.15,10598
2021-11-30 14:30:00+05:30,1101.15,1102.75,1097.0,1101.35,10891
2021-11-30 14:45:00+05:30,1101.35,1109.8,1099.7,1106.3,27165
2021-11-30 15:00:00+05:30,1106.3,1121.0,1106.05,1117.4,45669
2021-11-30 15:15:00+05:30,1118.0,1125.8,1116.8,1125.0,73640
2021-11-30 15:30:00+05:30,1124.8,1126.9,1116.3,1121.0,82778
2021-12-01 09:30:00+05:30,1129.7,1166.0,1120.2,1129.0,99993
2021-12-01 09:45:00+05:30,1127.0,1130.5,1106.0,1106.4,26893
2021-12-01 10:00:00+05:30,1108.3,1116.0,1100.0,1103.4,28152
2021-12-01 10:15:00+05:30,1103.15,1106.9,1101.5,1101.6,12743
2021-12-01 10:30:00+05:30,1101.6,1104.6,1095.0,1097.95,11248
2021-12-01 10:45:00+05:30,1096.35,1101.1,1092.25,1098.25,11717
2021-12-01 11:00:00+05:30,1098.25,1100.5,1095.0,1097.25,8776
2021-12-01 11:15:00+05:30,1097.25,1102.0,1097.25,1100.0,5340
2021-12-01 11:30:00+05:30,1099.35,1101.25,1097.5,1100.1,6813
2021-12-01 11:45:00+05:30,1100.0,1100.5,1099.0,1100.0,8339
2021-12-01 12:00:00+05:30,1100.0,1101.65,1099.0,1100.9,8425
2021-12-01 12:15:00+05:30,1100.9,1100.9,1095.0,1095.0,3081
2021-12-01 12:30:00+05:30,1095.0,1098.15,1091.25,1097.45,8959
2021-12-01 12:45:00+05:30,1097.45,1098.0,1093.65,1097.95,6062
2021-12-01 13:00:00+05:30,1097.7,1100.3,1096.25,1100.1,14180
2021-12-01 13:15:00+05:30,1100.05,1100.05,1096.0,1098.0,4879
2021-12-01 13:30:00+05:30,1098.0,1099.0,1096.95,1098.85,5005
2021-12-01 13:45:00+05:30,1098.85,1100.0,1096.0,1098.8,9538
2021-12-01 14:00:00+05:30,1099.0,1100.0,1097.25,1100.0,5651
2021-12-01 14:15:00+05:30,1099.0,1100.0,1098.0,1098.65,6503
2021-12-01 14:30:00+05:30,1099.05,1100.0,1097.15,1100.0,8837
2021-12-01 14:45:00+05:30,1100.0,1104.95,1099.15,1102.65,28244
2021-12-01 15:00:00+05:30,1103.0,1104.0,1095.75,1098.95,9991
2021-12-01 15:15:00+05:30,1099.0,1100.0,1096.5,1099.9,12759
2021-12-01 15:30:00+05:30,1100.0,1100.95,1093.0,1097.9,17992
2021-12-02 09:30:00+05:30,1098.0,1107.25,1095.05,1100.0,14532
2021-12-02 09:45:00+05:30,1100.0,1103.95,1096.65,1103.0,5297
2021-12-02 10:00:00+05:30,1102.05,1110.8,1100.0,1103.55,16715
2021-12-02 10:15:00+05:30,1103.55,1105.55,1098.0,1100.1,7464
2021-12-02 10:30:00+05:30,1100.05,1105.95,1098.7,1101.95,12139
2021-12-02 10:45:00+05:30,1102.0,1102.0,1095.0,1099.95,8884
2021-12-02 11:00:00+05:30,1100.0,1100.0,1097.1,1099.65,2587
2021-12-02 11:15:00+05:30,1099.65,1099.95,1096.3,1098.6,3242
2021-12-02 11:30:00+05:30,1098.65,1099.5,1096.8,1099.3,2517
2021-12-02 11:45:00+05:30,1099.35,1099.5,1098.1,1099.0,3734
2021-12-02 12:00:00+05:30,1099.0,1099.5,1094.0,1098.0,3861
2021-12-02 12:15:00+05:30,1098.0,1099.0,1095.25,1096.15,4800
2021-12-02 12:30:00+05:30,1096.9,1097.75,1080.05,1082.0,31816
2021-12-02 12:45:00+05:30,1082.0,1088.9,1080.8,1088.7,9464
2021-12-02 13:00:00+05:30,1088.7,1089.0,1077.4,1080.0,10812
2021-12-02 13:15:00+05:30,1080.0,1090.0,1078.0,1086.4,9513
2021-12-02 13:30:00+05:30,1086.4,1087.0,1078.5,1081.65,7489
2021-12-02 13:45:00+05:30,1082.0,1082.0,1080.2,1082.0,3339
2021-12-02 14:00:00+05:30,1082.0,1082.0,1078.15,1080.25,3914
2021-12-02 14:15:00+05:30,1080.1,1084.0,1077.45,1084.0,5880
2021-12-02 14:30:00+05:30,1083.8,1084.0,1079.35,1080.95,8695
2021-12-02 14:45:00+05:30,1080.95,1084.0,1079.55,1083.8,6908
2021-12-02 15:00:00+05:30,1083.8,1084.0,1081.5,1083.35,7941
2021-12-02 15:15:00+05:30,1082.6,1090.0,1082.6,1090.0,19028
2021-12-02 15:30:00+05:30,1090.2,1094.15,1083.3,1087.0,22633
2021-12-03 09:30:00+05:30,1091.0,1114.6,1082.25,1110.0,33924
2021-12-03 09:45:00+05:30,1109.7,1111.85,1101.35,1102.65,21250
2021-12-03 10:00:00+05:30,1103.05,1110.3,1099.0,1101.0,10173
2021-12-03 10:15:00+05:30,1100.8,1101.6,1098.0,1100.4,4154
2021-12-03 10:30:00+05:30,1100.2,1100.2,1098.0,1098.0,3074
2021-12-03 10:45:00+05:30,1098.0,1098.4,1093.2,1096.35,2823
2021-12-03 11:00:00+05:30,1096.6,1098.65,1093.0,1093.85,9238
2021-12-03 11:15:00+05:30,1093.85,1094.25,1092.2,1092.5,4627
2021-12-03 11:30:00+05:30,1092.5,1096.2,1092.5,1093.55,3003
2021-12-03 11:45:00+05:30,1093.55,1093.55,1078.05,1083.9,20468
2021-12-03 12:00:00+05:30,1083.9,1088.1,1081.45,1086.8,7790
2021-12-03 12:15:00+05:30,1086.75,1087.15,1084.1,1085.55,3259
2021-12-03 12:30:00+05:30,1085.5,1085.85,1082.5,1083.95,3086
2021-12-03 12:45:00+05:30,1084.05,1085.0,1082.05,1082.8,2661
2021-12-03 13:00:00+05:30,1082.8,1082.95,1080.05,1082.85,2854
2021-12-03 13:15:00+05:30,1082.85,1083.15,1080.05,1081.25,3817
2021-12-03 13:30:00+05:30,1081.2,1082.0,1080.0,1082.0,1998
2021-12-03 13:45:00+05:30,1082.0,1084.15,1080.0,1080.15,2393
2021-12-03 14:00:00+05:30,1080.1,1086.85,1078.5,1085.65,7276
2021-12-03 14:15:00+05:30,1085.65,1085.65,1080.25,1080.5,2148
2021-12-03 14:30:00+05:30,1081.4,1081.5,1079.0,1080.85,3763
2021-12-03 14:45:00+05:30,1080.85,1081.0,1078.3,1079.95,3338
2021-12-03 15:00:00+05:30,1079.95,1082.0,1078.3,1081.8,3918
2021-12-03 15:15:00+05:30,1081.9,1081.9,1078.0,1078.75,7254
2021-12-03 15:30:00+05:30,1079.0,1079.0,1071.25,1074.3,17728
2021-12-06 09:30:00+05:30,1080.0,1086.05,1073.2,1081.6,11375
2021-12-06 09:45:00+05:30,1084.2,1084.2,1075.0,1080.05,11681
2021-12-06 10:00:00+05:30,1080.05,1083.45,1077.0,1081.05,6005
2021-12-06 10:15:00+05:30,1082.05,1083.65,1078.9,1081.15,1926
2021-12-06 10:30:00+05:30,1081.85,1082.1,1078.45,1080.6,1070
2021-12-06 10:45:00+05:30,1080.6,1081.5,1076.0,1081.05,7374
2021-12-06 11:00:00+05:30,1081.05,1082.7,1079.1,1080.3,2286
2021-12-06 11:15:00+05:30,1080.3,1082.4,1079.0,1080.25,4056
2021-12-06 11:30:00+05:30,1080.25,1081.6,1077.0,1078.4,2499
2021-12-06 11:45:00+05:30,1077.4,1079.15,1076.0,1078.0,1696
2021-12-06 12:00:00+05:30,1078.0,1079.1,1077.0,1078.1,983
2021-12-06 12:15:00+05:30,1078.1,1079.15,1077.0,1077.9,934
2021-12-06 12:30:00+05:30,1077.9,1077.95,1073.2,1073.2,3177
2021-12-06 12:45:00+05:30,1073.2,1076.2,1072.35,1076.2,928
2021-12-06 13:00:00+05:30,1076.2,1076.2,1067.65,1071.25,7358
2021-12-06 13:15:00+05:30,1071.25,1073.0,1066.0,1067.1,4298
2021-12-06 13:30:00+05:30,1067.1,1067.8,1063.25,1067.8,4762
2021-12-06 13:45:00+05:30,1067.65,1067.7,1056.85,1061.9,9715
2021-12-06 14:00:00+05:30,1061.8,1064.2,1057.6,1059.95,4450
2021-12-06 14:15:00+05:30,1059.9,1059.9,1055.0,1056.15,4374
2021-12-06 14:30:00+05:30,1056.15,1059.0,1055.7,1056.5,4027
2021-12-06 14:45:00+05:30,1056.5,1066.7,1055.35,1063.7,21699
2021-12-06 15:00:00+05:30,1063.7,1065.85,1058.85,1062.25,10753
2021-12-06 15:15:00+05:30,1062.25,1062.55,1055.3,1057.5,8998
2021-12-06 15:30:00+05:30,1057.5,1057.5,1050.0,1053.6,12202
2021-12-07 09:30:00+05:30,1055.0,1072.95,1055.0,1063.7,14657
2021-12-07 09:45:00+05:30,1065.0,1073.65,1063.55,1071.7,8711
2021-12-07 10:00:00+05:30,1071.7,1076.95,1069.95,1076.35,6614
2021-12-07 10:15:00+05:30,1074.65,1080.0,1072.5,1080.0,19072
2021-12-07 10:30:00+05:30,1080.0,1082.65,1073.7,1079.85,16415
2021-12-07 10:45:00+05:30,1079.85,1080.0,1077.0,1079.85,3775
2021-12-07 11:00:00+05:30,1078.3,1080.0,1077.95,1079.45,8424
2021-12-07 11:15:00+05:30,1079.8,1090.0,1079.6,1087.95,33664
2021-12-07 11:30:00+05:30,1087.95,1087.95,1081.9,1084.25,9687
2021-12-07 11:45:00+05:30,1084.7,1084.7,1078.0,1079.9,13852
2021-12-07 12:00:00+05:30,1080.0,1080.5,1079.05,1079.8,5843
2021-12-07 12:15:00+05:30,1079.8,1080.1,1079.1,1079.9,3964
2021-12-07 12:30:00+05:30,1079.9,1080.0,1078.35,1078.45,5422
2021-12-07 12:45:00+05:30,1078.5,1079.95,1076.65,1077.75,7190
2021-12-07 13:00:00+05:30,1077.8,1080.0,1077.45,1079.85,11097
2021-12-07 13:15:00+05:30,1079.85,1080.05,1077.25,1078.6,9327
2021-12-07 13:30:00+05:30,1078.65,1080.0,1076.85,1078.85,6168
2021-12-07 13:45:00+05:30,1079.0,1080.05,1079.0,1080.0,7312
2021-12-07 14:00:00+05:30,1080.0,1080.0,1077.85,1077.95,10847
2021-12-07 14:15:00+05:30,1077.95,1080.0,1076.15,1080.0,6759
2021-12-07 14:30:00+05:30,1080.0,1080.0,1071.3,1071.45,21802
2021-12-07 14:45:00+05:30,1073.1,1073.1,1067.25,1071.6,12127
2021-12-07 15:00:00+05:30,1071.6,1073.35,1067.75,1071.6,18681
2021-12-07 15:15:00+05:30,1072.05,1085.5,1071.7,1080.0,33045
2021-12-07 15:30:00+05:30,1078.35,1080.0,1078.35,1079.85,27044
2021-12-08 09:30:00+05:30,1091.0,1117.5,1091.0,1107.5,56388
2021-12-08 09:45:00+05:30,1107.8,1111.0,1098.05,1098.1,24609
2021-12-08 10:00:00+05:30,1098.1,1101.65,1097.25,1098.6,8665
2021-12-08 10:15:00+05:30,1098.6,1103.7,1097.2,1100.0,10563
2021-12-08 10:30:00+05:30,1100.0,1101.95,1098.5,1100.15,6838
2021-12-08 10:45:00+05:30,1100.2,1101.25,1098.85,1100.0,4347
2021-12-08 11:00:00+05:30,1100.0,1101.5,1097.95,1101.5,6351
2021-12-08 11:15:00+05:30,1101.5,1101.5,1100.0,1100.2,3571
2021-12-08 11:30:00+05:30,1100.2,1101.6,1100.0,1101.0,4101
2021-12-08 11:45:00+05:30,1101.0,1103.4,1100.0,1100.0,3397
2021-12-08 12:00:00+05:30,1100.45,1106.0,1100.3,1104.0,13680
2021-12-08 12:15:00+05:30,1103.3,1105.0,1101.8,1102.5,3986
2021-12-08 12:30:00+05:30,1102.45,1103.95,1100.15,1100.7,4070
2021-12-08 12:45:00+05:30,1100.5,1105.9,1100.5,1103.7,5179
2021-12-08 13:00:00+05:30,1102.95,1109.55,1101.5,1105.55,20919
2021-12-08 13:15:00+05:30,1106.3,1106.85,1100.2,1100.2,7745
2021-12-08 13:30:00+05:30,1100.2,1104.0,1098.0,1100.1,15990
2021-12-08 13:45:00+05:30,1100.1,1101.15,1099.0,1100.55,2000
2021-12-08 14:00:00+05:30,1100.55,1103.4,1099.0,1101.0,15087
2021-12-08 14:15:00+05:30,1100.55,1102.9,1099.1,1100.7,14173
2021-12-08 14:30:00+05:30,1100.25,1102.6,1099.55,1100.7,2815
2021-12-08 14:45:00+05:30,1100.9,1104.5,1099.8,1103.45,4083
2021-12-08 15:00:00+05:30,1103.45,1106.95,1100.1,1103.75,22008
2021-12-08 15:15:00+05:30,1103.75,1108.05,1103.75,1107.5,23484
2021-12-08 15:30:00+05:30,1107.9,1114.5,1107.85,1111.0,31776
2021-12-09 09:30:00+05:30,1115.25,1129.5,1111.0,1120.25,65391
2021-12-09 09:45:00+05:30,1119.0,1122.9,1112.35,1116.4,18249
2021-12-09 10:00:00+05:30,1116.75,1116.75,1099.25,1107.0,26225
2021-12-09 10:15:00+05:30,1106.2,1110.85,1105.2,1109.95,8455
2021-12-09 10:30:00+05:30,1109.95,1110.45,1108.4,1109.8,8862
2021-12-09 10:45:00+05:30,1110.0,1110.2,1104.0,1104.8,9609
2021-12-09 11:00:00+05:30,1104.3,1108.55,1095.1,1107.4,34775
2021-12-09 11:15:00+05:30,1107.4,1108.55,1105.1,1105.75,5762
2021-12-09 11:30:00+05:30,1105.75,1106.8,1102.0,1106.5,9306
2021-12-09 11:45:00+05:30,1106.5,1108.35,1105.3,1108.0,5894
2021-12-09 12:00:00+05:30,1108.8,1111.0,1107.5,1111.0,8434
2021-12-09 12:15:00+05:30,1111.85,1114.35,1105.55,1106.65,29149
2021-12-09 12:30:00+05:30,1108.1,1112.0,1105.6,1110.8,21401
2021-12-09 12:45:00+05:30,1110.8,1112.6,1103.4,1104.05,18143
2021-12-09 13:00:00+05:30,1103.15,1107.5,1102.85,1106.3,9221
2021-12-09 13:15:00+05:30,1106.3,1108.75,1105.95,1107.0,4466
2021-12-09 13:30:00+05:30,1107.0,1110.95,1106.1,1110.7,7559
2021-12-09 13:45:00+05:30,1110.05,1113.2,1109.05,1111.2,16342
2021-12-09 14:00:00+05:30,1111.1,1112.55,1110.65,1111.1,18730
2021-12-09 14:15:00+05:30,1111.1,1114.0,1110.6,1112.45,5780
2021-12-09 14:30:00+05:30,1112.5,1117.7,1111.0,1116.45,8675
2021-12-09 14:45:00+05:30,1117.75,1123.9,1115.15,1122.9,17547
2021-12-09 15:00:00+05:30,1122.4,1124.9,1115.0,1120.7,18563
2021-12-09 15:15:00+05:30,1120.4,1123.4,1116.5,1119.8,13057
2021-12-09 15:30:00+05:30,1119.7,1121.55,1109.25,1110.0,22635
2021-12-10 09:30:00+05:30,1120.0,1120.35,1110.0,1113.1,13362
2021-12-10 09:45:00+05:30,1114.2,1118.55,1110.0,1115.0,7900
2021-12-10 10:00:00+05:30,1115.9,1120.0,1113.0,1116.9,6519
2021-12-10 10:15:00+05:30,1116.9,1117.0,1111.2,1112.55,4197
2021-12-10 10:30:00+05:30,1113.4,1116.9,1111.7,1112.4,2928
2021-12-10 10:45:00+05:30,1112.4,1114.4,1111.0,1112.0,2063
2021-12-10 11:00:00+05:30,1112.0,1114.7,1112.0,1113.65,3485
2021-12-10 11:15:00+05:30,1113.65,1113.65,1111.25,1111.25,2559
2021-12-10 11:30:00+05:30,1111.25,1114.1,1110.8,1112.75,4284
2021-12-10 11:45:00+05:30,1112.75,1112.75,1103.3,1104.8,7768
2021-12-10 12:00:00+05:30,1104.8,1105.0,1101.1,1102.5,5655
2021-12-10 12:15:00+05:30,1102.5,1103.95,1098.2,1101.0,9655
2021-12-10 12:30:00+05:30,1101.0,1102.35,1098.2,1099.1,5809
2021-12-10 12:45:00+05:30,1099.25,1099.35,1095.75,1098.8,3775
2021-12-10 13:00:00+05:30,1098.8,1100.0,1096.15,1100.0,2831
2021-12-10 13:15:00+05:30,1100.0,1100.0,1097.75,1099.8,1769
2021-12-10 13:30:00+05:30,1099.8,1100.0,1097.6,1099.1,1846
2021-12-10 13:45:00+05:30,1099.1,1102.35,1097.85,1101.95,3825
2021-12-10 14:00:00+05:30,1101.95,1102.0,1098.65,1099.6,1771
2021-12-10 14:15:00+05:30,1098.65,1100.0,1097.05,1100.0,3484
2021-12-10 14:30:00+05:30,1100.0,1100.0,1097.3,1099.85,2627
2021-12-10 14:45:00+05:30,1099.85,1100.0,1098.1,1099.5,1787
2021-12-10 15:00:00+05:30,1099.55,1100.0,1091.95,1094.85,6396
2021-12-10 15:15:00+05:30,1094.85,1102.5,1094.25,1100.0,16397
2021-12-10 15:30:00+05:30,1100.15,1108.0,1099.9,1107.0,19554
2021-12-13 09:30:00+05:30,1106.6,1123.45,1106.6,1107.2,19877
2021-12-13 09:45:00+05:30,1107.7,1111.0,1105.95,1108.0,20382
2021-12-13 10:00:00+05:30,1108.0,1108.0,1102.0,1103.0,6602
2021-12-13 10:15:00+05:30,1103.0,1105.45,1102.25,1104.45,4830
2021-12-13 10:30:00+05:30,1104.45,1109.8,1102.5,1109.5,2267
2021-12-13 10:45:00+05:30,1109.0,1109.9,1101.0,1104.8,7347
2021-12-13 11:00:00+05:30,1104.8,1105.0,1098.5,1103.0,9803
2021-12-13 11:15:00+05:30,1103.0,1104.15,1095.05,1098.7,6607
2021-12-13 11:30:00+05:30,1098.7,1100.0,1097.2,1099.35,2455
2021-12-13 11:45:00+05:30,1099.35,1100.0,1098.3,1100.0,1525
2021-12-13 12:00:00+05:30,1100.0,1100.0,1097.05,1099.15,2607
2021-12-13 12:15:00+05:30,1099.15,1099.9,1097.75,1099.75,926
2021-12-13 12:30:00+05:30,1099.75,1100.0,1097.3,1099.2,1205
2021-12-13 12:45:00+05:30,1099.2,1099.7,1092.75,1094.0,5031
2021-12-13 13:00:00+05:30,1094.0,1094.95,1086.7,1088.75,7967
2021-12-13 13:15:00+05:30,1088.8,1090.0,1084.7,1090.0,3679
2021-12-13 13:30:00+05:30,1090.0,1090.0,1087.85,1089.0,3438
2021-12-13 13:45:00+05:30,1089.0,1090.0,1088.25,1089.65,3010
2021-12-13 14:00:00+05:30,1089.9,1090.0,1080.05,1081.2,12725
2021-12-13 14:15:00+05:30,1081.2,1081.75,1077.0,1079.95,11153
2021-12-13 14:30:00+05:30,1079.95,1081.85,1074.25,1075.0,8720
2021-12-13 14:45:00+05:30,1075.0,1075.6,1073.3,1075.0,83592
2021-12-13 15:00:00+05:30,1075.0,1075.55,1074.5,1075.0,6949
2021-12-13 15:15:00+05:30,1075.0,1075.25,1073.5,1074.8,13100
2021-12-13 15:30:00+05:30,1074.85,1075.75,1069.0,1074.95,28055
2021-12-14 09:30:00+05:30,1075.0,1087.0,1060.05,1082.2,42108
2021-12-14 09:45:00+05:30,1082.85,1082.85,1070.0,1071.35,16592
2021-12-14 10:00:00+05:30,1072.35,1074.25,1070.0,1073.25,4590
2021-12-14 10:15:00+05:30,1072.35,1075.5,1065.4,1065.95,7037
2021-12-14 10:30:00+05:30,1065.95,1069.4,1065.4,1068.0,5950
2021-12-14 10:45:00+05:30,1068.5,1071.3,1066.1,1068.25,6131
2021-12-14 11:00:00+05:30,1068.25,1069.55,1066.05,1068.7,2483
2021-12-14 11:15:00+05:30,1068.0,1074.2,1067.05,1073.15,3515
2021-12-14 11:30:00+05:30,1073.15,1073.85,1068.55,1069.4,3338
2021-12-14 11:45:00+05:30,1069.3,1078.9,1069.3,1075.65,4038
2021-12-14 12:00:00+05:30,1075.6,1082.0,1075.0,1081.05,6191
2021-12-14 12:15:00+05:30,1080.45,1081.5,1077.0,1077.35,7831
2021-12-14 12:30:00+05:30,1077.35,1078.9,1072.0,1072.85,5306
2021-12-14 12:45:00+05:30,1073.65,1074.45,1070.25,1072.0,3484
2021-12-14 13:00:00+05:30,1072.55,1075.1,1070.1,1071.0,3656
2021-12-14 13:15:00+05:30,1071.0,1072.5,1065.5,1068.75,6836
2021-12-14 13:30:00+05:30,1068.8,1072.75,1067.0,1071.05,2524
2021-12-14 13:45:00+05:30,1071.7,1073.0,1070.1,1070.95,1869
2021-12-14 14:00:00+05:30,1071.55,1072.95,1068.6,1069.0,3263
2021-12-14 14:15:00+05:30,1069.05,1070.7,1067.05,1067.95,3028
2021-12-14 14:30:00+05:30,1067.25,1068.0,1067.15,1067.8,2273
2021-12-14 14:45:00+05:30,1067.8,1072.15,1067.15,1071.35,3692
2021-12-14 15:00:00+05:30,1071.35,1073.6,1068.65,1071.25,4553
2021-12-14 15:15:00+05:30,1071.25,1075.3,1070.4,1073.95,9911
2021-12-14 15:30:00+05:30,1073.95,1074.0,1067.1,1069.0,16025
2021-12-15 09:30:00+05:30,1070.85,1080.0,1070.85,1077.95,8714
2021-12-15 09:45:00+05:30,1077.95,1079.0,1074.05,1076.05,6535
2021-12-15 10:00:00+05:30,1076.05,1078.0,1074.8,1077.2,3016
2021-12-15 10:15:00+05:30,1077.2,1078.0,1073.85,1077.9,3732
2021-12-15 10:30:00+05:30,1077.9,1088.1,1076.65,1079.1,22544
2021-12-15 10:45:00+05:30,1079.1,1079.1,1073.75,1074.3,3640
2021-12-15 11:00:00+05:30,1074.95,1080.2,1074.1,1079.5,2050
2021-12-15 11:15:00+05:30,1079.8,1079.9,1075.25,1077.15,1994
2021-12-15 11:30:00+05:30,1077.05,1077.25,1072.05,1074.95,6103
2021-12-15 11:45:00+05:30,1074.95,1084.95,1074.2,1082.75,15143
2021-12-15 12:00:00+05:30,1082.75,1083.25,1079.5,1080.5,4465
2021-12-15 12:15:00+05:30,1080.5,1082.65,1079.05,1081.1,2698
2021-12-15 12:30:00+05:30,1081.1,1081.1,1080.0,1081.1,1447
2021-12-15 12:45:00+05:30,1081.1,1082.9,1080.0,1080.5,6126
2021-12-15 13:00:00+05:30,1081.45,1082.5,1080.0,1081.75,2722
2021-12-15 13:15:00+05:30,1081.75,1083.0,1081.05,1083.0,2000
2021-12-15 13:30:00+05:30,1082.5,1084.5,1082.0,1082.25,3523
2021-12-15 13:45:00+05:30,1082.25,1086.0,1081.8,1085.15,38543
2021-12-15 14:00:00+05:30,1085.15,1089.0,1085.05,1085.2,6995
2021-12-15 14:15:00+05:30,1085.2,1092.0,1085.0,1091.8,10142
2021-12-15 14:30:00+05:30,1091.8,1092.0,1090.0,1091.95,4778
2021-12-15 14:45:00+05:30,1092.0,1101.9,1090.55,1101.9,31539
2021-12-15 15:00:00+05:30,1101.95,1105.1,1099.15,1100.0,22376
2021-12-15 15:15:00+05:30,1100.0,1101.0,1099.0,1100.4,18136
2021-12-15 15:30:00+05:30,1100.25,1102.5,1086.7,1088.7,20637
2021-12-16 09:30:00+05:30,1099.0,1109.0,1097.6,1102.0,18603
2021-12-16 09:45:00+05:30,1102.0,1106.65,1099.5,1102.5,13006
2021-12-16 10:00:00+05:30,1101.35,1103.65,1089.8,1093.95,21176
2021-12-16 10:15:00+05:30,1093.8,1094.5,1083.0,1085.5,12699
2021-12-16 10:30:00+05:30,1086.7,1089.8,1083.5,1088.85,8643
2021-12-16 10:45:00+05:30,1088.85,1094.5,1087.05,1093.7,4936
2021-12-16 11:00:00+05:30,1094.45,1096.8,1092.55,1093.9,3960
2021-12-16 11:15:00+05:30,1093.9,1098.0,1089.55,1092.45,6501
2021-12-16 11:30:00+05:30,1092.45,1100.0,1091.05,1098.2,7735
2021-12-16 11:45:00+05:30,1097.45,1099.0,1095.35,1097.95,6322
2021-12-16 12:00:00+05:30,1098.2,1100.0,1088.75,1089.75,6991
2021-12-16 12:15:00+05:30,1089.75,1093.7,1085.85,1090.2,7903
2021-12-16 12:30:00+05:30,1090.2,1094.5,1086.0,1087.5,5130
2021-12-16 12:45:00+05:30,1088.7,1097.0,1086.5,1096.6,5203
2021-12-16 13:00:00+05:30,1096.35,1102.1,1095.2,1101.55,7426
2021-12-16 13:15:00+05:30,1101.1,1102.9,1096.6,1099.1,5130
2021-12-16 13:30:00+05:30,1098.35,1103.0,1097.75,1100.85,5058
2021-12-16 13:45:00+05:30,1100.9,1103.0,1099.35,1101.25,5225
2021-12-16 14:00:00+05:30,1101.25,1101.75,1096.1,1100.05,3926
2021-12-16 14:15:00+05:30,1100.55,1100.6,1095.05,1096.4,4824
2021-12-16 14:30:00+05:30,1095.95,1099.9,1095.05,1097.55,3560
2021-12-16 14:45:00+05:30,1097.55,1099.0,1092.25,1095.0,4289
2021-12-16 15:00:00+05:30,1093.95,1101.0,1092.8,1100.5,4903
2021-12-16 15:15:00+05:30,1098.6,1103.0,1095.05,1101.15,12566
2021-12-16 15:30:00+05:30,1102.3,1105.0,1097.3,1100.0,12428
2021-12-17 09:30:00+05:30,1107.6,1107.95,1093.7,1096.95,15186
2021-12-17 09:45:00+05:30,1097.75,1108.0,1088.3,1096.5,34649
2021-12-17 10:00:00+05:30,1097.2,1098.5,1088.45,1090.2,7655
2021-12-17 10:15:00+05:30,1090.2,1094.1,1086.1,1091.25,6387
2021-12-17 10:30:00+05:30,1091.4,1102.55,1086.0,1102.55,18087
2021-12-17 10:45:00+05:30,1101.0,1102.35,1094.75,1099.0,10716
2021-12-17 11:00:00+05:30,1099.0,1099.0,1094.45,1097.15,4737
2021-12-17 11:15:00+05:30,1097.15,1103.95,1097.15,1101.9,8297
2021-12-17 11:30:00+05:30,1101.55,1102.6,1098.0,1101.6,7264
2021-12-17 11:45:00+05:30,1101.6,1101.95,1098.6,1100.6,1692
2021-12-17 12:00:00+05:30,1099.75,1101.0,1098.9,1100.95,1502
2021-12-17 12:15:00+05:30,1100.95,1101.0,1097.05,1098.6,2715
2021-12-17 12:30:00+05:30,1098.6,1102.5,1097.5,1098.4,5690
2021-12-17 12:45:00+05:30,1098.7,1099.35,1092.1,1092.1,5303
2021-12-17 13:00:00+05:30,1093.3,1102.0,1093.3,1100.8,4347
2021-12-17 13:15:00+05:30,1100.8,1102.0,1097.7,1100.0,4246
2021-12-17 13:30:00+05:30,1100.0,1101.55,1097.95,1099.05,2403
2021-12-17 13:45:00+05:30,1099.9,1100.0,1095.8,1096.3,4186
2021-12-17 14:00:00+05:30,1096.3,1100.0,1096.3,1099.65,844
2021-12-17 14:15:00+05:30,1099.0,1109.1,1099.0,1105.75,14480
2021-12-17 14:30:00+05:30,1105.75,1106.8,1099.15,1101.8,7395
2021-12-17 14:45:00+05:30,1101.8,1103.0,1097.1,1099.25,5489
2021-12-17 15:00:00+05:30,1099.25,1099.75,1094.2,1096.2,7506
2021-12-17 15:15:00+05:30,1097.95,1098.0,1090.0,1093.25,18029
2021-12-17 15:30:00+05:30,1093.3,1097.0,1087.15,1095.95,21176
2021-12-20 09:30:00+05:30,1092.45,1092.45,1020.0,1064.9,30539
2021-12-20 09:45:00+05:30,1065.2,1068.25,1057.25,1064.85,17168
2021-12-20 10:00:00+05:30,1064.4,1065.95,1059.0,1064.35,12462
2021-12-20 10:15:00+05:30,1063.5,1068.0,1059.6,1063.1,9842
2021-12-20 10:30:00+05:30,1064.0,1065.0,1056.9,1059.05,9215
2021-12-20 10:45:00+05:30,1059.9,1068.9,1058.25,1067.75,11339
2021-12-20 11:00:00+05:30,1067.75,1068.5,1060.2,1062.0,7155
2021-12-20 11:15:00+05:30,1062.2,1066.0,1061.05,1062.0,5626
2021-12-20 11:30:00+05:30,1062.0,1068.0,1057.9,1059.0,11338
2021-12-20 11:45:00+05:30,1059.0,1059.6,1055.95,1057.15,5195
2021-12-20 12:00:00+05:30,1057.25,1059.8,1057.25,1059.2,2546
2021-12-20 12:15:00+05:30,1058.45,1059.7,1055.0,1055.4,13816
2021-12-20 12:30:00+05:30,1055.4,1055.4,1043.0,1046.75,6744
2021-12-20 12:45:00+05:30,1046.75,1049.1,1036.35,1042.05,8286
2021-12-20 13:00:00+05:30,1042.05,1046.1,1030.75,1032.5,7164
2021-12-20 13:15:00+05:30,1032.5,1035.5,1025.0,1029.8,9569
2021-12-20 13:30:00+05:30,1029.8,1041.45,1028.95,1041.45,6243
2021-12-20 13:45:00+05:30,1041.45,1043.2,1036.9,1038.0,5428
2021-12-20 14:00:00+05:30,1038.0,1041.0,1035.25,1037.5,3056
2021-12-20 14:15:00+05:30,1037.15,1039.6,1036.5,1039.6,5491
2021-12-20 14:30:00+05:30,1039.6,1044.1,1037.0,1041.25,10209
2021-12-20 14:45:00+05:30,1041.1,1048.35,1040.8,1045.0,14927
2021-12-20 15:00:00+05:30,1045.0,1054.4,1045.0,1052.05,14821
2021-12-20 15:15:00+05:30,1052.4,1053.8,1045.5,1046.15,7376
2021-12-20 15:30:00+05:30,1045.55,1050.0,1036.0,1036.0,17017
2021-12-21 09:30:00+05:30,1060.0,1069.95,1053.8,1065.0,17279
2021-12-21 09:45:00+05:30,1064.4,1067.3,1056.45,1062.75,7941
2021-12-21 10:00:00+05:30,1064.25,1067.9,1061.8,1067.9,3427
2021-12-21 10:15:00+05:30,1067.9,1067.9,1062.0,1063.35,3984
2021-12-21 10:30:00+05:30,1063.35,1066.0,1062.3,1064.25,2065
2021-12-21 10:45:00+05:30,1065.2,1067.85,1065.0,1066.55,3801
2021-12-21 11:00:00+05:30,1066.6,1067.3,1064.05,1064.9,1784
2021-12-21 11:15:00+05:30,1065.05,1065.25,1062.5,1065.0,1674
2021-12-21 11:30:00+05:30,1065.0,1081.0,1063.0,1074.65,9156
2021-12-21 11:45:00+05:30,1074.0,1084.0,1073.25,1078.85,17273
2021-12-21 12:00:00+05:30,1080.0,1088.0,1076.4,1077.0,15297
2021-12-21 12:15:00+05:30,1077.0,1079.9,1074.4,1078.0,4236
2021-12-21 12:30:00+05:30,1078.0,1079.95,1071.1,1072.15,6819
2021-12-21 12:45:00+05:30,1072.55,1078.05,1072.55,1076.85,3418
2021-12-21 13:00:00+05:30,1076.85,1077.0,1073.15,1073.45,1266
2021-12-21 13:15:00+05:30,1073.45,1075.1,1068.35,1070.0,3508
2021-12-21 13:30:00+05:30,1070.0,1072.3,1068.25,1069.55,1337
2021-12-21 13:45:00+05:30,1069.55,1072.0,1068.0,1068.1,5593
2021-12-21 14:00:00+05:30,1068.1,1071.5,1068.1,1069.7,2329
2021-12-21 14:15:00+05:30,1069.55,1069.55,1060.0,1065.4,5727
2021-12-21 14:30:00+05:30,1065.4,1065.4,1056.1,1059.55,5262
2021-12-21 14:45:00+05:30,1059.55,1060.0,1055.25,1060.0,4069
2021-12-21 15:00:00+05:30,1060.0,1065.15,1059.05,1063.35,3683
2021-12-21 15:15:00+05:30,1063.85,1063.85,1056.9,1062.55,6563
2021-12-21 15:30:00+05:30,1060.5,1063.05,1058.0,1063.05,7282
2021-12-22 09:30:00+05:30,1066.0,1095.0,1065.0,1085.5,28690
2021-12-22 09:45:00+05:30,1084.7,1098.0,1084.7,1096.3,16431
2021-12-22 10:00:00+05:30,1097.0,1124.0,1096.9,1116.95,107668
2021-12-22 10:15:00+05:30,1116.95,1122.0,1113.0,1118.5,54138
2021-12-22 10:30:00+05:30,1118.5,1120.0,1114.0,1116.95,47842
2021-12-22 10:45:00+05:30,1116.95,1123.0,1115.2,1121.0,55041
2021-12-22 11:00:00+05:30,1121.85,1125.0,1115.9,1115.9,100851
2021-12-22 11:15:00+05:30,1115.9,1122.15,1115.9,1118.0,34714
2021-12-22 11:30:00+05:30,1118.0,1124.0,1117.8,1122.15,28633
2021-12-22 11:45:00+05:30,1122.2,1130.0,1118.6,1127.15,69698
2021-12-22 12:00:00+05:30,1127.5,1130.0,1121.0,1122.1,55099
2021-12-22 12:15:00+05:30,1122.1,1123.15,1117.0,1117.25,29745
2021-12-22 12:30:00+05:30,1117.25,1120.0,1117.0,1117.8,11927
2021-12-22 12:45:00+05:30,1117.8,1119.8,1117.5,1119.75,10025
2021-12-22 13:00:00+05:30,1119.75,1123.95,1118.15,1118.35,17162
2021-12-22 13:15:00+05:30,1118.35,1121.9,1118.05,1118.3,16643
2021-12-22 13:30:00+05:30,1118.3,1122.0,1117.35,1119.0,12081
2021-12-22 13:45:00+05:30,1119.0,1123.5,1118.3,1120.75,9072
2021-12-22 14:00:00+05:30,1119.9,1135.7,1119.05,1134.8,88672
2021-12-22 14:15:00+05:30,1135.35,1135.55,1122.5,1126.9,68447
2021-12-22 14:30:00+05:30,1125.4,1128.0,1120.5,1121.2,37365
2021-12-22 14:45:00+05:30,1122.0,1122.0,1112.0,1114.05,56238
2021-12-22 15:00:00+05:30,1115.35,1119.85,1113.65,1117.0,16274
2021-12-22 15:15:00+05:30,1117.85,1128.0,1117.0,1118.25,40676
2021-12-22 15:30:00+05:30,1118.25,1123.0,1111.7,1117.4,55276
2021-12-23 09:30:00+05:30,1132.0,1145.6,1120.25,1130.0,82155
2021-12-23 09:45:00+05:30,1130.0,1148.4,1130.0,1146.15,66384
2021-12-23 10:00:00+05:30,1145.55,1165.0,1144.05,1161.0,163732
2021-12-23 10:15:00+05:30,1161.0,1175.0,1161.0,1173.0,187877
2021-12-23 10:30:00+05:30,1172.15,1178.0,1166.0,1167.8,130625
2021-12-23 10:45:00+05:30,1166.75,1168.0,1160.0,1161.95,52772
2021-12-23 11:00:00+05:30,1161.4,1163.85,1152.05,1161.95,54852
2021-12-23 11:15:00+05:30,1161.95,1164.0,1161.0,1162.9,11532
2021-12-23 11:30:00+05:30,1162.9,1164.0,1158.0,1159.45,12004
2021-12-23 11:45:00+05:30,1160.0,1180.0,1158.3,1177.3,59709
2021-12-23 12:00:00+05:30,1178.0,1193.7,1175.7,1186.3,214429
2021-12-23 12:15:00+05:30,1187.0,1195.5,1183.0,1187.0,124171
2021-12-23 12:30:00+05:30,1187.0,1194.05,1186.2,1188.65,75360
2021-12-23 12:45:00+05:30,1188.65,1197.9,1188.15,1191.75,97138
2021-12-23 13:00:00+05:30,1191.75,1192.1,1179.6,1179.85,75804
2021-12-23 13:15:00+05:30,1179.15,1189.3,1179.15,1188.0,37004
2021-12-23 13:30:00+05:30,1188.0,1189.9,1185.5,1186.9,21973
2021-12-23 13:45:00+05:30,1186.9,1189.9,1178.5,1180.0,45561
2021-12-23 14:00:00+05:30,1180.0,1181.75,1179.2,1179.8,37118
2021-12-23 14:15:00+05:30,1179.8,1181.0,1166.65,1171.4,65444
2021-12-23 14:30:00+05:30,1171.4,1180.0,1170.05,1177.5,35979
2021-12-23 14:45:00+05:30,1177.5,1181.4,1174.2,1177.15,25765
2021-12-23 15:00:00+05:30,1177.15,1190.0,1177.15,1187.65,112235
2021-12-23 15:15:00+05:30,1189.0,1190.0,1178.0,1181.35,88837
2021-12-23 15:30:00+05:30,1181.0,1182.5,1170.0,1174.9,103505
2021-12-24 09:30:00+05:30,1181.15,1184.0,1150.1,1152.5,114211
2021-12-24 09:45:00+05:30,1153.05,1155.9,1138.6,1146.15,68034
2021-12-24 10:00:00+05:30,1146.05,1157.95,1142.4,1156.2,40709
2021-12-24 10:15:00+05:30,1155.5,1159.85,1149.05,1157.45,28452
2021-12-24 10:30:00+05:30,1158.0,1179.0,1155.45,1171.05,79069
2021-12-24 10:45:00+05:30,1171.05,1173.75,1156.3,1167.8,47585
2021-12-24 11:00:00+05:30,1167.8,1169.95,1162.95,1164.85,15210
2021-12-24 11:15:00+05:30,1164.1,1174.95,1163.05,1172.85,21643
2021-12-24 11:30:00+05:30,1172.85,1188.05,1172.2,1187.7,69455
2021-12-24 11:45:00+05:30,1187.0,1200.15,1184.35,1195.9,180199
2021-12-24 12:00:00+05:30,1195.9,1222.0,1192.45,1217.0,314759
2021-12-24 12:15:00+05:30,1218.0,1234.0,1217.0,1228.0,261747
2021-12-24 12:30:00+05:30,1228.0,1228.9,1214.35,1217.2,119902
2021-12-24 12:45:00+05:30,1216.5,1217.5,1206.0,1212.95,109526
2021-12-24 13:00:00+05:30,1212.95,1218.0,1207.0,1218.0,43792
2021-12-24 13:15:00+05:30,1217.0,1221.0,1208.0,1212.8,69664
2021-12-24 13:30:00+05:30,1212.8,1215.0,1211.35,1213.05,21002
2021-12-24 13:45:00+05:30,1213.0,1215.0,1206.0,1209.25,52345
2021-12-24 14:00:00+05:30,1209.2,1215.0,1206.2,1214.15,44050
2021-12-24 14:15:00+05:30,1213.95,1214.3,1208.0,1213.0,31654
2021-12-24 14:30:00+05:30,1213.0,1215.6,1209.0,1212.25,36061
2021-12-24 14:45:00+05:30,1212.25,1214.6,1197.15,1205.0,100369
2021-12-24 15:00:00+05:30,1205.0,1213.15,1199.9,1203.5,70748
2021-12-24 15:15:00+05:30,1203.5,1205.0,1190.35,1197.25,75303
2021-12-24 15:30:00+05:30,1198.45,1213.0,1190.0,1212.0,123025
2021-12-27 09:30:00+05:30,1198.95,1198.95,1166.0,1184.0,99586
2021-12-27 09:45:00+05:30,1184.05,1186.4,1168.5,1173.0,54339
2021-12-27 10:00:00+05:30,1173.0,1179.35,1171.85,1176.45,31453
2021-12-27 10:15:00+05:30,1175.25,1175.95,1168.0,1171.15,22480
2021-12-27 10:30:00+05:30,1171.15,1174.2,1169.95,1170.25,14719
2021-12-27 10:45:00+05:30,1170.0,1172.65,1163.0,1169.25,29648
2021-12-27 11:00:00+05:30,1169.25,1172.65,1167.05,1169.9,14875
2021-12-27 11:15:00+05:30,1169.95,1170.0,1168.25,1169.9,7589
2021-12-27 11:30:00+05:30,1169.9,1170.85,1168.75,1169.9,6103
2021-12-27 11:45:00+05:30,1169.9,1170.6,1168.2,1169.9,11051
2021-12-27 12:00:00+05:30,1169.9,1170.5,1169.05,1169.9,4225
2021-12-27 12:15:00+05:30,1169.9,1170.8,1169.45,1169.85,6218
2021-12-27 12:30:00+05:30,1169.85,1170.2,1169.1,1169.9,12178
2021-12-27 12:45:00+05:30,1169.9,1170.3,1169.0,1169.85,7724
2021-12-27 13:00:00+05:30,1169.9,1170.95,1169.0,1170.0,9531
2021-12-27 13:15:00+05:30,1170.65,1175.0,1170.0,1173.0,51446
2021-12-27 13:30:00+05:30,1173.0,1173.0,1169.2,1170.8,16330
2021-12-27 13:45:00+05:30,1170.55,1172.0,1160.0,1168.35,31199
2021-12-27 14:00:00+05:30,1168.35,1169.75,1166.45,1167.8,6344
2021-12-27 14:15:00+05:30,1167.8,1170.0,1167.35,1169.8,8350
2021-12-27 14:30:00+05:30,1169.8,1170.0,1165.6,1167.05,20445
2021-12-27 14:45:00+05:30,1167.05,1169.7,1166.0,1168.55,5677
2021-12-27 15:00:00+05:30,1168.5,1169.65,1163.0,1164.0,14786
2021-12-27 15:15:00+05:30,1164.9,1165.0,1157.0,1158.95,31623
2021-12-27 15:30:00+05:30,1157.8,1157.85,1145.0,1152.95,60048
2021-12-28 09:30:00+05:30,1155.0,1175.7,1155.0,1169.65,59022
2021-12-28 09:45:00+05:30,1169.65,1178.0,1167.0,1178.0,37566
2021-12-28 10:00:00+05:30,1176.8,1178.0,1172.0,1176.3,23445
2021-12-28 10:15:00+05:30,1176.0,1194.45,1176.0,1191.95,53404
2021-12-28 10:30:00+05:30,1192.0,1192.0,1182.7,1184.7,38043
2021-12-28 10:45:00+05:30,1184.7,1190.35,1183.8,1186.95,16834
2021-12-28 11:00:00+05:30,1186.95,1193.0,1186.45,1189.0,21233
2021-12-28 11:15:00+05:30,1189.0,1197.7,1189.0,1192.6,34163
2021-12-28 11:30:00+05:30,1192.9,1199.35,1192.85,1193.7,25721
2021-12-28 11:45:00+05:30,1193.05,1195.75,1188.05,1189.35,24055
2021-12-28 12:00:00+05:30,1189.35,1195.7,1189.15,1194.0,13624
2021-12-28 12:15:00+05:30,1194.0,1196.4,1190.3,1192.0,10682
2021-12-28 12:30:00+05:30,1192.45,1193.75,1190.0,1193.0,4303
2021-12-28 12:45:00+05:30,1193.0,1193.5,1190.35,1192.0,9103
2021-12-28 13:00:00+05:30,1191.9,1192.0,1189.05,1190.0,9794
2021-12-28 13:15:00+05:30,1190.8,1191.0,1185.0,1185.85,15720
2021-12-28 13:30:00+05:30,1185.85,1188.0,1185.35,1187.05,3364
2021-12-28 13:45:00+05:30,1186.8,1187.75,1184.8,1185.85,8017
2021-12-28 14:00:00+05:30,1185.85,1190.0,1185.8,1188.05,6854
2021-12-28 14:15:00+05:30,1188.05,1189.2,1185.0,1185.9,9091
2021-12-28 14:30:00+05:30,1185.9,1189.6,1185.15,1185.15,5809
2021-12-28 14:45:00+05:30,1185.15,1187.5,1184.8,1185.5,11182
2021-12-28 15:00:00+05:30,1187.0,1192.95,1185.0,1185.5,27980
2021-12-28 15:15:00+05:30,1185.95,1190.0,1185.0,1185.6,20645
2021-12-28 15:30:00+05:30,1186.7,1190.8,1181.85,1186.0,37847
2021-12-29 09:30:00+05:30,1186.05,1198.8,1171.35,1191.85,48000
2021-12-29 09:45:00+05:30,1193.1,1194.85,1183.05,1184.4,18149
2021-12-29 10:00:00+05:30,1184.0,1188.8,1183.25,1185.15,11718
2021-12-29 10:15:00+05:30,1185.15,1188.5,1181.0,1182.8,12776
2021-12-29 10:30:00+05:30,1182.8,1182.8,1175.0,1180.95,16027
2021-12-29 10:45:00+05:30,1180.05,1182.55,1177.5,1179.1,6536
2021-12-29 11:00:00+05:30,1180.0,1181.75,1175.05,1175.8,5982
2021-12-29 11:15:00+05:30,1175.6,1178.55,1175.0,1176.15,4301
2021-12-29 11:30:00+05:30,1176.15,1183.0,1176.15,1181.2,4871
2021-12-29 11:45:00+05:30,1181.15,1181.9,1178.35,1180.7,3685
2021-12-29 12:00:00+05:30,1180.7,1181.5,1179.0,1179.25,2354
2021-12-29 12:15:00+05:30,1179.25,1182.7,1177.1,1180.15,6007
2021-12-29 12:30:00+05:30,1180.15,1184.9,1177.25,1184.9,10028
2021-12-29 12:45:00+05:30,1184.2,1205.45,1184.0,1204.0,50709
2021-12-29 13:00:00+05:30,1203.3,1237.0,1202.0,1228.0,237621
2021-12-29 13:15:00+05:30,1226.55,1248.0,1218.15,1246.0,212661
2021-12-29 13:30:00+05:30,1246.0,1252.0,1237.55,1245.5,158090
2021-12-29 13:45:00+05:30,1245.5,1246.0,1235.1,1239.1,79524
2021-12-29 14:00:00+05:30,1239.15,1242.7,1233.0,1240.35,56024
2021-12-29 14:15:00+05:30,1240.05,1240.35,1232.0,1234.0,45637
2021-12-29 14:30:00+05:30,1234.95,1234.95,1230.0,1232.75,35578
2021-12-29 14:45:00+05:30,1232.75,1234.8,1224.0,1233.4,46214
2021-12-29 15:00:00+05:30,1233.4,1235.75,1229.25,1231.45,38710
2021-12-29 15:15:00+05:30,1231.45,1235.75,1230.05,1235.5,57792
2021-12-29 15:30:00+05:30,1235.7,1252.0,1235.05,1247.95,152054
2021-12-30 09:30:00+05:30,1260.0,1285.0,1258.2,1271.75,298184
2021-12-30 09:45:00+05:30,1271.75,1272.4,1264.2,1267.35,58715
2021-12-30 10:00:00+05:30,1267.6,1267.6,1253.05,1257.5,80813
2021-12-30 10:15:00+05:30,1257.5,1257.5,1251.0,1253.9,58491
2021-12-30 10:30:00+05:30,1253.5,1261.15,1253.5,1259.8,41829
2021-12-30 10:45:00+05:30,1258.55,1260.0,1253.0,1257.0,17511
2021-12-30 11:00:00+05:30,1257.0,1258.0,1251.25,1253.75,22384
2021-12-30 11:15:00+05:30,1253.75,1255.0,1252.0,1254.8,11493
2021-12-30 11:30:00+05:30,1254.5,1254.55,1251.55,1253.0,9772
2021-12-30 11:45:00+05:30,1253.0,1254.9,1252.1,1253.5,37991
2021-12-30 12:00:00+05:30,1253.5,1267.5,1253.0,1264.45,75334
2021-12-30 12:15:00+05:30,1264.45,1268.9,1261.0,1266.05,30138
2021-12-30 12:30:00+05:30,1266.05,1266.95,1253.0,1255.5,42525
2021-12-30 12:45:00+05:30,1254.05,1259.9,1253.55,1258.5,23835
2021-12-30 13:00:00+05:30,1257.8,1258.7,1254.0,1255.0,11974
2021-12-30 13:15:00+05:30,1255.0,1256.9,1253.1,1253.7,10249
2021-12-30 13:30:00+05:30,1253.7,1255.2,1245.0,1255.0,30271
2021-12-30 13:45:00+05:30,1254.15,1255.0,1247.0,1248.45,21560
2021-12-30 14:00:00+05:30,1248.45,1249.25,1241.5,1245.3,20207
2021-12-30 14:15:00+05:30,1244.6,1249.15,1236.3,1239.65,26596
2021-12-30 14:30:00+05:30,1238.75,1242.0,1226.25,1229.0,40313
2021-12-30 14:45:00+05:30,1230.0,1234.9,1222.0,1230.0,46263
2021-12-30 15:00:00+05:30,1230.15,1234.6,1228.85,1230.85,22820
2021-12-30 15:15:00+05:30,1230.0,1240.0,1229.0,1238.0,52508
2021-12-30 15:30:00+05:30,1237.2,1238.65,1222.0,1225.0,81706
2021-12-31 09:30:00+05:30,1233.8,1245.0,1226.55,1231.75,55756
2021-12-31 09:45:00+05:30,1230.35,1231.75,1215.0,1219.65,42442
2021-12-31 10:00:00+05:30,1219.65,1223.5,1213.75,1217.0,462029
2021-12-31 10:15:00+05:30,1217.0,1225.6,1214.05,1224.2,17836
2021-12-31 10:30:00+05:30,1224.0,1224.0,1217.0,1217.9,8465
2021-12-31 10:45:00+05:30,1217.0,1222.8,1217.0,1219.0,5600
2021-12-31 11:00:00+05:30,1219.9,1227.2,1218.1,1226.85,9361
2021-12-31 11:15:00+05:30,1226.45,1235.6,1223.5,1225.65,34454
2021-12-31 11:30:00+05:30,1225.65,1230.0,1223.5,1224.5,9047
2021-12-31 11:45:00+05:30,1225.25,1226.85,1224.5,1226.0,2376
2021-12-31 12:00:00+05:30,1225.4,1231.95,1225.4,1227.55,8646
2021-12-31 12:15:00+05:30,1227.55,1227.65,1224.35,1225.5,5260
2021-12-31 12:30:00+05:30,1226.45,1228.9,1226.4,1227.6,3446
2021-12-31 12:45:00+05:30,1227.5,1232.5,1226.2,1230.1,8550
2021-12-31 13:00:00+05:30,1230.1,1230.75,1226.9,1226.9,3107
2021-12-31 13:15:00+05:30,1226.9,1228.0,1225.15,1226.25,4942
2021-12-31 13:30:00+05:30,1226.25,1230.0,1226.25,1227.25,4363
2021-12-31 13:45:00+05:30,1227.25,1232.4,1227.25,1230.5,4430
2021-12-31 14:00:00+05:30,1230.5,1230.5,1221.0,1225.95,14533
2021-12-31 14:15:00+05:30,1225.95,1226.0,1220.75,1221.9,4670
2021-12-31 14:30:00+05:30,1221.9,1223.4,1216.05,1221.5,15350
2021-12-31 14:45:00+05:30,1221.5,1223.6,1218.25,1220.95,7118
2021-12-31 15:00:00+05:30,1220.95,1232.0,1220.7,1232.0,24646
2021-12-31 15:15:00+05:30,1231.95,1231.95,1227.7,1229.65,25514
2021-12-31 15:30:00+05:30,1229.65,1245.0,1227.0,1233.0,68271
2022-01-03 09:30:00+05:30,1226.0,1240.0,1221.7,1233.65,44478
2022-01-03 09:45:00+05:30,1234.35,1249.0,1232.3,1247.85,42718
2022-01-03 10:00:00+05:30,1247.05,1251.15,1239.05,1241.55,43828
2022-01-03 10:15:00+05:30,1241.5,1244.8,1236.0,1243.7,13046
2022-01-03 10:30:00+05:30,1242.95,1244.3,1232.0,1234.2,20271
2022-01-03 10:45:00+05:30,1234.2,1240.2,1234.2,1239.95,11798
2022-01-03 11:00:00+05:30,1238.7,1239.95,1232.1,1235.75,8780
2022-01-03 11:15:00+05:30,1235.8,1241.05,1234.0,1238.45,9549
2022-01-03 11:30:00+05:30,1238.45,1239.65,1234.8,1236.25,13834
2022-01-03 11:45:00+05:30,1236.25,1237.45,1228.0,1229.2,16300
2022-01-03 12:00:00+05:30,1229.2,1231.45,1226.6,1227.0,12966
2022-01-03 12:15:00+05:30,1227.2,1228.55,1226.0,1228.2,5220
2022-01-03 12:30:00+05:30,1227.55,1228.4,1226.1,1226.95,4161
2022-01-03 12:45:00+05:30,1226.9,1228.0,1226.55,1226.65,8008
2022-01-03 13:00:00+05:30,1226.65,1227.5,1226.25,1227.5,6537
2022-01-03 13:15:00+05:30,1227.1,1227.5,1227.0,1227.05,4577
2022-01-03 13:30:00+05:30,1227.05,1227.5,1223.0,1223.05,14320
2022-01-03 13:45:00+05:30,1223.05,1223.85,1220.0,1221.95,11967
2022-01-03 14:00:00+05:30,1221.95,1229.5,1221.95,1226.45,11131
2022-01-03 14:15:00+05:30,1226.45,1227.75,1222.45,1225.0,5863
2022-01-03 14:30:00+05:30,1225.25,1229.75,1225.25,1228.85,4209
2022-01-03 14:45:00+05:30,1229.1,1234.0,1227.4,1228.8,9133
2022-01-03 15:00:00+05:30,1228.8,1229.45,1223.3,1223.65,8098
2022-01-03 15:15:00+05:30,1223.6,1229.5,1223.0,1224.0,17550
2022-01-03 15:30:00+05:30,1224.0,1224.0,1208.15,1220.0,42975
2022-01-04 09:30:00+05:30,1229.0,1236.0,1222.0,1224.55,36229
2022-01-04 09:45:00+05:30,1227.3,1228.25,1212.25,1216.4,26520
2022-01-04 10:00:00+05:30,1216.4,1223.0,1215.0,1223.0,11136
2022-01-04 10:15:00+05:30,1223.0,1229.25,1219.35,1224.45,18011
2022-01-04 10:30:00+05:30,1224.45,1227.9,1223.0,1227.5,7819
2022-01-04 10:45:00+05:30,1227.5,1232.95,1222.1,1224.35,21465
2022-01-04 11:00:00+05:30,1225.1,1227.95,1223.7,1226.95,6298
2022-01-04 11:15:00+05:30,1227.95,1243.3,1226.0,1232.65,63834
2022-01-04 11:30:00+05:30,1231.85,1235.0,1229.45,1230.1,17151
2022-01-04 11:45:00+05:30,1230.1,1240.0,1227.25,1236.5,24767
2022-01-04 12:00:00+05:30,1237.0,1239.0,1235.55,1236.15,14992
2022-01-04 12:15:00+05:30,1237.0,1244.0,1236.0,1243.0,23835
2022-01-04 12:30:00+05:30,1243.0,1247.45,1240.0,1242.0,21654
2022-01-04 12:45:00+05:30,1242.0,1243.0,1240.0,1241.35,12574
2022-01-04 13:00:00+05:30,1241.35,1241.35,1237.5,1237.55,12501
2022-01-04 13:15:00+05:30,1237.55,1238.0,1231.25,1234.05,13741
2022-01-04 13:30:00+05:30,1234.05,1237.7,1232.15,1235.6,6574
2022-01-04 13:45:00+05:30,1235.7,1235.7,1223.65,1224.8,15452
2022-01-04 14:00:00+05:30,1224.65,1230.9,1223.6,1230.9,8923
2022-01-04 14:15:00+05:30,1231.0,1233.45,1226.1,1227.45,6953
2022-01-04 14:30:00+05:30,1227.45,1231.75,1226.75,1229.15,4441
2022-01-04 14:45:00+05:30,1230.15,1231.85,1221.2,1223.85,9380
2022-01-04 15:00:00+05:30,1223.85,1227.1,1221.05,1224.1,12218
2022-01-04 15:15:00+05:30,1224.95,1231.15,1224.05,1228.8,13499
2022-01-04 15:30:00+05:30,1228.75,1233.7,1227.0,1227.05,23717
2022-01-05 09:30:00+05:30,1232.0,1240.0,1225.8,1237.7,41338
2022-01-05 09:45:00+05:30,1238.55,1251.2,1227.9,1246.65,46707
2022-01-05 10:00:00+05:30,1246.65,1257.55,1246.0,1250.6,108870
2022-01-05 10:15:00+05:30,1250.0,1250.6,1243.0,1246.1,24155
2022-01-05 10:30:00+05:30,1246.2,1259.75,1245.55,1255.05,116341
2022-01-05 10:45:00+05:30,1255.05,1259.9,1254.0,1259.0,68683
2022-01-05 11:00:00+05:30,1259.0,1265.0,1256.25,1263.65,62145
2022-01-05 11:15:00+05:30,1263.65,1274.75,1263.0,1272.75,103427
2022-01-05 11:30:00+05:30,1272.8,1273.0,1266.15,1272.9,56468
2022-01-05 11:45:00+05:30,1272.9,1294.0,1272.0,1285.3,207762
2022-01-05 12:00:00+05:30,1285.3,1285.7,1273.0,1280.95,81257
2022-01-05 12:15:00+05:30,1280.95,1281.0,1275.05,1276.8,32520
2022-01-05 12:30:00+05:30,1277.1,1277.45,1267.0,1274.8,61049
2022-01-05 12:45:00+05:30,1274.8,1280.0,1272.25,1275.0,22905
2022-01-05 13:00:00+05:30,1275.0,1276.95,1271.75,1274.0,17262
2022-01-05 13:15:00+05:30,1272.85,1277.0,1270.4,1271.9,23046
2022-01-05 13:30:00+05:30,1271.9,1272.5,1266.65,1272.35,29716
2022-01-05 13:45:00+05:30,1271.95,1273.0,1271.0,1271.2,15531
2022-01-05 14:00:00+05:30,1271.2,1279.75,1271.2,1275.0,22715
2022-01-05 14:15:00+05:30,1276.0,1277.5,1273.6,1275.0,11909
2022-01-05 14:30:00+05:30,1275.0,1280.0,1273.95,1277.95,23908
2022-01-05 14:45:00+05:30,1277.3,1279.75,1271.35,1274.25,24825
2022-01-05 15:00:00+05:30,1274.25,1276.8,1265.65,1269.0,38451
2022-01-05 15:15:00+05:30,1269.0,1278.85,1268.2,1270.0,77685
2022-01-05 15:30:00+05:30,1269.25,1270.0,1250.05,1268.0,96483
2022-01-06 09:30:00+05:30,1265.0,1293.0,1252.85,1279.25,145255
2022-01-06 09:45:00+05:30,1278.55,1287.25,1269.75,1275.5,78782
2022-01-06 10:00:00+05:30,1275.05,1281.0,1274.5,1277.95,27273
2022-01-06 10:15:00+05:30,1278.0,1284.75,1276.5,1278.8,23439
2022-01-06 10:30:00+05:30,1278.8,1280.5,1273.45,1274.0,16853
2022-01-06 10:45:00+05:30,1273.95,1278.3,1272.35,1275.9,8797
2022-01-06 11:00:00+05:30,1275.9,1281.05,1275.0,1277.0,14841
2022-01-06 11:15:00+05:30,1277.0,1277.4,1272.05,1273.8,17466
2022-01-06 11:30:00+05:30,1273.8,1276.0,1272.05,1275.0,13318
2022-01-06 11:45:00+05:30,1275.0,1275.2,1274.1,1274.45,4545
2022-01-06 12:00:00+05:30,1274.45,1275.45,1273.15,1275.45,5891
2022-01-06 12:15:00+05:30,1275.45,1275.45,1273.0,1274.5,1920
2022-01-06 12:30:00+05:30,1274.5,1274.95,1273.05,1274.5,5698
2022-01-06 12:45:00+05:30,1274.5,1275.15,1272.9,1274.9,7255
2022-01-06 13:00:00+05:30,1274.9,1275.0,1270.0,1270.95,11689
2022-01-06 13:15:00+05:30,1270.95,1271.0,1261.0,1265.1,31683
2022-01-06 13:30:00+05:30,1265.1,1266.5,1262.0,1263.75,11252
2022-01-06 13:45:00+05:30,1263.75,1270.5,1263.75,1268.0,15118
2022-01-06 14:00:00+05:30,1268.0,1271.2,1268.0,1268.35,10857
2022-01-06 14:15:00+05:30,1269.6,1270.05,1263.4,1264.9,7555
2022-01-06 14:30:00+05:30,1264.15,1269.9,1264.0,1268.45,5857
2022-01-06 14:45:00+05:30,1268.45,1269.8,1261.5,1261.5,14542
2022-01-06 15:00:00+05:30,1261.4,1261.4,1257.65,1259.1,19517
2022-01-06 15:15:00+05:30,1259.1,1268.25,1255.2,1259.0,42853
2022-01-06 15:30:00+05:30,1259.0,1260.7,1245.3,1255.5,44207
2022-01-07 09:30:00+05:30,1258.5,1275.0,1258.5,1273.9,36338
2022-01-07 09:45:00+05:30,1273.5,1273.5,1267.25,1268.0,17527
2022-01-07 10:00:00+05:30,1267.3,1276.6,1267.3,1271.75,25671
2022-01-07 10:15:00+05:30,1271.75,1272.0,1264.8,1265.95,12088
2022-01-07 10:30:00+05:30,1266.65,1266.8,1261.75,1264.0,9518
2022-01-07 10:45:00+05:30,1264.15,1266.9,1260.3,1264.0,7877
2022-01-07 11:00:00+05:30,1264.0,1265.0,1259.1,1261.25,9551
2022-01-07 11:15:00+05:30,1261.3,1265.25,1259.0,1260.2,12068
2022-01-07 11:30:00+05:30,1260.1,1263.0,1258.7,1262.05,7664
2022-01-07 11:45:00+05:30,1261.4,1262.75,1251.05,1257.0,29316
2022-01-07 12:00:00+05:30,1255.55,1258.95,1245.0,1249.0,56907
2022-01-07 12:15:00+05:30,1249.0,1250.0,1236.3,1250.0,29898
2022-01-07 12:30:00+05:30,1250.0,1250.05,1244.0,1249.0,7274
2022-01-07 12:45:00+05:30,1249.0,1249.8,1241.55,1242.35,7282
2022-01-07 13:00:00+05:30,1242.0,1248.05,1238.0,1247.0,16076
2022-01-07 13:15:00+05:30,1247.0,1252.95,1246.0,1250.35,8264
2022-01-07 13:30:00+05:30,1250.35,1252.2,1247.9,1252.05,6625
2022-01-07 13:45:00+05:30,1252.05,1252.05,1249.0,1249.35,3850
2022-01-07 14:00:00+05:30,1249.35,1252.0,1249.25,1250.85,3421
2022-01-07 14:15:00+05:30,1250.8,1257.45,1250.65,1255.0,23740
2022-01-07 14:30:00+05:30,1255.5,1262.0,1254.05,1254.05,30951
2022-01-07 14:45:00+05:30,1253.85,1254.05,1250.25,1250.55,5026
2022-01-07 15:00:00+05:30,1250.55,1252.95,1248.0,1250.8,9571
2022-01-07 15:15:00+05:30,1250.3,1254.55,1246.0,1248.9,18840
2022-01-07 15:30:00+05:30,1248.9,1250.0,1240.05,1242.05,32506
2022-01-10 09:30:00+05:30,1255.95,1258.0,1243.95,1245.45,25155
2022-01-10 09:45:00+05:30,1246.55,1253.6,1245.7,1249.15,10761
2022-01-10 10:00:00+05:30,1249.15,1249.8,1245.05,1247.45,6871
2022-01-10 10:15:00+05:30,1246.45,1247.85,1240.6,1245.7,8055
2022-01-10 10:30:00+05:30,1245.2,1245.85,1243.1,1244.3,5498
2022-01-10 10:45:00+05:30,1245.1,1245.1,1241.05,1242.4,6265
2022-01-10 11:00:00+05:30,1241.35,1243.6,1241.05,1243.2,4089
2022-01-10 11:15:00+05:30,1243.2,1245.35,1241.35,1244.25,5251
2022-01-10 11:30:00+05:30,1244.25,1246.55,1243.5,1245.45,1860
2022-01-10 11:45:00+05:30,1245.45,1251.75,1245.45,1247.45,6891
2022-01-10 12:00:00+05:30,1247.45,1249.0,1245.5,1247.85,4815
2022-01-10 12:15:00+05:30,1248.0,1250.5,1245.75,1249.9,4074
2022-01-10 12:30:00+05:30,1249.95,1253.7,1249.6,1252.8,6823
2022-01-10 12:45:00+05:30,1253.0,1256.0,1252.0,1255.55,15064
2022-01-10 13:00:00+05:30,1255.55,1258.55,1253.0,1254.35,18621
2022-01-10 13:15:00+05:30,1254.35,1254.45,1246.15,1247.1,6906
2022-01-10 13:30:00+05:30,1247.1,1249.0,1243.2,1246.5,4714
2022-01-10 13:45:00+05:30,1246.5,1246.9,1243.0,1244.55,2457
2022-01-10 14:00:00+05:30,1244.55,1245.95,1241.45,1243.4,5659
2022-01-10 14:15:00+05:30,1242.55,1252.55,1242.55,1248.0,8419
2022-01-10 14:30:00+05:30,1248.0,1248.85,1241.45,1241.7,9078
2022-01-10 14:45:00+05:30,1241.6,1244.6,1240.0,1242.35,3522
2022-01-10 15:00:00+05:30,1242.35,1243.85,1241.05,1241.35,2668
2022-01-10 15:15:00+05:30,1242.05,1249.3,1242.05,1242.95,9104
2022-01-10 15:30:00+05:30,1244.05,1245.1,1237.0,1243.95,20638
2022-01-11 09:30:00+05:30,1250.0,1250.4,1238.5,1243.35,13913
2022-01-11 09:45:00+05:30,1243.3,1245.45,1237.4,1240.45,9567
2022-01-11 10:00:00+05:30,1240.5,1246.0,1237.0,1239.95,9578
2022-01-11 10:15:00+05:30,1239.2,1240.0,1237.1,1239.25,5891
2022-01-11 10:30:00+05:30,1239.25,1240.0,1237.6,1239.95,3184
2022-01-11 10:45:00+05:30,1239.05,1240.85,1238.15,1238.15,4908
2022-01-11 11:00:00+05:30,1238.45,1239.8,1234.35,1236.15,5779
2022-01-11 11:15:00+05:30,1236.4,1239.3,1236.2,1236.7,2854
2022-01-11 11:30:00+05:30,1237.8,1238.9,1236.85,1237.0,1110
2022-01-11 11:45:00+05:30,1237.0,1238.0,1234.1,1235.15,4838
2022-01-11 12:00:00+05:30,1235.15,1236.9,1230.0,1234.85,5940
2022-01-11 12:15:00+05:30,1234.7,1235.8,1233.4,1234.8,2802
2022-01-11 12:30:00+05:30,1234.9,1235.6,1231.75,1232.85,5874
2022-01-11 12:45:00+05:30,1232.85,1235.0,1231.75,1233.65,3486
2022-01-11 13:00:00+05:30,1233.65,1233.65,1229.0,1230.25,5904
2022-01-11 13:15:00+05:30,1230.25,1231.5,1227.15,1229.6,4302
2022-01-11 13:30:00+05:30,1229.6,1229.7,1226.0,1229.65,3762
2022-01-11 13:45:00+05:30,1229.65,1230.0,1217.0,1219.0,23095
2022-01-11 14:00:00+05:30,1219.0,1219.0,1208.8,1214.2,22189
2022-01-11 14:15:00+05:30,1214.2,1214.85,1210.9,1213.5,12464
2022-01-11 14:30:00+05:30,1212.4,1212.95,1195.25,1205.4,40343
2022-01-11 14:45:00+05:30,1206.55,1209.5,1202.0,1205.8,8094
2022-01-11 15:00:00+05:30,1204.5,1210.0,1202.0,1206.6,11502
2022-01-11 15:15:00+05:30,1207.4,1208.5,1203.7,1206.0,13213
2022-01-11 15:30:00+05:30,1205.95,1206.5,1190.5,1198.5,43281
2022-01-12 09:30:00+05:30,1204.2,1221.65,1204.2,1217.85,24800
2022-01-12 09:45:00+05:30,1218.05,1218.4,1211.7,1215.95,16230
2022-01-12 10:00:00+05:30,1215.95,1217.5,1212.5,1213.85,6701
2022-01-12 10:15:00+05:30,1213.85,1216.65,1211.2,1212.0,12308
2022-01-12 10:30:00+05:30,1212.0,1212.0,1201.95,1204.95,11713
2022-01-12 10:45:00+05:30,1204.95,1207.5,1202.45,1204.55,4727
2022-01-12 11:00:00+05:30,1204.55,1204.55,1190.05,1193.3,16668
2022-01-12 11:15:00+05:30,1194.95,1200.0,1185.0,1198.3,20114
2022-01-12 11:30:00+05:30,1199.5,1199.5,1193.0,1197.05,5501
2022-01-12 11:45:00+05:30,1196.95,1197.45,1193.0,1195.85,3477
2022-01-12 12:00:00+05:30,1195.85,1198.95,1193.2,1193.35,4308
2022-01-12 12:15:00+05:30,1193.35,1198.0,1190.8,1197.05,6097
2022-01-12 12:30:00+05:30,1197.1,1198.6,1195.0,1197.2,3718
2022-01-12 12:45:00+05:30,1198.3,1199.0,1193.0,1195.15,5205
2022-01-12 13:00:00+05:30,1195.15,1200.0,1194.7,1196.05,5246
2022-01-12 13:15:00+05:30,1197.15,1199.0,1193.0,1193.6,4611
2022-01-12 13:30:00+05:30,1194.25,1194.6,1189.05,1193.85,8797
2022-01-12 13:45:00+05:30,1193.85,1196.0,1193.1,1196.0,1923
2022-01-12 14:00:00+05:30,1196.0,1196.0,1193.15,1195.85,2471
2022-01-12 14:15:00+05:30,1195.8,1196.5,1194.0,1195.0,4201
2022-01-12 14:30:00+05:30,1195.0,1196.5,1193.9,1195.0,2991
2022-01-12 14:45:00+05:30,1194.1,1196.0,1193.5,1194.4,5992
2022-01-12 15:00:00+05:30,1194.4,1195.0,1191.9,1192.9,8883
2022-01-12 15:15:00+05:30,1192.6,1212.0,1192.6,1212.0,21424
2022-01-12 15:30:00+05:30,1211.5,1211.5,1195.8,1199.0,30104
2022-01-13 09:30:00+05:30,1208.25,1209.25,1199.0,1207.5,15239
2022-01-13 09:45:00+05:30,1207.5,1208.65,1205.0,1206.0,7354
2022-01-13 10:00:00+05:30,1206.0,1213.35,1200.25,1201.25,15039
2022-01-13 10:15:00+05:30,1202.05,1203.3,1192.95,1192.95,11169
2022-01-13 10:30:00+05:30,1193.7,1201.4,1192.3,1198.5,6572
2022-01-13 10:45:00+05:30,1198.5,1200.95,1197.6,1199.6,4280
2022-01-13 11:00:00+05:30,1199.6,1200.0,1197.0,1199.9,5015
2022-01-13 11:15:00+05:30,1199.9,1199.9,1195.0,1198.45,6371
2022-01-13 11:30:00+05:30,1198.45,1198.85,1196.05,1197.15,2303
2022-01-13 11:45:00+05:30,1197.0,1200.0,1196.2,1200.0,10868
2022-01-13 12:00:00+05:30,1200.0,1200.0,1198.0,1198.0,5304
2022-01-13 12:15:00+05:30,1198.75,1200.0,1193.95,1195.85,7091
2022-01-13 12:30:00+05:30,1195.85,1199.05,1194.05,1195.0,4902
2022-01-13 12:45:00+05:30,1195.0,1195.9,1190.9,1194.3,7122
2022-01-13 13:00:00+05:30,1194.3,1197.3,1194.0,1197.3,2213
2022-01-13 13:15:00+05:30,1197.3,1197.95,1195.0,1197.15,3479
2022-01-13 13:30:00+05:30,1197.15,1197.45,1193.65,1196.7,4387
2022-01-13 13:45:00+05:30,1196.7,1197.0,1195.3,1196.75,1344
2022-01-13 14:00:00+05:30,1196.8,1199.2,1196.5,1198.25,4030
2022-01-13 14:15:00+05:30,1198.25,1199.75,1195.4,1195.45,4009
2022-01-13 14:30:00+05:30,1195.45,1198.05,1192.75,1198.05,7945
2022-01-13 14:45:00+05:30,1196.95,1200.0,1196.0,1198.65,16851
2022-01-13 15:00:00+05:30,1198.6,1200.0,1192.0,1195.4,12218
2022-01-13 15:15:00+05:30,1195.45,1197.0,1190.0,1191.95,14373
2022-01-13 15:30:00+05:30,1191.25,1194.75,1188.4,1192.5,17463
2022-01-14 09:30:00+05:30,1189.0,1215.0,1183.7,1205.6,28123
2022-01-14 09:45:00+05:30,1205.6,1207.75,1200.25,1202.65,11870
2022-01-14 10:00:00+05:30,1202.55,1202.55,1195.0,1196.95,15853
2022-01-14 10:15:00+05:30,1196.95,1200.0,1195.15,1199.95,5756
2022-01-14 10:30:00+05:30,1199.1,1201.0,1197.3,1198.15,12875
2022-01-14 10:45:00+05:30,1198.15,1200.0,1197.05,1197.5,3496
2022-01-14 11:00:00+05:30,1197.5,1199.95,1196.4,1197.85,2652
2022-01-14 11:15:00+05:30,1197.85,1198.3,1196.0,1197.4,1518
2022-01-14 11:30:00+05:30,1197.4,1197.4,1195.05,1195.1,2047
2022-01-14 11:45:00+05:30,1196.6,1196.6,1193.0,1195.4,3553
2022-01-14 12:00:00+05:30,1195.4,1200.0,1194.4,1199.2,7587
2022-01-14 12:15:00+05:30,1200.0,1201.05,1197.85,1199.35,10761
2022-01-14 12:30:00+05:30,1199.3,1200.0,1198.25,1199.0,1732
2022-01-14 12:45:00+05:30,1199.0,1200.0,1198.0,1199.75,2037
2022-01-14 13:00:00+05:30,1199.75,1199.95,1195.65,1196.95,2809
2022-01-14 13:15:00+05:30,1197.0,1199.1,1196.7,1199.1,1820
2022-01-14 13:30:00+05:30,1199.1,1199.1,1198.0,1198.0,1290
2022-01-14 13:45:00+05:30,1198.0,1199.95,1195.0,1196.4,9349
2022-01-14 14:00:00+05:30,1196.4,1199.4,1196.4,1198.45,4163
2022-01-14 14:15:00+05:30,1198.45,1198.65,1196.4,1198.45,1889
2022-01-14 14:30:00+05:30,1198.45,1199.6,1197.35,1198.1,1764
2022-01-14 14:45:00+05:30,1198.8,1199.85,1189.0,1189.7,10592
2022-01-14 15:00:00+05:30,1190.0,1190.0,1187.0,1188.5,6501
2022-01-14 15:15:00+05:30,1188.95,1191.0,1188.65,1190.0,8463
2022-01-14 15:30:00+05:30,1190.0,1190.7,1184.45,1185.0,27521
2022-01-17 09:30:00+05:30,1194.45,1202.0,1182.1,1184.4,31419
2022-01-17 09:45:00+05:30,1184.75,1189.95,1183.05,1184.75,11010
2022-01-17 10:00:00+05:30,1184.55,1185.4,1180.7,1180.7,9567
2022-01-17 10:15:00+05:30,1179.1,1182.95,1179.05,1182.3,14247
2022-01-17 10:30:00+05:30,1181.2,1183.2,1176.45,1183.2,10900
2022-01-17 10:45:00+05:30,1183.0,1187.15,1183.0,1184.5,11462
2022-01-17 11:00:00+05:30,1183.65,1185.35,1179.95,1182.15,6380
2022-01-17 11:15:00+05:30,1181.15,1182.2,1178.25,1181.55,9488
2022-01-17 11:30:00+05:30,1181.4,1182.3,1178.4,1178.6,6542
2022-01-17 11:45:00+05:30,1179.35,1180.0,1178.35,1179.45,2669
2022-01-17 12:00:00+05:30,1179.45,1180.0,1178.6,1180.0,1643
2022-01-17 12:15:00+05:30,1180.0,1180.0,1177.2,1178.0,7863
2022-01-17 12:30:00+05:30,1178.0,1179.05,1177.3,1177.75,3854
2022-01-17 12:45:00+05:30,1178.0,1178.75,1177.5,1177.65,3662
2022-01-17 13:00:00+05:30,1178.0,1178.05,1177.1,1177.95,3341
2022-01-17 13:15:00+05:30,1178.0,1178.0,1177.0,1178.0,2266
2022-01-17 13:30:00+05:30,1178.0,1178.0,1177.05,1178.0,2393
2022-01-17 13:45:00+05:30,1178.0,1178.0,1177.0,1177.8,1937
2022-01-17 14:00:00+05:30,1177.8,1178.0,1175.0,1175.95,9403
2022-01-17 14:15:00+05:30,1175.05,1176.35,1172.0,1174.95,10294
2022-01-17 14:30:00+05:30,1174.95,1175.0,1173.55,1174.85,4899
2022-01-17 14:45:00+05:30,1174.85,1175.0,1166.5,1170.85,17033
2022-01-17 15:00:00+05:30,1170.85,1174.95,1169.5,1170.85,12346
2022-01-17 15:15:00+05:30,1170.25,1175.0,1168.0,1169.3,24747
2022-01-17 15:30:00+05:30,1170.0,1171.0,1168.0,1170.0,19730
2022-01-18 09:30:00+05:30,1179.0,1186.6,1172.8,1174.0,25222
2022-01-18 09:45:00+05:30,1173.7,1176.95,1167.45,1171.5,12702
2022-01-18 10:00:00+05:30,1171.5,1173.6,1167.65,1168.95,6658
2022-01-18 10:15:00+05:30,1168.1,1172.25,1167.55,1170.0,7041
2022-01-18 10:30:00+05:30,1170.0,1170.0,1162.1,1166.65,13189
2022-01-18 10:45:00+05:30,1166.5,1167.2,1164.5,1165.0,4138
2022-01-18 11:00:00+05:30,1165.0,1166.7,1163.2,1164.1,4250
2022-01-18 11:15:00+05:30,1164.1,1166.6,1163.0,1164.55,3586
2022-01-18 11:30:00+05:30,1164.55,1166.0,1163.1,1165.0,6553
2022-01-18 11:45:00+05:30,1164.0,1165.0,1163.5,1164.45,3098
2022-01-18 12:00:00+05:30,1164.45,1165.0,1162.0,1164.8,3059
2022-01-18 12:15:00+05:30,1164.85,1165.0,1162.1,1163.95,3499
2022-01-18 12:30:00+05:30,1163.95,1165.0,1159.0,1160.0,15342
2022-01-18 12:45:00+05:30,1159.85,1160.9,1159.0,1159.9,5034
2022-01-18 13:00:00+05:30,1159.9,1159.9,1155.05,1156.55,9344
2022-01-18 13:15:00+05:30,1156.55,1156.85,1155.0,1155.75,7476
2022-01-18 13:30:00+05:30,1155.75,1156.0,1154.1,1155.95,4706
2022-01-18 13:45:00+05:30,1155.95,1156.9,1149.0,1149.0,13677
2022-01-18 14:00:00+05:30,1149.65,1150.0,1147.0,1149.5,9411
2022-01-18 14:15:00+05:30,1150.0,1150.0,1147.0,1148.6,5151
2022-01-18 14:30:00+05:30,1149.45,1149.8,1141.7,1144.0,9277
2022-01-18 14:45:00+05:30,1143.65,1146.1,1141.0,1143.4,11394
2022-01-18 15:00:00+05:30,1142.15,1147.25,1141.0,1143.4,8798
2022-01-18 15:15:00+05:30,1143.95,1148.45,1142.25,1142.25,18962
2022-01-18 15:30:00+05:30,1143.05,1147.0,1140.0,1146.5,19087
2022-01-19 09:30:00+05:30,1135.0,1141.7,1126.05,1134.05,28124
2022-01-19 09:45:00+05:30,1134.8,1135.9,1120.85,1130.05,30530
2022-01-19 10:00:00+05:30,1130.05,1136.3,1127.75,1135.4,9626
2022-01-19 10:15:00+05:30,1136.0,1136.25,1132.7,1135.7,4904
2022-01-19 10:30:00+05:30,1135.95,1141.6,1132.5,1134.75,8460
2022-01-19 10:45:00+05:30,1134.0,1138.0,1133.9,1138.0,3184
2022-01-19 11:00:00+05:30,1138.4,1138.4,1133.0,1133.65,3235
2022-01-19 11:15:00+05:30,1133.65,1136.75,1133.65,1135.4,2605
2022-01-19 11:30:00+05:30,1135.4,1136.0,1130.3,1133.0,2904
2022-01-19 11:45:00+05:30,1132.75,1136.0,1131.05,1135.0,2731
2022-01-19 12:00:00+05:30,1135.0,1137.05,1134.4,1136.0,2420
2022-01-19 12:15:00+05:30,1136.0,1136.75,1134.0,1135.0,2106
2022-01-19 12:30:00+05:30,1135.0,1137.95,1134.0,1135.05,2771
2022-01-19 12:45:00+05:30,1135.05,1135.5,1132.6,1133.55,2044
2022-01-19 13:00:00+05:30,1133.55,1135.3,1125.0,1125.85,7427
2022-01-19 13:15:00+05:30,1125.85,1132.4,1125.25,1131.3,7345
2022-01-19 13:30:00+05:30,1131.75,1135.1,1131.1,1133.1,2670
2022-01-19 13:45:00+05:30,1133.15,1134.75,1129.2,1134.75,2733
2022-01-19 14:00:00+05:30,1134.75,1136.0,1133.0,1135.85,3964
2022-01-19 14:15:00+05:30,1135.85,1136.0,1134.55,1135.7,2314
2022-01-19 14:30:00+05:30,1135.7,1136.0,1135.0,1136.0,1277
2022-01-19 14:45:00+05:30,1136.0,1136.0,1134.15,1136.0,3119
2022-01-19 15:00:00+05:30,1136.0,1136.6,1133.7,1135.0,4068
2022-01-19 15:15:00+05:30,1135.0,1137.0,1133.8,1134.55,18050
2022-01-19 15:30:00+05:30,1134.05,1137.45,1134.05,1136.0,15409
2022-01-20 09:30:00+05:30,1143.7,1158.65,1140.05,1150.0,30946
2022-01-20 09:45:00+05:30,1150.0,1157.0,1150.0,1156.8,14009
2022-01-20 10:00:00+05:30,1155.8,1158.0,1152.0,1155.9,10440
2022-01-20 10:15:00+05:30,1155.95,1184.6,1154.3,1176.65,88180
2022-01-20 10:30:00+05:30,1176.75,1181.0,1172.05,1174.0,31312
2022-01-20 10:45:00+05:30,1174.0,1179.85,1171.65,1172.1,24752
2022-01-20 11:00:00+05:30,1172.1,1172.3,1165.25,1168.0,18373
2022-01-20 11:15:00+05:30,1168.6,1171.75,1165.3,1171.3,20105
2022-01-20 11:30:00+05:30,1171.3,1172.65,1167.9,1167.95,5681
2022-01-20 11:45:00+05:30,1167.95,1172.0,1157.0,1157.0,16065
2022-01-20 12:00:00+05:30,1157.0,1161.85,1148.0,1150.45,25751
2022-01-20 12:15:00+05:30,1150.45,1151.5,1148.0,1150.0,11077
2022-01-20 12:30:00+05:30,1150.0,1157.85,1148.2,1155.05,6338
2022-01-20 12:45:00+05:30,1155.05,1158.3,1155.05,1158.3,5819
2022-01-20 13:00:00+05:30,1158.3,1158.5,1156.1,1157.85,2903
2022-01-20 13:15:00+05:30,1157.85,1157.85,1151.0,1151.9,4923
2022-01-20 13:30:00+05:30,1151.9,1151.9,1147.0,1149.65,8101
2022-01-20 13:45:00+05:30,1149.65,1153.95,1148.0,1153.0,3922
2022-01-20 14:00:00+05:30,1153.0,1153.0,1147.6,1147.95,5884
2022-01-20 14:15:00+05:30,1147.95,1151.0,1144.05,1151.0,9677
2022-01-20 14:30:00+05:30,1151.0,1151.8,1148.7,1149.5,4484
2022-01-20 14:45:00+05:30,1149.5,1150.85,1147.0,1150.0,4308
2022-01-20 15:00:00+05:30,1150.0,1153.9,1149.25,1152.05,4529
2022-01-20 15:15:00+05:30,1152.05,1153.35,1146.0,1147.35,12310
2022-01-20 15:30:00+05:30,1146.4,1150.0,1145.25,1149.9,22727
2022-01-21 09:30:00+05:30,1148.5,1175.0,1144.8,1148.6,21424
2022-01-21 09:45:00+05:30,1149.45,1161.4,1149.2,1159.1,16653
2022-01-21 10:00:00+05:30,1159.1,1167.0,1158.75,1161.85,11186
2022-01-21 10:15:00+05:30,1161.65,1164.95,1155.7,1156.8,12364
2022-01-21 10:30:00+05:30,1156.8,1160.0,1155.55,1158.05,4908
2022-01-21 10:45:00+05:30,1158.5,1159.4,1154.1,1155.55,3428
2022-01-21 11:00:00+05:30,1155.55,1155.55,1150.0,1155.0,7114
2022-01-21 11:15:00+05:30,1155.0,1157.0,1151.6,1153.0,4853
2022-01-21 11:30:00+05:30,1152.85,1155.0,1150.75,1151.55,3047
2022-01-21 11:45:00+05:30,1152.6,1153.95,1149.0,1151.35,5059
2022-01-21 12:00:00+05:30,1151.35,1152.8,1149.0,1150.3,2171
2022-01-21 12:15:00+05:30,1150.3,1150.7,1148.0,1149.0,2318
2022-01-21 12:30:00+05:30,1149.0,1150.8,1148.4,1150.0,4703
2022-01-21 12:45:00+05:30,1150.0,1150.0,1145.1,1147.0,2855
2022-01-21 13:00:00+05:30,1147.0,1148.35,1144.8,1146.0,3066
2022-01-21 13:15:00+05:30,1146.0,1146.0,1141.75,1145.05,4495
2022-01-21 13:30:00+05:30,1144.65,1144.65,1136.0,1138.1,5767
2022-01-21 13:45:00+05:30,1138.1,1141.9,1136.0,1136.0,5842
2022-01-21 14:00:00+05:30,1136.45,1143.3,1135.0,1140.7,5982
2022-01-21 14:15:00+05:30,1140.7,1147.05,1140.35,1141.0,5213
2022-01-21 14:30:00+05:30,1141.05,1141.85,1136.0,1136.8,2809
2022-01-21 14:45:00+05:30,1136.2,1138.0,1130.0,1131.3,5248
2022-01-21 15:00:00+05:30,1131.35,1136.35,1113.75,1114.1,19722
2022-01-21 15:15:00+05:30,1116.95,1119.4,1105.0,1114.0,31281
2022-01-21 15:30:00+05:30,1114.0,1120.0,1112.75,1120.0,26171
2022-01-24 09:30:00+05:30,1114.7,1118.65,1075.6,1076.9,41388
2022-01-24 09:45:00+05:30,1078.3,1078.3,1040.0,1073.0,77854
2022-01-24 10:00:00+05:30,1072.85,1086.3,1068.95,1075.15,28249
2022-01-24 10:15:00+05:30,1075.0,1077.25,1066.0,1066.6,20088
2022-01-24 10:30:00+05:30,1064.85,1064.85,1055.2,1061.5,21019
2022-01-24 10:45:00+05:30,1061.5,1067.95,1059.05,1066.05,13500
2022-01-24 11:00:00+05:30,1066.05,1070.9,1058.15,1065.25,25040
2022-01-24 11:15:00+05:30,1066.35,1070.4,1066.35,1068.95,8555
2022-01-24 11:30:00+05:30,1068.95,1070.3,1065.35,1069.1,10339
2022-01-24 11:45:00+05:30,1069.0,1070.0,1065.85,1069.3,5888
2022-01-24 12:00:00+05:30,1069.3,1069.55,1061.0,1064.5,8654
2022-01-24 12:15:00+05:30,1064.5,1064.85,1061.0,1063.95,8774
2022-01-24 12:30:00+05:30,1062.85,1068.2,1061.0,1067.05,13341
2022-01-24 12:45:00+05:30,1066.95,1067.9,1063.0,1066.0,12511
2022-01-24 13:00:00+05:30,1066.45,1069.7,1065.0,1067.15,7891
2022-01-24 13:15:00+05:30,1067.4,1070.6,1065.05,1068.7,11594
2022-01-24 13:30:00+05:30,1068.7,1070.1,1065.0,1065.6,10978
2022-01-24 13:45:00+05:30,1065.6,1066.25,1061.05,1062.0,8368
2022-01-24 14:00:00+05:30,1062.0,1065.0,1058.55,1061.7,11707
2022-01-24 14:15:00+05:30,1061.7,1063.55,1052.7,1054.45,18095
2022-01-24 14:30:00+05:30,1053.45,1071.15,1053.45,1065.9,14189
2022-01-24 14:45:00+05:30,1065.9,1069.9,1051.0,1053.3,9913
2022-01-24 15:00:00+05:30,1053.05,1053.9,1043.45,1048.3,20296
2022-01-24 15:15:00+05:30,1048.25,1053.95,1045.0,1045.55,22639
2022-01-24 15:30:00+05:30,1045.6,1057.7,1043.0,1057.0,22925
2022-01-25 09:30:00+05:30,1039.7,1091.9,1027.1,1081.95,42621
2022-01-25 09:45:00+05:30,1082.85,1135.0,1082.85,1130.9,79051
2022-01-25 10:00:00+05:30,1131.0,1132.0,1111.5,1122.3,50883
2022-01-25 10:15:00+05:30,1122.3,1122.95,1095.05,1101.0,36779
2022-01-25 10:30:00+05:30,1100.1,1103.15,1091.1,1095.0,11705
2022-01-25 10:45:00+05:30,1095.15,1101.0,1094.1,1097.15,12426
2022-01-25 11:00:00+05:30,1096.85,1100.0,1092.75,1098.0,12326
2022-01-25 11:15:00+05:30,1098.65,1102.4,1098.0,1099.0,6483
2022-01-25 11:30:00+05:30,1099.0,1100.0,1097.0,1100.0,21080
2022-01-25 11:45:00+05:30,1100.0,1100.0,1097.0,1097.65,9132
2022-01-25 12:00:00+05:30,1097.65,1098.8,1097.0,1098.05,4102
2022-01-25 12:15:00+05:30,1098.75,1100.0,1097.15,1098.8,8029
2022-01-25 12:30:00+05:30,1098.8,1099.8,1097.6,1099.45,2240
2022-01-25 12:45:00+05:30,1099.45,1100.0,1098.0,1098.05,2779
2022-01-25 13:00:00+05:30,1098.15,1099.45,1096.5,1096.9,8694
2022-01-25 13:15:00+05:30,1096.8,1098.15,1096.5,1097.05,3843
2022-01-25 13:30:00+05:30,1097.85,1099.0,1096.25,1097.85,8418
2022-01-25 13:45:00+05:30,1097.85,1099.0,1096.25,1097.75,4180
2022-01-25 14:00:00+05:30,1097.75,1099.0,1096.25,1097.5,3946
2022-01-25 14:15:00+05:30,1098.15,1099.0,1096.25,1097.05,3317
2022-01-25 14:30:00+05:30,1097.9,1099.0,1096.25,1098.25,5105
2022-01-25 14:45:00+05:30,1098.4,1099.0,1097.2,1098.0,5466
2022-01-25 15:00:00+05:30,1098.0,1099.0,1097.2,1098.15,5967
2022-01-25 15:15:00+05:30,1098.2,1102.05,1095.75,1101.1,38409
2022-01-25 15:30:00+05:30,1100.3,1101.15,1091.4,1098.6,22052
2022-01-27 09:30:00+05:30,1098.55,1116.6,1063.0,1075.8,52854
2022-01-27 09:45:00+05:30,1075.55,1075.65,1064.0,1065.35,26026
2022-01-27 10:00:00+05:30,1065.7,1074.55,1064.2,1072.0,14639
2022-01-27 10:15:00+05:30,1071.95,1075.7,1065.2,1072.45,13575
2022-01-27 10:30:00+05:30,1072.0,1077.0,1071.0,1073.1,26532
2022-01-27 10:45:00+05:30,1072.5,1076.6,1071.0,1073.25,26754
2022-01-27 11:00:00+05:30,1073.25,1075.05,1071.25,1072.4,5659
2022-01-27 11:15:00+05:30,1072.85,1073.3,1070.0,1070.9,8684
2022-01-27 11:30:00+05:30,1070.9,1075.0,1070.0,1070.05,9419
2022-01-27 11:45:00+05:30,1070.4,1075.4,1070.0,1074.25,4353
2022-01-27 12:00:00+05:30,1074.95,1075.75,1072.55,1074.0,4147
2022-01-27 12:15:00+05:30,1074.5,1075.45,1071.0,1071.35,4654
2022-01-27 12:30:00+05:30,1071.35,1076.45,1071.0,1075.0,9129
2022-01-27 12:45:00+05:30,1074.9,1075.75,1074.0,1074.9,6691
2022-01-27 13:00:00+05:30,1074.9,1075.85,1072.25,1073.15,9089
2022-01-27 13:15:00+05:30,1072.7,1076.95,1071.15,1074.7,23759
2022-01-27 13:30:00+05:30,1074.55,1076.55,1074.0,1074.45,13440
2022-01-27 13:45:00+05:30,1075.55,1075.7,1072.05,1075.1,13891
2022-01-27 14:00:00+05:30,1075.1,1075.7,1072.55,1074.5,3444
2022-01-27 14:15:00+05:30,1074.55,1077.0,1074.0,1074.7,6093
2022-01-27 14:30:00+05:30,1074.75,1076.55,1074.55,1075.35,6484
2022-01-27 14:45:00+05:30,1075.0,1076.0,1067.15,1070.0,22096
2022-01-27 15:00:00+05:30,1070.0,1070.95,1068.35,1069.0,5162
2022-01-27 15:15:00+05:30,1068.95,1071.05,1065.45,1070.0,7161
2022-01-27 15:30:00+05:30,1070.0,1072.15,1066.0,1070.0,16035
2022-01-28 09:30:00+05:30,1042.0,1083.55,1041.0,1073.0,59654
2022-01-28 09:45:00+05:30,1073.8,1076.25,1070.0,1071.35,22850
2022-01-28 10:00:00+05:30,1071.35,1075.2,1065.0,1074.0,47397
2022-01-28 10:15:00+05:30,1074.0,1079.95,1071.15,1079.2,16644
2022-01-28 10:30:00+05:30,1078.05,1089.65,1073.9,1085.4,21183
2022-01-28 10:45:00+05:30,1085.4,1087.4,1082.0,1086.85,15751
2022-01-28 11:00:00+05:30,1086.05,1094.55,1085.65,1090.15,14683
2022-01-28 11:15:00+05:30,1090.15,1090.2,1084.0,1084.0,12711
2022-01-28 11:30:00+05:30,1084.0,1088.75,1084.0,1086.0,11157
2022-01-28 11:45:00+05:30,1086.0,1089.85,1085.65,1086.3,7714
2022-01-28 12:00:00+05:30,1086.3,1088.2,1085.0,1086.15,4871
2022-01-28 12:15:00+05:30,1086.15,1092.0,1085.0,1091.9,4891
2022-01-28 12:30:00+05:30,1091.9,1104.5,1088.0,1088.95,30490
2022-01-28 12:45:00+05:30,1088.95,1098.0,1087.85,1097.0,15798
2022-01-28 13:00:00+05:30,1096.95,1103.45,1096.25,1101.85,7802
2022-01-28 13:15:00+05:30,1102.0,1104.0,1095.95,1103.2,11064
2022-01-28 13:30:00+05:30,1103.7,1115.0,1098.95,1114.6,20792
2022-01-28 13:45:00+05:30,1114.6,1114.6,1100.0,1101.05,10112
2022-01-28 14:00:00+05:30,1101.05,1102.7,1095.0,1095.95,32340
2022-01-28 14:15:00+05:30,1095.15,1097.8,1065.5,1075.0,46784
2022-01-28 14:30:00+05:30,1075.0,1085.9,1070.35,1075.0,13817
2022-01-28 14:45:00+05:30,1075.0,1076.6,1070.85,1074.0,7435
2022-01-28 15:00:00+05:30,1073.55,1076.25,1065.1,1067.6,12713
2022-01-28 15:15:00+05:30,1068.05,1069.4,1061.05,1065.0,12332
2022-01-28 15:30:00+05:30,1065.8,1071.75,1062.1,1070.65,15426
2022-01-31 09:30:00+05:30,1066.55,1094.95,1066.55,1081.25,24258
2022-01-31 09:45:00+05:30,1082.65,1092.9,1082.0,1091.2,14375
2022-01-31 10:00:00+05:30,1089.95,1091.05,1084.05,1084.45,8045
2022-01-31 10:15:00+05:30,1085.35,1087.5,1083.0,1085.8,8122
2022-01-31 10:30:00+05:30,1086.6,1092.85,1084.0,1088.7,9769
2022-01-31 10:45:00+05:30,1088.7,1089.95,1081.65,1082.65,6795
2022-01-31 11:00:00+05:30,1082.65,1087.05,1080.55,1085.45,6079
2022-01-31 11:15:00+05:30,1085.45,1089.1,1084.0,1088.5,2040
2022-01-31 11:30:00+05:30,1088.5,1089.1,1084.65,1088.0,8788
2022-01-31 11:45:00+05:30,1088.0,1088.0,1085.9,1087.2,2191
2022-01-31 12:00:00+05:30,1087.2,1091.5,1086.05,1090.5,5152
2022-01-31 12:15:00+05:30,1091.5,1092.0,1087.9,1090.9,3262
2022-01-31 12:30:00+05:30,1090.35,1091.25,1087.0,1087.0,9120
2022-01-31 12:45:00+05:30,1087.0,1087.65,1082.5,1084.2,4331
2022-01-31 13:00:00+05:30,1084.2,1088.4,1083.1,1087.0,3130
2022-01-31 13:15:00+05:30,1086.6,1088.0,1086.0,1086.75,1539
2022-01-31 13:30:00+05:30,1086.75,1089.85,1086.3,1087.8,3853
2022-01-31 13:45:00+05:30,1087.8,1089.35,1085.7,1088.85,4411
2022-01-31 14:00:00+05:30,1088.85,1088.85,1083.85,1084.5,1315
2022-01-31 14:15:00+05:30,1084.5,1087.05,1081.6,1082.25,5698
2022-01-31 14:30:00+05:30,1082.25,1083.95,1082.0,1082.65,2394
2022-01-31 14:45:00+05:30,1082.1,1087.5,1081.15,1083.95,5569
2022-01-31 15:00:00+05:30,1083.95,1086.5,1081.0,1083.2,3454
2022-01-31 15:15:00+05:30,1083.2,1084.6,1072.2,1072.2,9785
2022-01-31 15:30:00+05:30,1073.05,1079.95,1071.1,1074.3,17843
2022-02-01 09:30:00+05:30,1076.0,1095.0,1076.0,1080.85,18832
2022-02-01 09:45:00+05:30,1078.35,1087.4,1078.2,1085.1,22481
2022-02-01 10:00:00+05:30,1085.55,1086.35,1085.0,1086.0,4628
2022-02-01 10:15:00+05:30,1085.95,1090.25,1085.0,1090.25,14949
2022-02-01 10:30:00+05:30,1090.25,1092.0,1090.0,1090.8,6449
2022-02-01 10:45:00+05:30,1090.8,1091.6,1088.5,1088.5,9206
2022-02-01 11:00:00+05:30,1088.5,1089.35,1080.05,1080.8,6197
2022-02-01 11:15:00+05:30,1081.0,1081.0,1076.85,1077.55,7277
2022-02-01 11:30:00+05:30,1077.55,1078.65,1066.1,1066.65,16064
2022-02-01 11:45:00+05:30,1066.65,1069.3,1056.0,1059.5,20037
2022-02-01 12:00:00+05:30,1059.45,1065.65,1055.0,1058.75,26593
2022-02-01 12:15:00+05:30,1058.6,1062.85,1054.55,1061.55,17474
2022-02-01 12:30:00+05:30,1061.55,1062.8,1057.95,1060.5,5183
2022-02-01 12:45:00+05:30,1060.5,1068.3,1057.0,1064.7,27878
2022-02-01 13:00:00+05:30,1066.1,1067.0,1062.45,1065.9,8969
2022-02-01 13:15:00+05:30,1065.1,1066.3,1046.55,1048.5,38467
2022-02-01 13:30:00+05:30,1049.0,1056.8,1045.7,1053.95,23850
2022-02-01 13:45:00+05:30,1053.95,1057.5,1052.75,1055.15,7813
2022-02-01 14:00:00+05:30,1055.15,1059.8,1054.65,1058.6,8165
2022-02-01 14:15:00+05:30,1058.2,1064.0,1058.2,1062.0,11337
2022-02-01 14:30:00+05:30,1062.0,1067.35,1060.45,1063.6,10988
2022-02-01 14:45:00+05:30,1064.15,1066.95,1060.25,1066.95,7031
2022-02-01 15:00:00+05:30,1066.1,1067.45,1057.2,1058.95,13739
2022-02-01 15:15:00+05:30,1059.4,1064.45,1056.55,1064.05,9189
2022-02-01 15:30:00+05:30,1063.05,1067.7,1060.0,1067.7,19974
2022-02-02 09:30:00+05:30,1074.25,1083.05,1064.45,1075.5,24499
2022-02-02 09:45:00+05:30,1076.5,1081.55,1075.0,1080.05,12271
2022-02-02 10:00:00+05:30,1080.05,1080.25,1075.75,1078.25,5374
2022-02-02 10:15:00+05:30,1078.25,1079.6,1075.0,1077.9,3422
2022-02-02 10:30:00+05:30,1077.9,1077.9,1073.3,1074.0,5044
2022-02-02 10:45:00+05:30,1074.0,1074.0,1070.05,1072.45,5616
2022-02-02 11:00:00+05:30,1072.45,1079.3,1071.65,1078.45,9746
2022-02-02 11:15:00+05:30,1078.5,1079.45,1076.7,1077.0,3396
2022-02-02 11:30:00+05:30,1077.0,1079.0,1075.25,1076.0,7175
2022-02-02 11:45:00+05:30,1076.0,1078.1,1075.6,1076.55,3368
2022-02-02 12:00:00+05:30,1076.55,1077.75,1075.95,1076.9,1258
2022-02-02 12:15:00+05:30,1076.9,1077.55,1069.25,1072.3,23045
2022-02-02 12:30:00+05:30,1071.7,1077.75,1071.05,1074.1,17450
2022-02-02 12:45:00+05:30,1074.1,1077.2,1074.1,1077.0,4502
2022-02-02 13:00:00+05:30,1077.0,1077.2,1074.05,1076.5,6530
2022-02-02 13:15:00+05:30,1076.5,1076.85,1075.0,1075.0,3326
2022-02-02 13:30:00+05:30,1075.0,1076.75,1075.0,1076.05,2704
2022-02-02 13:45:00+05:30,1076.05,1077.0,1075.0,1076.05,4336
2022-02-02 14:00:00+05:30,1075.75,1076.8,1075.0,1076.3,2809
2022-02-02 14:15:00+05:30,1076.3,1076.95,1075.5,1076.3,3613
2022-02-02 14:30:00+05:30,1077.45,1077.45,1075.8,1076.0,3770
2022-02-02 14:45:00+05:30,1076.0,1076.55,1075.0,1075.35,5486
2022-02-02 15:00:00+05:30,1075.15,1076.45,1070.7,1072.65,5156
2022-02-02 15:15:00+05:30,1072.3,1075.6,1071.8,1075.3,7354
2022-02-02 15:30:00+05:30,1075.05,1078.4,1073.5,1077.6,10151
2022-02-03 09:30:00+05:30,1080.0,1104.9,1075.25,1092.8,41016
2022-02-03 09:45:00+05:30,1092.7,1097.55,1090.5,1091.9,17035
2022-02-03 10:00:00+05:30,1091.9,1096.8,1088.0,1094.05,13387
2022-02-03 10:15:00+05:30,1094.75,1096.1,1090.15,1094.45,9282
2022-02-03 10:30:00+05:30,1093.2,1094.45,1089.2,1090.05,4526
2022-02-03 10:45:00+05:30,1089.05,1092.55,1086.0,1091.1,19247
2022-02-03 11:00:00+05:30,1091.1,1097.65,1091.0,1095.0,13027
2022-02-03 11:15:00+05:30,1095.0,1095.9,1091.0,1092.6,5488
2022-02-03 11:30:00+05:30,1092.6,1093.95,1091.0,1091.9,4178
2022-02-03 11:45:00+05:30,1091.9,1092.35,1091.0,1091.0,4534
2022-02-03 12:00:00+05:30,1091.0,1091.85,1086.5,1086.5,5532
2022-02-03 12:15:00+05:30,1086.5,1088.85,1085.4,1085.55,6467
2022-02-03 12:30:00+05:30,1085.55,1090.55,1085.5,1086.95,5888
2022-02-03 12:45:00+05:30,1086.95,1089.7,1083.55,1085.7,9178
2022-02-03 13:00:00+05:30,1085.6,1087.0,1081.35,1081.35,3789
2022-02-03 13:15:00+05:30,1082.35,1084.95,1078.25,1084.2,9929
2022-02-03 13:30:00+05:30,1084.15,1085.35,1080.6,1083.0,3659
2022-02-03 13:45:00+05:30,1083.0,1083.35,1079.0,1079.2,3034
2022-02-03 14:00:00+05:30,1079.2,1080.05,1040.0,1059.15,103787
2022-02-03 14:15:00+05:30,1060.15,1079.0,1052.1,1073.05,101048
2022-02-03 14:30:00+05:30,1072.65,1085.0,1054.0,1063.7,82693
2022-02-03 14:45:00+05:30,1063.7,1068.0,1055.0,1059.0,34369
2022-02-03 15:00:00+05:30,1059.0,1059.0,1045.0,1047.25,69017
2022-02-03 15:15:00+05:30,1048.35,1052.45,1047.2,1050.1,33557
2022-02-03 15:30:00+05:30,1050.7,1055.0,1046.0,1055.0,42613
2022-02-04 09:30:00+05:30,1040.0,1050.6,1014.0,1017.25,96254
2022-02-04 09:45:00+05:30,1017.1,1018.35,996.3,999.95,160587
2022-02-04 10:00:00+05:30,999.9,1000.45,998.5,998.6,66790
2022-02-04 10:15:00+05:30,999.0,1001.0,989.0,996.4,103344
2022-02-04 10:30:00+05:30,995.75,996.35,985.1,992.8,316892
2022-02-04 10:45:00+05:30,992.8,1028.7,992.2,1012.7,177852
2022-02-04 11:00:00+05:30,1012.0,1013.7,1002.0,1010.0,60686
2022-02-04 11:15:00+05:30,1010.45,1012.5,1002.9,1010.5,60836
2022-02-04 11:30:00+05:30,1010.2,1012.45,1003.4,1006.2,54201
2022-02-04 11:45:00+05:30,1006.0,1007.9,1000.0,1005.7,54341
2022-02-04 12:00:00+05:30,1005.7,1013.45,1005.5,1010.85,39885
2022-02-04 12:15:00+05:30,1010.85,1017.4,1010.35,1016.95,39394
2022-02-04 12:30:00+05:30,1016.95,1032.85,1015.3,1024.0,87313
2022-02-04 12:45:00+05:30,1024.0,1032.0,1022.9,1024.6,39086
2022-02-04 13:00:00+05:30,1024.8,1026.9,1018.15,1019.25,28940
2022-02-04 13:15:00+05:30,1019.55,1024.05,1018.0,1018.9,27419
2022-02-04 13:30:00+05:30,1018.9,1019.2,998.25,1003.2,97513
2022-02-04 13:45:00+05:30,1003.2,1005.2,994.0,999.95,119409
2022-02-04 14:00:00+05:30,1000.0,1000.05,994.0,996.95,83042
2022-02-04 14:15:00+05:30,996.95,999.45,992.3,994.55,48132
2022-02-04 14:30:00+05:30,994.55,995.3,988.3,990.0,78137
2022-02-04 14:45:00+05:30,990.0,991.3,987.0,989.0,45527
2022-02-04 15:00:00+05:30,988.9,989.0,977.0,977.95,127222
2022-02-04 15:15:00+05:30,977.95,985.85,975.0,982.4,90271
2022-02-04 15:30:00+05:30,980.05,982.1,970.2,975.75,145317
2022-02-07 09:30:00+05:30,978.0,978.0,913.15,918.65,318274
2022-02-07 09:45:00+05:30,918.25,925.95,905.85,910.9,248412
2022-02-07 10:00:00+05:30,910.65,918.0,906.95,910.0,198323
2022-02-07 10:15:00+05:30,910.0,914.45,908.0,910.3,98463
2022-02-07 10:30:00+05:30,910.15,912.95,901.65,907.45,114360
2022-02-07 10:45:00+05:30,908.0,913.4,906.85,913.4,80356
2022-02-07 11:00:00+05:30,913.25,916.55,908.4,915.85,107201
2022-02-07 11:15:00+05:30,915.4,922.05,912.05,920.2,124548
2022-02-07 11:30:00+05:30,920.5,925.0,920.0,923.95,101222
2022-02-07 11:45:00+05:30,923.15,929.0,921.0,923.65,69719
2022-02-07 12:00:00+05:30,923.4,931.0,921.1,926.0,96757
2022-02-07 12:15:00+05:30,926.0,926.0,919.6,921.6,65348
2022-02-07 12:30:00+05:30,921.6,922.9,920.7,922.0,30137
2022-02-07 12:45:00+05:30,922.0,922.15,920.95,922.0,35756
2022-02-07 13:00:00+05:30,921.55,924.9,920.35,924.9,31608
2022-02-07 13:15:00+05:30,924.9,931.75,924.25,931.3,57553
2022-02-07 13:30:00+05:30,931.3,938.05,930.35,936.9,71686
2022-02-07 13:45:00+05:30,936.45,944.0,936.2,943.3,59338
2022-02-07 14:00:00+05:30,943.15,944.25,934.9,935.15,58669
2022-02-07 14:15:00+05:30,934.75,947.5,934.75,946.25,51272
2022-02-07 14:30:00+05:30,946.9,953.3,944.85,952.45,61622
2022-02-07 14:45:00+05:30,952.3,955.9,948.4,949.2,56876
2022-02-07 15:00:00+05:30,949.8,964.4,943.8,964.0,78727
2022-02-07 15:15:00+05:30,964.1,964.1,940.25,945.0,87407
2022-02-07 15:30:00+05:30,944.3,949.75,940.35,944.5,67954
2022-02-08 09:30:00+05:30,945.0,970.95,945.0,954.8,97222
2022-02-08 09:45:00+05:30,954.8,960.0,945.4,945.4,53137
2022-02-08 10:00:00+05:30,945.1,945.4,925.55,926.4,96337
2022-02-08 10:15:00+05:30,926.2,928.8,920.1,923.75,55778
2022-02-08 10:30:00+05:30,922.5,923.4,904.0,904.0,148209
2022-02-08 10:45:00+05:30,904.05,911.2,902.0,907.55,76425
2022-02-08 11:00:00+05:30,907.0,909.85,904.5,905.0,42617
2022-02-08 11:15:00+05:30,904.75,909.0,902.8,904.85,36460
2022-02-08 11:30:00+05:30,904.9,908.5,903.35,905.8,23732
2022-02-08 11:45:00+05:30,905.8,909.8,904.3,908.0,35930
2022-02-08 12:00:00+05:30,908.0,915.8,906.0,913.0,34161
2022-02-08 12:15:00+05:30,913.2,914.65,908.0,908.4,20274
2022-02-08 12:30:00+05:30,908.4,914.4,908.0,911.0,19906
2022-02-08 12:45:00+05:30,911.45,915.55,910.0,911.6,27309
2022-02-08 13:00:00+05:30,911.6,912.45,908.5,909.75,20106
2022-02-08 13:15:00+05:30,909.75,910.05,905.25,906.3,19937
2022-02-08 13:30:00+05:30,906.3,910.75,902.35,909.05,37504
2022-02-08 13:45:00+05:30,909.05,910.0,905.8,906.0,23110
2022-02-08 14:00:00+05:30,905.55,909.0,905.55,907.0,14388
2022-02-08 14:15:00+05:30,907.0,907.1,901.25,902.0,32167
2022-02-08 14:30:00+05:30,902.45,905.95,890.0,894.65,92199
2022-02-08 14:45:00+05:30,894.65,897.85,888.65,890.85,64048
2022-02-08 15:00:00+05:30,890.75,894.8,887.3,890.0,67745
2022-02-08 15:15:00+05:30,891.05,896.45,890.15,892.0,59826
2022-02-08 15:30:00+05:30,892.0,892.75,881.1,890.9,110546
2022-02-09 09:30:00+05:30,908.4,919.9,908.4,911.95,73281
2022-02-09 09:45:00+05:30,911.95,912.0,902.25,905.0,34676
2022-02-09 10:00:00+05:30,905.75,910.8,905.5,906.5,19853
2022-02-09 10:15:00+05:30,906.5,906.65,897.0,899.0,59375
2022-02-09 10:30:00+05:30,897.9,903.45,894.4,899.35,25231
2022-02-09 10:45:00+05:30,899.65,902.25,895.0,898.45,27716
2022-02-09 11:00:00+05:30,897.85,901.0,895.55,897.7,28947
2022-02-09 11:15:00+05:30,896.75,898.0,892.0,896.2,25888
2022-02-09 11:30:00+05:30,896.0,897.5,895.1,896.2,8092
2022-02-09 11:45:00+05:30,895.85,897.05,895.0,896.0,6813
2022-02-09 12:00:00+05:30,896.0,896.9,895.0,896.0,5346
2022-02-09 12:15:00+05:30,895.8,898.0,895.05,895.15,7805
2022-02-09 12:30:00+05:30,895.15,897.0,893.5,896.6,12744
2022-02-09 12:45:00+05:30,896.6,899.45,896.0,899.0,7820
2022-02-09 13:00:00+05:30,899.0,899.7,893.55,893.55,19981
2022-02-09 13:15:00+05:30,893.5,896.9,889.0,890.35,26625
2022-02-09 13:30:00+05:30,889.95,891.6,886.65,889.05,18412
2022-02-09 13:45:00+05:30,888.95,900.5,888.95,899.9,39519
2022-02-09 14:00:00+05:30,899.8,909.0,899.8,902.0,41900
2022-02-09 14:15:00+05:30,902.0,904.0,897.6,902.0,64328
2022-02-09 14:30:00+05:30,901.55,904.75,900.1,901.65,24142
2022-02-09 14:45:00+05:30,901.4,903.2,900.0,900.95,10512
2022-02-09 15:00:00+05:30,900.25,912.0,900.0,910.0,50367
2022-02-09 15:15:00+05:30,910.05,911.9,906.05,909.2,40684
2022-02-09 15:30:00+05:30,909.2,911.95,908.55,910.5,40237
2022-02-10 09:30:00+05:30,915.9,917.4,900.3,902.05,45079
2022-02-10 09:45:00+05:30,902.5,912.9,898.45,910.65,33812
2022-02-10 10:00:00+05:30,910.0,915.75,908.85,910.0,27602
2022-02-10 10:15:00+05:30,910.45,914.05,910.0,912.2,19990
2022-02-10 10:30:00+05:30,912.85,916.9,910.2,913.0,27676
2022-02-10 10:45:00+05:30,912.8,913.8,910.0,913.45,15367
2022-02-10 11:00:00+05:30,913.0,915.65,911.35,915.65,15503
2022-02-10 11:15:00+05:30,915.65,915.65,912.45,913.4,6779
2022-02-10 11:30:00+05:30,913.4,915.6,913.0,914.3,13364
2022-02-10 11:45:00+05:30,914.3,915.9,914.3,915.45,14720
2022-02-10 12:00:00+05:30,915.45,927.85,915.0,921.4,50945
2022-02-10 12:15:00+05:30,921.4,928.35,920.75,926.3,40147
2022-02-10 12:30:00+05:30,926.0,936.1,926.0,936.1,60040
2022-02-10 12:45:00+05:30,936.1,939.9,934.1,937.75,64218
2022-02-10 13:00:00+05:30,937.75,942.95,937.25,939.45,59139
2022-02-10 13:15:00+05:30,939.45,944.4,938.8,939.5,82268
2022-02-10 13:30:00+05:30,939.5,950.9,939.5,947.15,95516
2022-02-10 13:45:00+05:30,947.15,948.95,944.55,945.2,51792
2022-02-10 14:00:00+05:30,945.0,946.9,944.55,946.05,30598
2022-02-10 14:15:00+05:30,946.0,947.95,945.1,946.0,39939
2022-02-10 14:30:00+05:30,946.05,952.0,945.55,948.95,54206
2022-02-10 14:45:00+05:30,949.0,951.3,948.05,950.0,36587
2022-02-10 15:00:00+05:30,950.0,951.0,949.5,950.4,43535
2022-02-10 15:15:00+05:30,950.4,959.6,950.4,957.0,74844
2022-02-10 15:30:00+05:30,957.0,962.0,956.75,960.15,99131
2022-02-11 09:30:00+05:30,953.0,953.0,921.5,942.95,91571
2022-02-11 09:45:00+05:30,942.9,948.0,940.1,945.8,24476
2022-02-11 10:00:00+05:30,945.5,945.8,940.1,944.45,19142
2022-02-11 10:15:00+05:30,944.45,957.95,940.15,957.9,38785
2022-02-11 10:30:00+05:30,958.3,960.95,945.75,947.05,30420
2022-02-11 10:45:00+05:30,947.0,948.0,943.5,947.8,10927
2022-02-11 11:00:00+05:30,946.95,948.0,943.3,946.25,7585
2022-02-11 11:15:00+05:30,945.35,956.9,943.25,950.4,26315
2022-02-11 11:30:00+05:30,950.4,953.05,946.55,949.45,7789
2022-02-11 11:45:00+05:30,948.2,949.25,944.0,946.6,17123
2022-02-11 12:00:00+05:30,945.6,950.35,945.0,949.9,8702
2022-02-11 12:15:00+05:30,950.15,953.05,949.2,952.5,6710
2022-02-11 12:30:00+05:30,951.65,953.5,951.15,952.5,7483
2022-02-11 12:45:00+05:30,952.5,956.8,951.8,955.45,9234
2022-02-11 13:00:00+05:30,955.05,966.8,954.65,963.65,29069
2022-02-11 13:15:00+05:30,963.65,969.35,960.0,967.0,31339
2022-02-11 13:30:00+05:30,967.0,967.0,960.05,961.0,17006
2022-02-11 13:45:00+05:30,961.6,963.8,959.7,963.8,26584
2022-02-11 14:00:00+05:30,963.0,966.0,960.05,961.45,16038
2022-02-11 14:15:00+05:30,960.9,961.8,960.05,960.65,9749
2022-02-11 14:30:00+05:30,960.3,961.5,960.05,960.1,7804
2022-02-11 14:45:00+05:30,960.05,963.3,960.05,960.8,25303
2022-02-11 15:00:00+05:30,960.4,967.0,960.05,965.9,22782
2022-02-11 15:15:00+05:30,965.2,966.0,951.1,960.7,37318
2022-02-11 15:30:00+05:30,960.85,963.0,958.85,963.0,31238
2022-02-14 09:30:00+05:30,922.9,936.0,905.55,916.9,104330
2022-02-14 09:45:00+05:30,917.65,918.7,910.5,914.8,45895
2022-02-14 10:00:00+05:30,914.35,924.0,911.0,923.85,38793
2022-02-14 10:15:00+05:30,923.85,928.3,918.9,922.8,28896
2022-02-14 10:30:00+05:30,922.15,926.95,921.25,926.75,11875
2022-02-14 10:45:00+05:30,926.95,939.0,925.55,937.1,39883
2022-02-14 11:00:00+05:30,936.0,950.5,936.0,941.35,40917
2022-02-14 11:15:00+05:30,941.35,942.95,937.0,939.45,17156
2022-02-14 11:30:00+05:30,939.45,939.45,933.55,935.5,13726
2022-02-14 11:45:00+05:30,935.5,937.85,931.95,934.0,10173
2022-02-14 12:00:00+05:30,934.0,934.15,931.05,931.8,5037
2022-02-14 12:15:00+05:30,932.05,934.65,930.9,932.15,10630
2022-02-14 12:30:00+05:30,932.15,934.0,930.35,932.3,5283
2022-02-14 12:45:00+05:30,932.3,932.6,930.0,930.65,6150
2022-02-14 13:00:00+05:30,931.05,931.9,930.0,930.6,5552
2022-02-14 13:15:00+05:30,931.15,933.5,930.6,932.3,6247
2022-02-14 13:30:00+05:30,932.3,936.0,931.0,934.7,17316
2022-02-14 13:45:00+05:30,934.7,937.05,933.05,936.8,8234
2022-02-14 14:00:00+05:30,936.8,938.45,935.3,936.7,18830
2022-02-14 14:15:00+05:30,936.7,936.7,930.0,930.75,14820
2022-02-14 14:30:00+05:30,930.75,933.45,921.75,923.7,22626
2022-02-14 14:45:00+05:30,923.7,930.45,921.95,922.2,11108
2022-02-14 15:00:00+05:30,922.0,928.6,921.25,927.2,16466
2022-02-14 15:15:00+05:30,927.2,929.95,921.1,923.7,29533
2022-02-14 15:30:00+05:30,922.95,926.0,911.85,914.0,44033
2022-02-15 09:30:00+05:30,911.4,935.15,911.4,920.0,68643
2022-02-15 09:45:00+05:30,920.8,930.65,919.0,921.6,51998
2022-02-15 10:00:00+05:30,921.0,924.35,914.85,916.95,33231
2022-02-15 10:15:00+05:30,917.55,917.9,906.0,906.7,38334
2022-02-15 10:30:00+05:30,906.0,913.8,905.05,910.8,16475
2022-02-15 10:45:00+05:30,911.1,914.05,910.0,911.0,11741
2022-02-15 11:00:00+05:30,911.0,914.45,909.9,914.45,10829
2022-02-15 11:15:00+05:30,914.45,918.0,913.65,915.8,7085
2022-02-15 11:30:00+05:30,915.8,917.9,913.55,916.75,10489
2022-02-15 11:45:00+05:30,915.85,924.15,915.85,923.45,12113
2022-02-15 12:00:00+05:30,923.45,926.45,923.45,925.75,10351
2022-02-15 12:15:00+05:30,925.75,928.85,924.45,926.85,16325
2022-02-15 12:30:00+05:30,926.45,929.0,925.0,925.75,9865
2022-02-15 12:45:00+05:30,925.75,932.6,923.0,932.05,21563
2022-02-15 13:00:00+05:30,932.1,936.0,929.7,935.8,16253
2022-02-15 13:15:00+05:30,935.8,936.4,932.75,933.85,10545
2022-02-15 13:30:00+05:30,933.9,935.4,932.85,935.4,14193
2022-02-15 13:45:00+05:30,935.4,939.85,934.3,939.2,13179
2022-02-15 14:00:00+05:30,939.1,941.0,937.8,940.35,9316
2022-02-15 14:15:00+05:30,939.95,947.05,939.4,945.25,15296
2022-02-15 14:30:00+05:30,945.9,947.0,942.45,946.25,16882
2022-02-15 14:45:00+05:30,946.3,954.25,946.3,953.4,29748
2022-02-15 15:00:00+05:30,952.6,977.7,951.55,975.0,67150
2022-02-15 15:15:00+05:30,975.0,978.85,975.0,975.5,67552
2022-02-15 15:30:00+05:30,975.45,977.85,973.9,975.1,48248
2022-02-16 09:30:00+05:30,998.0,1005.0,976.5,987.0,73406
2022-02-16 09:45:00+05:30,987.0,992.05,978.5,978.5,33921
2022-02-16 10:00:00+05:30,978.6,983.8,972.0,976.65,28113
2022-02-16 10:15:00+05:30,976.15,978.45,973.0,974.75,11167
2022-02-16 10:30:00+05:30,974.7,976.65,973.0,973.5,8146
2022-02-16 10:45:00+05:30,974.65,975.0,968.15,969.2,19103
2022-02-16 11:00:00+05:30,968.1,970.95,963.0,964.15,12481
2022-02-16 11:15:00+05:30,964.25,964.25,956.45,960.0,21923
2022-02-16 11:30:00+05:30,960.0,977.5,959.1,974.05,34904
2022-02-16 11:45:00+05:30,974.05,974.55,966.0,970.55,14722
2022-02-16 12:00:00+05:30,970.55,974.0,969.4,970.25,2349
2022-02-16 12:15:00+05:30,970.25,971.4,968.3,971.35,2909
2022-02-16 12:30:00+05:30,971.35,974.0,970.55,971.6,7413
2022-02-16 12:45:00+05:30,971.6,975.0,971.25,972.0,7371
2022-02-16 13:00:00+05:30,972.5,972.65,969.0,969.15,7140
2022-02-16 13:15:00+05:30,969.15,969.3,963.05,966.5,11936
2022-02-16 13:30:00+05:30,966.5,967.1,962.6,966.15,12413
2022-02-16 13:45:00+05:30,966.5,969.55,965.1,969.0,3980
2022-02-16 14:00:00+05:30,969.0,969.25,965.95,966.3,6186
2022-02-16 14:15:00+05:30,966.3,983.2,966.3,981.85,41613
2022-02-16 14:30:00+05:30,981.85,999.0,979.0,999.0,105465
2022-02-16 14:45:00+05:30,996.15,1001.0,991.5,994.1,79743
2022-02-16 15:00:00+05:30,995.15,1001.1,992.65,996.0,87743
2022-02-16 15:15:00+05:30,997.1,1000.0,997.0,999.0,50672
2022-02-16 15:30:00+05:30,999.6,1000.0,998.8,999.0,52585
2022-02-17 09:30:00+05:30,1000.0,1013.3,992.35,994.8,47524
2022-02-17 09:45:00+05:30,995.9,995.9,982.9,987.2,31923
2022-02-17 10:00:00+05:30,986.9,995.45,985.0,992.55,14695
2022-02-17 10:15:00+05:30,992.45,993.9,985.6,988.0,7709
2022-02-17 10:30:00+05:30,988.1,989.05,985.15,987.0,6918
2022-02-17 10:45:00+05:30,987.0,993.95,985.0,993.3,36841
2022-02-17 11:00:00+05:30,993.3,998.0,992.95,996.95,9435
2022-02-17 11:15:00+05:30,997.3,998.5,991.55,993.8,15335
2022-02-17 11:30:00+05:30,993.65,995.0,991.1,992.0,11758
2022-02-17 11:45:00+05:30,991.5,996.0,991.05,992.15,32707
2022-02-17 12:00:00+05:30,992.15,994.15,991.5,993.7,3243
2022-02-17 12:15:00+05:30,993.7,994.35,990.6,990.6,90018
2022-02-17 12:30:00+05:30,990.1,991.4,989.15,989.95,3206
2022-02-17 12:45:00+05:30,989.95,992.0,989.2,991.0,2917
2022-02-17 13:00:00+05:30,990.65,991.35,984.0,985.35,8872
2022-02-17 13:15:00+05:30,985.35,989.05,984.5,985.3,7404
2022-02-17 13:30:00+05:30,984.6,985.85,975.0,977.6,18841
2022-02-17 13:45:00+05:30,977.75,986.45,977.55,986.0,7391
2022-02-17 14:00:00+05:30,985.55,987.15,979.0,980.85,13977
2022-02-17 14:15:00+05:30,979.5,983.0,976.1,976.3,6688
2022-02-17 14:30:00+05:30,976.9,977.2,970.05,975.55,16580
2022-02-17 14:45:00+05:30,976.15,978.2,967.75,969.1,17358
2022-02-17 15:00:00+05:30,970.5,972.75,963.05,971.5,24013
2022-02-17 15:15:00+05:30,971.5,977.0,967.0,967.0,33076
2022-02-17 15:30:00+05:30,966.35,968.85,963.25,967.8,37781
2022-02-18 09:30:00+05:30,960.0,977.0,953.7,975.3,35225
2022-02-18 09:45:00+05:30,975.9,986.0,975.0,976.5,33997
2022-02-18 10:00:00+05:30,977.4,978.05,966.45,974.6,22303
2022-02-18 10:15:00+05:30,974.85,976.8,971.7,972.3,10171
2022-02-18 10:30:00+05:30,971.6,972.65,969.1,970.3,5031
2022-02-18 10:45:00+05:30,971.85,972.25,965.25,965.25,5659
2022-02-18 11:00:00+05:30,966.25,968.4,965.0,967.0,3524
2022-02-18 11:15:00+05:30,966.95,975.7,966.95,973.55,5254
2022-02-18 11:30:00+05:30,974.05,976.5,970.05,972.4,7319
2022-02-18 11:45:00+05:30,972.4,976.5,972.4,974.55,6173
2022-02-18 12:00:00+05:30,974.75,976.05,972.8,974.3,4737
2022-02-18 12:15:00+05:30,974.3,979.65,974.3,978.8,5504
2022-02-18 12:30:00+05:30,978.8,981.0,977.0,979.9,6619
2022-02-18 12:45:00+05:30,980.0,980.0,977.1,979.05,5756
2022-02-18 13:00:00+05:30,979.05,979.95,977.15,979.3,4802
2022-02-18 13:15:00+05:30,979.3,979.7,977.25,978.75,3855
2022-02-18 13:30:00+05:30,978.75,979.0,972.1,974.55,10691
2022-02-18 13:45:00+05:30,973.45,975.4,972.25,974.5,4385
2022-02-18 14:00:00+05:30,974.1,978.0,973.55,977.3,5291
2022-02-18 14:15:00+05:30,977.45,977.55,974.05,974.35,4264
2022-02-18 14:30:00+05:30,974.35,977.0,967.95,976.5,19677
2022-02-18 14:45:00+05:30,976.8,979.8,974.15,974.9,18174
2022-02-18 15:00:00+05:30,975.35,976.35,973.6,973.6,10263
2022-02-18 15:15:00+05:30,973.6,974.0,969.3,972.4,12219
2022-02-18 15:30:00+05:30,972.35,975.75,970.3,975.0,24234
2022-02-21 09:30:00+05:30,970.0,970.0,945.05,947.6,42588
2022-02-21 09:45:00+05:30,947.0,955.9,945.5,951.85,21761
2022-02-21 10:00:00+05:30,951.85,959.0,951.1,956.75,15971
2022-02-21 10:15:00+05:30,957.9,957.9,951.2,953.75,8470
2022-02-21 10:30:00+05:30,953.4,954.1,950.0,953.45,5254
2022-02-21 10:45:00+05:30,954.2,958.5,949.15,956.5,11646
2022-02-21 11:00:00+05:30,956.5,957.25,952.55,956.95,4226
2022-02-21 11:15:00+05:30,957.0,957.85,954.85,955.9,4691
2022-02-21 11:30:00+05:30,955.9,957.45,952.3,955.9,6478
2022-02-21 11:45:00+05:30,956.2,959.9,955.55,957.0,11046
2022-02-21 12:00:00+05:30,957.0,959.15,955.45,957.85,4736
2022-02-21 12:15:00+05:30,957.95,959.0,956.85,958.0,927
2022-02-21 12:30:00+05:30,958.0,958.0,953.1,953.3,4749
2022-02-21 12:45:00+05:30,953.3,957.2,952.6,956.75,3195
2022-02-21 13:00:00+05:30,956.75,959.0,956.0,958.95,4257
2022-02-21 13:15:00+05:30,958.9,958.95,955.1,955.25,2292
2022-02-21 13:30:00+05:30,955.25,958.0,953.95,953.95,4050
2022-02-21 13:45:00+05:30,953.7,954.75,950.05,953.55,3127
2022-02-21 14:00:00+05:30,953.55,957.65,952.95,954.15,5719
2022-02-21 14:15:00+05:30,954.15,955.55,948.05,949.5,9405
2022-02-21 14:30:00+05:30,949.0,952.95,949.0,951.65,5082
2022-02-21 14:45:00+05:30,952.0,952.0,942.25,944.6,10036
2022-02-21 15:00:00+05:30,945.0,949.9,944.2,947.25,4466
2022-02-21 15:15:00+05:30,947.25,947.95,929.9,937.0,16877
2022-02-21 15:30:00+05:30,936.1,948.0,928.0,944.5,26423
2022-02-22 09:30:00+05:30,917.0,923.85,905.0,918.95,33648
2022-02-22 09:45:00+05:30,918.75,925.0,908.8,913.65,39868
2022-02-22 10:00:00+05:30,913.35,922.0,911.75,920.3,16240
2022-02-22 10:15:00+05:30,920.3,920.85,914.1,918.05,12030
2022-02-22 10:30:00+05:30,918.05,920.15,916.15,916.4,4446
2022-02-22 10:45:00+05:30,916.2,917.45,913.0,913.6,10833
2022-02-22 11:00:00+05:30,913.95,917.45,913.6,916.05,3414
2022-02-22 11:15:00+05:30,916.0,918.15,914.95,915.1,3215
2022-02-22 11:30:00+05:30,915.1,919.0,915.0,916.55,2816
2022-02-22 11:45:00+05:30,915.9,917.5,912.0,914.5,7874
2022-02-22 12:00:00+05:30,913.55,915.0,909.0,910.3,9321
2022-02-22 12:15:00+05:30,910.3,912.95,909.0,911.25,6222
2022-02-22 12:30:00+05:30,911.0,913.2,910.25,910.55,6999
2022-02-22 12:45:00+05:30,910.5,917.75,910.5,916.55,10486
2022-02-22 13:00:00+05:30,916.55,916.75,912.5,915.75,9328
2022-02-22 13:15:00+05:30,915.75,916.75,914.7,916.45,8235
2022-02-22 13:30:00+05:30,916.45,916.45,914.7,915.5,8301
2022-02-22 13:45:00+05:30,915.5,916.5,913.5,915.45,7129
2022-02-22 14:00:00+05:30,915.45,917.0,913.6,915.8,8704
2022-02-22 14:15:00+05:30,915.1,917.8,915.1,917.7,5175
2022-02-22 14:30:00+05:30,917.85,921.6,917.5,920.7,12225
2022-02-22 14:45:00+05:30,920.15,921.6,917.5,918.0,8040
2022-02-22 15:00:00+05:30,919.0,923.95,918.0,922.2,11625
2022-02-22 15:15:00+05:30,922.7,923.4,918.65,919.95,19253
2022-02-22 15:30:00+05:30,921.5,925.0,918.05,922.5,17440
2022-02-23 09:30:00+05:30,949.0,949.0,930.4,934.8,19914
2022-02-23 09:45:00+05:30,934.4,938.4,931.0,936.25,15572
2022-02-23 10:00:00+05:30,934.6,938.05,934.6,937.75,4382
2022-02-23 10:15:00+05:30,937.7,938.95,934.0,934.0,6211
2022-02-23 10:30:00+05:30,934.0,938.15,933.0,934.35,14693
2022-02-23 10:45:00+05:30,933.7,934.45,931.0,932.6,4937
2022-02-23 11:00:00+05:30,932.6,933.7,927.8,929.95,10377
2022-02-23 11:15:00+05:30,930.0,933.0,927.3,933.0,8337
2022-02-23 11:30:00+05:30,933.0,934.25,932.0,934.0,5620
2022-02-23 11:45:00+05:30,934.0,934.5,932.3,933.95,2961
2022-02-23 12:00:00+05:30,933.25,933.45,929.0,930.0,4335
2022-02-23 12:15:00+05:30,930.0,930.65,929.0,930.05,3153
2022-02-23 12:30:00+05:30,930.05,931.6,929.4,931.5,1652
2022-02-23 12:45:00+05:30,931.5,932.15,927.65,927.65,4583
2022-02-23 13:00:00+05:30,927.65,928.9,925.2,927.05,3565
2022-02-23 13:15:00+05:30,927.05,927.2,925.75,926.35,2413
2022-02-23 13:30:00+05:30,927.0,927.0,925.1,926.0,1555
2022-02-23 13:45:00+05:30,924.45,925.5,923.0,925.5,3685
2022-02-23 14:00:00+05:30,925.5,927.95,925.0,925.65,2450
2022-02-23 14:15:00+05:30,925.65,928.6,923.75,927.7,4937
2022-02-23 14:30:00+05:30,927.7,929.95,926.0,926.8,5461
2022-02-23 14:45:00+05:30,926.8,927.0,922.15,923.75,3925
2022-02-23 15:00:00+05:30,923.75,926.0,923.0,923.35,4397
2022-02-23 15:15:00+05:30,923.95,923.95,911.0,911.0,27248
2022-02-23 15:30:00+05:30,910.6,914.6,905.0,914.6,40002
2022-02-24 09:30:00+05:30,875.0,894.5,872.35,886.35,49736
2022-02-24 09:45:00+05:30,886.5,891.5,876.95,881.65,38547
2022-02-24 10:00:00+05:30,881.65,882.0,875.45,881.25,24360
2022-02-24 10:15:00+05:30,881.25,884.6,877.0,881.4,29275
2022-02-24 10:30:00+05:30,881.1,886.75,877.85,886.75,25261
2022-02-24 10:45:00+05:30,887.95,888.4,882.0,886.95,14338
2022-02-24 11:00:00+05:30,886.95,888.0,883.95,883.95,33531
2022-02-24 11:15:00+05:30,885.35,885.65,881.4,884.1,5993
2022-02-24 11:30:00+05:30,884.1,887.05,881.45,886.2,11427
2022-02-24 11:45:00+05:30,886.15,889.65,885.0,889.65,10859
2022-02-24 12:00:00+05:30,889.85,889.9,881.35,882.8,100558
2022-02-24 12:15:00+05:30,882.8,884.95,880.1,882.7,11483
2022-02-24 12:30:00+05:30,882.7,883.05,878.0,880.7,11965
2022-02-24 12:45:00+05:30,880.7,882.3,877.15,877.35,4534
2022-02-24 13:00:00+05:30,878.2,878.55,870.0,871.0,22502
2022-02-24 13:15:00+05:30,871.35,883.0,871.35,882.0,30527
2022-02-24 13:30:00+05:30,881.75,882.0,880.0,880.1,23945
2022-02-24 13:45:00+05:30,880.1,882.0,880.0,880.0,16993
2022-02-24 14:00:00+05:30,880.5,890.8,876.6,886.0,33676
2022-02-24 14:15:00+05:30,885.6,887.6,881.15,881.15,5835
2022-02-24 14:30:00+05:30,881.15,886.95,878.7,880.0,14175
2022-02-24 14:45:00+05:30,878.05,882.0,866.0,866.65,37940
2022-02-24 15:00:00+05:30,867.2,870.0,840.0,848.0,57888
2022-02-24 15:15:00+05:30,848.75,870.0,841.55,870.0,68344
2022-02-24 15:30:00+05:30,872.0,882.0,857.75,882.0,57494
2022-02-25 09:30:00+05:30,897.9,918.85,882.1,908.1,42143
2022-02-25 09:45:00+05:30,907.65,908.0,900.0,901.9,31515
2022-02-25 10:00:00+05:30,901.9,905.65,899.95,900.7,18158
2022-02-25 10:15:00+05:30,902.0,902.0,894.2,899.05,13832
2022-02-25 10:30:00+05:30,899.05,904.9,898.2,904.1,11847
2022-02-25 10:45:00+05:30,904.0,905.0,903.05,905.0,5127
2022-02-25 11:00:00+05:30,905.0,905.65,901.5,905.6,5149
2022-02-25 11:15:00+05:30,906.85,908.0,900.1,900.2,7208
2022-02-25 11:30:00+05:30,900.2,902.9,898.1,899.2,7866
2022-02-25 11:45:00+05:30,899.15,900.15,896.05,897.45,4265
2022-02-25 12:00:00+05:30,897.3,897.3,888.5,888.5,12371
2022-02-25 12:15:00+05:30,889.15,889.5,883.0,883.0,17883
2022-02-25 12:30:00+05:30,883.0,883.1,880.2,883.0,12708
2022-02-25 12:45:00+05:30,883.0,883.0,878.0,879.95,13542
2022-02-25 13:00:00+05:30,879.95,880.0,879.0,880.0,19874
2022-02-25 13:15:00+05:30,880.0,895.0,879.0,892.8,38404
2022-02-25 13:30:00+05:30,892.8,898.6,888.85,895.0,16888
2022-02-25 13:45:00+05:30,894.95,900.85,894.45,899.35,17578
2022-02-25 14:00:00+05:30,899.35,900.8,895.3,897.0,9315
2022-02-25 14:15:00+05:30,897.0,914.0,897.0,911.75,30010
2022-02-25 14:30:00+05:30,910.55,922.0,910.1,920.3,38266
2022-02-25 14:45:00+05:30,920.95,927.0,915.9,925.65,41312
2022-02-25 15:00:00+05:30,925.65,928.0,924.55,926.45,19404
2022-02-25 15:15:00+05:30,926.1,931.0,924.1,930.0,34020
2022-02-25 15:30:00+05:30,930.4,936.2,925.9,927.0,33028
2022-02-28 09:30:00+05:30,918.3,919.0,889.0,892.45,63570
2022-02-28 09:45:00+05:30,891.65,901.25,889.1,900.0,33120
2022-02-28 10:00:00+05:30,900.55,900.55,893.0,896.5,15952
2022-02-28 10:15:00+05:30,895.75,899.2,893.3,897.4,13390
2022-02-28 10:30:00+05:30,897.4,898.0,893.1,893.95,14713
2022-02-28 10:45:00+05:30,893.95,897.5,893.5,894.65,60613
2022-02-28 11:00:00+05:30,895.0,896.35,893.6,893.95,23479
2022-02-28 11:15:00+05:30,893.2,894.85,887.0,889.5,33839
2022-02-28 11:30:00+05:30,888.95,893.5,888.2,890.95,25705
2022-02-28 11:45:00+05:30,890.95,892.95,887.0,890.1,23356
2022-02-28 12:00:00+05:30,890.05,894.5,889.45,893.15,15493
2022-02-28 12:15:00+05:30,893.1,894.45,891.0,891.0,14972
2022-02-28 12:30:00+05:30,891.0,897.0,890.0,896.5,64124
2022-02-28 12:45:00+05:30,895.95,896.6,889.55,890.0,31957
2022-02-28 13:00:00+05:30,889.65,893.95,889.0,893.3,25216
2022-02-28 13:15:00+05:30,893.3,895.55,890.15,891.95,19346
2022-02-28 13:30:00+05:30,891.95,894.0,890.5,892.9,10602
2022-02-28 13:45:00+05:30,893.2,893.2,888.0,890.55,25837
2022-02-28 14:00:00+05:30,891.15,892.0,885.5,885.6,33567
2022-02-28 14:15:00+05:30,885.95,886.8,881.4,884.95,36288
2022-02-28 14:30:00+05:30,884.95,885.0,881.1,881.45,25024
2022-02-28 14:45:00+05:30,881.45,884.45,877.25,877.95,38123
2022-02-28 15:00:00+05:30,877.5,887.8,877.35,887.8,52264
2022-02-28 15:15:00+05:30,887.1,895.0,886.3,895.0,89410
2022-02-28 15:30:00+05:30,895.8,899.0,887.0,887.0,93956
2022-03-02 09:30:00+05:30,880.0,893.15,880.0,889.5,50538
2022-03-02 09:45:00+05:30,889.95,891.95,887.0,891.0,13338
2022-03-02 10:00:00+05:30,890.85,891.9,880.2,884.55,26747
2022-03-02 10:15:00+05:30,885.45,887.55,880.7,885.4,24929
2022-03-02 10:30:00+05:30,885.4,888.8,884.0,885.45,35156
2022-03-02 10:45:00+05:30,886.05,887.0,883.05,885.35,18818
2022-03-02 11:00:00+05:30,884.6,885.45,880.55,882.2,19965
2022-03-02 11:15:00+05:30,882.0,883.0,879.15,879.8,18970
2022-03-02 11:30:00+05:30,879.8,881.4,877.7,878.0,25135
2022-03-02 11:45:00+05:30,878.0,878.85,874.2,874.95,18699
2022-03-02 12:00:00+05:30,874.85,876.3,872.2,872.55,21051
2022-03-02 12:15:00+05:30,872.55,875.05,872.35,873.4,31023
2022-03-02 12:30:00+05:30,873.35,875.0,872.5,874.65,17659
2022-03-02 12:45:00+05:30,874.0,875.0,873.0,874.5,18481
2022-03-02 13:00:00+05:30,874.05,875.0,872.2,874.25,22016
2022-03-02 13:15:00+05:30,874.95,875.95,873.6,875.45,19984
2022-03-02 13:30:00+05:30,875.5,875.95,872.35,872.6,17817
2022-03-02 13:45:00+05:30,872.6,873.8,872.0,872.05,20593
2022-03-02 14:00:00+05:30,872.05,873.25,870.5,871.0,25871
2022-03-02 14:15:00+05:30,871.0,875.3,869.4,869.85,29930
2022-03-02 14:30:00+05:30,869.85,870.0,867.0,869.2,24995
2022-03-02 14:45:00+05:30,869.2,870.0,865.25,866.6,27515
2022-03-02 15:00:00+05:30,866.55,868.9,865.2,866.85,26773
2022-03-02 15:15:00+05:30,866.9,875.0,865.25,866.45,54223
2022-03-02 15:30:00+05:30,866.45,872.0,861.0,868.0,62520
2022-03-03 09:30:00+05:30,873.95,880.0,859.1,859.65,73858
2022-03-03 09:45:00+05:30,860.8,861.5,853.35,854.5,37228
2022-03-03 10:00:00+05:30,854.0,855.45,850.65,851.55,33534
2022-03-03 10:15:00+05:30,851.25,852.0,848.6,850.25,26769
2022-03-03 10:30:00+05:30,850.25,851.95,849.0,849.05,18315
2022-03-03 10:45:00+05:30,849.0,857.25,848.4,857.25,36095
2022-03-03 11:00:00+05:30,857.1,859.4,850.25,850.35,44417
2022-03-03 11:15:00+05:30,850.4,851.55,848.0,848.2,19422
2022-03-03 11:30:00+05:30,848.15,849.7,845.4,847.1,24850
2022-03-03 11:45:00+05:30,847.05,848.45,841.4,841.6,35084
2022-03-03 12:00:00+05:30,841.6,845.0,841.2,844.55,19038
2022-03-03 12:15:00+05:30,844.95,845.0,840.0,841.8,32584
2022-03-03 12:30:00+05:30,841.15,843.45,837.55,837.85,26060
2022-03-03 12:45:00+05:30,838.0,838.0,834.0,834.8,26857
2022-03-03 13:00:00+05:30,835.15,835.15,825.5,826.65,61815
2022-03-03 13:15:00+05:30,826.5,828.0,823.0,826.15,35947
2022-03-03 13:30:00+05:30,826.1,827.15,822.1,822.95,26455
2022-03-03 13:45:00+05:30,822.9,834.1,822.15,834.05,41894
2022-03-03 14:00:00+05:30,834.75,850.0,834.35,850.0,81577
2022-03-03 14:15:00+05:30,849.9,851.0,840.6,850.25,79440
2022-03-03 14:30:00+05:30,850.25,854.7,850.0,850.45,39321
2022-03-03 14:45:00+05:30,850.05,854.7,850.0,854.6,26230
2022-03-03 15:00:00+05:30,854.6,854.6,850.0,850.45,39038
2022-03-03 15:15:00+05:30,850.35,851.8,850.0,850.4,47901
2022-03-03 15:30:00+05:30,850.3,852.75,850.05,850.35,47725
2022-03-04 09:30:00+05:30,850.0,850.0,835.0,841.85,26150
2022-03-04 09:45:00+05:30,842.0,846.55,838.0,839.0,17218
2022-03-04 10:00:00+05:30,839.35,844.0,838.0,838.9,9059
2022-03-04 10:15:00+05:30,839.65,841.7,838.1,838.1,7483
2022-03-04 10:30:00+05:30,838.1,838.55,828.35,832.0,13090
2022-03-04 10:45:00+05:30,831.4,838.35,828.15,833.2,11359
2022-03-04 11:00:00+05:30,833.1,838.4,830.0,830.5,6258
2022-03-04 11:15:00+05:30,830.5,833.5,829.0,831.95,5143
2022-03-04 11:30:00+05:30,831.95,836.45,831.15,834.05,7554
2022-03-04 11:45:00+05:30,834.05,835.2,829.4,831.0,12554
2022-03-04 12:00:00+05:30,831.0,831.0,828.4,829.0,32172
2022-03-04 12:15:00+05:30,829.55,836.4,828.45,834.75,22766
2022-03-04 12:30:00+05:30,834.75,836.35,833.25,835.35,15336
2022-03-04 12:45:00+05:30,835.35,848.95,835.35,848.0,26792
2022-03-04 13:00:00+05:30,847.5,849.6,845.0,848.7,12747
2022-03-04 13:15:00+05:30,848.7,849.2,844.5,845.45,4729
2022-03-04 13:30:00+05:30,845.45,862.45,845.2,861.25,23067
2022-03-04 13:45:00+05:30,860.3,862.55,846.5,847.95,21681
2022-03-04 14:00:00+05:30,847.95,849.6,843.15,845.0,23149
2022-03-04 14:15:00+05:30,845.0,851.3,843.75,850.3,48978
2022-03-04 14:30:00+05:30,849.8,854.85,849.05,849.2,8090
2022-03-04 14:45:00+05:30,849.2,854.9,847.0,849.15,14860
2022-03-04 15:00:00+05:30,849.15,851.5,848.0,849.4,5734
2022-03-04 15:15:00+05:30,849.4,852.0,848.0,849.5,9732
2022-03-04 15:30:00+05:30,849.5,850.75,845.15,848.95,22942
2022-03-07 09:30:00+05:30,845.0,852.75,826.9,830.0,15436
2022-03-07 09:45:00+05:30,827.6,830.1,810.0,810.05,42178
2022-03-07 10:00:00+05:30,809.8,816.6,809.65,815.0,23155
2022-03-07 10:15:00+05:30,815.95,819.8,812.4,817.25,19072
2022-03-07 10:30:00+05:30,816.75,824.6,813.0,821.7,81614
2022-03-07 10:45:00+05:30,820.65,821.8,815.0,821.45,9121
2022-03-07 11:00:00+05:30,820.5,827.8,819.6,826.5,14839
2022-03-07 11:15:00+05:30,827.2,828.8,822.2,827.2,10321
2022-03-07 11:30:00+05:30,827.2,829.9,824.9,826.6,9057
2022-03-07 11:45:00+05:30,827.25,829.0,823.05,827.6,25088
2022-03-07 12:00:00+05:30,827.55,836.95,821.8,834.3,29386
2022-03-07 12:15:00+05:30,835.0,842.75,829.0,832.7,24637
2022-03-07 12:30:00+05:30,832.7,836.6,830.15,833.6,20636
2022-03-07 12:45:00+05:30,833.6,836.95,832.0,833.85,20190
2022-03-07 13:00:00+05:30,833.9,838.9,833.1,837.8,19479
2022-03-07 13:15:00+05:30,836.55,840.0,831.0,834.5,25355
2022-03-07 13:30:00+05:30,834.5,835.0,826.65,828.9,29752
2022-03-07 13:45:00+05:30,828.9,835.75,827.95,834.8,22619
2022-03-07 14:00:00+05:30,834.8,837.5,827.15,829.1,24597
2022-03-07 14:15:00+05:30,829.1,831.9,826.05,829.85,20557
2022-03-07 14:30:00+05:30,829.85,832.0,826.05,830.0,27224
2022-03-07 14:45:00+05:30,828.8,842.0,828.8,842.0,29522
2022-03-07 15:00:00+05:30,841.1,854.0,841.1,847.5,42549
2022-03-07 15:15:00+05:30,847.5,854.5,847.5,853.0,28369
2022-03-07 15:30:00+05:30,853.95,854.45,848.5,850.05,31061
2022-03-08 09:30:00+05:30,850.0,852.1,841.0,845.0,45513
2022-03-08 09:45:00+05:30,844.3,846.95,831.45,841.15,24804
2022-03-08 10:00:00+05:30,841.2,846.5,841.0,846.0,16232
2022-03-08 10:15:00+05:30,845.4,847.85,841.0,843.6,16664
2022-03-08 10:30:00+05:30,842.0,846.0,839.55,843.5,15898
2022-03-08 10:45:00+05:30,843.5,846.25,837.4,841.9,12539
2022-03-08 11:00:00+05:30,841.9,844.65,840.0,840.3,3718
2022-03-08 11:15:00+05:30,840.15,846.0,838.4,845.45,12546
2022-03-08 11:30:00+05:30,845.5,845.5,844.0,845.0,8481
2022-03-08 11:45:00+05:30,845.35,845.75,843.55,844.95,6447
2022-03-08 12:00:00+05:30,845.0,845.0,841.55,843.75,8868
2022-03-08 12:15:00+05:30,843.7,846.0,842.0,842.45,10491
2022-03-08 12:30:00+05:30,842.45,844.95,842.15,842.9,7602
2022-03-08 12:45:00+05:30,842.9,844.95,842.2,844.95,7972
2022-03-08 13:00:00+05:30,844.95,844.95,842.4,844.95,6212
2022-03-08 13:15:00+05:30,844.75,847.85,843.7,846.55,8148
2022-03-08 13:30:00+05:30,846.55,847.9,844.5,845.0,6326
2022-03-08 13:45:00+05:30,845.0,848.5,845.0,848.5,2535
2022-03-08 14:00:00+05:30,848.5,848.6,845.0,846.85,4166
2022-03-08 14:15:00+05:30,846.0,849.9,845.85,847.6,7279
2022-03-08 14:30:00+05:30,847.6,851.4,847.6,850.9,12767
2022-03-08 14:45:00+05:30,851.35,861.4,850.15,854.6,24951
2022-03-08 15:00:00+05:30,854.55,856.1,850.0,852.15,13440
2022-03-08 15:15:00+05:30,851.45,859.5,850.0,855.0,25785
2022-03-08 15:30:00+05:30,855.3,858.0,851.0,853.8,28202
2022-03-09 09:30:00+05:30,859.7,869.4,853.0,865.2,24753
2022-03-09 09:45:00+05:30,864.35,865.75,855.45,861.0,17751
2022-03-09 10:00:00+05:30,861.0,864.8,858.15,864.55,7537
2022-03-09 10:15:00+05:30,864.8,864.8,860.75,861.15,3538
2022-03-09 10:30:00+05:30,861.15,864.6,861.0,863.95,4331
2022-03-09 10:45:00+05:30,863.1,866.6,862.9,866.0,5026
2022-03-09 11:00:00+05:30,866.0,867.0,865.5,867.0,5033
2022-03-09 11:15:00+05:30,867.0,878.75,865.0,874.1,47233
2022-03-09 11:30:00+05:30,874.1,875.6,870.0,872.45,11273
2022-03-09 11:45:00+05:30,873.0,876.0,872.0,872.75,10543
2022-03-09 12:00:00+05:30,872.75,874.0,870.0,873.9,6008
2022-03-09 12:15:00+05:30,873.9,874.0,870.75,872.3,2773
2022-03-09 12:30:00+05:30,872.35,873.0,870.0,872.9,5073
2022-03-09 12:45:00+05:30,872.9,873.4,870.2,872.65,5760
2022-03-09 13:00:00+05:30,872.7,875.0,871.25,873.95,7494
2022-03-09 13:15:00+05:30,873.95,874.7,870.1,870.5,5374
2022-03-09 13:30:00+05:30,871.0,871.0,863.85,865.95,19466
2022-03-09 13:45:00+05:30,864.7,869.9,863.05,869.1,8393
2022-03-09 14:00:00+05:30,868.95,869.2,865.3,866.05,5080
2022-03-09 14:15:00+05:30,866.05,870.25,866.05,868.75,9735
2022-03-09 14:30:00+05:30,868.75,869.0,866.75,869.0,3385
2022-03-09 14:45:00+05:30,869.0,869.0,864.15,864.7,10243
2022-03-09 15:00:00+05:30,865.6,867.95,863.3,865.45,8979
2022-03-09 15:15:00+05:30,865.45,867.0,862.45,866.8,6854
2022-03-09 15:30:00+05:30,866.8,866.8,860.25,864.0,23756
2022-03-10 09:30:00+05:30,892.0,904.45,887.0,895.0,70016
2022-03-10 09:45:00+05:30,894.5,897.0,891.2,895.85,16768
2022-03-10 10:00:00+05:30,895.95,911.05,895.1,905.1,66298
2022-03-10 10:15:00+05:30,905.55,905.55,898.65,899.9,19247
2022-03-10 10:30:00+05:30,899.9,908.8,899.0,908.75,48740
2022-03-10 10:45:00+05:30,908.75,918.8,907.65,914.0,45362
2022-03-10 11:00:00+05:30,914.0,922.5,912.1,922.0,66078
2022-03-10 11:15:00+05:30,922.0,926.95,920.15,926.4,40175
2022-03-10 11:30:00+05:30,926.65,926.85,921.4,923.7,24689
2022-03-10 11:45:00+05:30,923.7,926.0,916.45,925.9,45899
2022-03-10 12:00:00+05:30,925.9,925.9,921.25,924.75,9297
2022-03-10 12:15:00+05:30,924.75,925.0,921.75,921.75,6087
2022-03-10 12:30:00+05:30,921.8,925.05,919.05,923.0,12755
2022-03-10 12:45:00+05:30,923.0,923.8,916.05,916.7,14116
2022-03-10 13:00:00+05:30,917.45,924.05,915.45,923.0,13254
2022-03-10 13:15:00+05:30,923.0,923.0,912.45,914.0,16330
2022-03-10 13:30:00+05:30,914.0,915.75,912.35,914.5,11044
2022-03-10 13:45:00+05:30,915.0,922.95,913.05,920.0,23029
2022-03-10 14:00:00+05:30,920.0,926.0,916.65,925.9,47605
2022-03-10 14:15:00+05:30,925.0,926.6,919.95,926.6,44571
2022-03-10 14:30:00+05:30,926.6,926.6,923.5,925.25,21373
2022-03-10 14:45:00+05:30,925.25,926.5,924.25,925.5,22090
2022-03-10 15:00:00+05:30,925.5,925.8,924.15,925.25,18022
2022-03-10 15:15:00+05:30,924.5,926.5,924.25,925.15,33017
2022-03-10 15:30:00+05:30,925.05,929.0,924.0,928.0,48319
2022-03-11 09:30:00+05:30,919.0,937.7,912.45,929.35,40312
2022-03-11 09:45:00+05:30,929.35,930.0,921.65,923.0,19389
2022-03-11 10:00:00+05:30,923.0,923.05,916.5,919.3,16103
2022-03-11 10:15:00+05:30,919.3,920.8,913.0,913.3,16379
2022-03-11 10:30:00+05:30,913.05,913.85,907.0,910.55,16761
2022-03-11 10:45:00+05:30,911.2,913.6,907.6,907.75,9754
2022-03-11 11:00:00+05:30,907.75,912.0,907.75,911.3,6102
2022-03-11 11:15:00+05:30,912.1,912.4,905.5,908.95,12276
2022-03-11 11:30:00+05:30,908.5,910.5,907.0,909.0,5571
2022-03-11 11:45:00+05:30,909.5,913.0,909.1,912.0,9919
2022-03-11 12:00:00+05:30,912.75,914.75,910.0,912.0,5467
2022-03-11 12:15:00+05:30,912.0,912.3,909.0,910.05,6030
2022-03-11 12:30:00+05:30,910.05,912.7,909.1,912.0,4488
2022-03-11 12:45:00+05:30,912.0,913.0,910.7,911.65,4046
2022-03-11 13:00:00+05:30,911.65,911.85,908.75,909.25,4056
2022-03-11 13:15:00+05:30,909.25,911.75,909.0,909.35,4159
2022-03-11 13:30:00+05:30,909.35,911.3,909.35,910.9,5043
2022-03-11 13:45:00+05:30,912.8,912.85,910.0,910.05,6708
2022-03-11 14:00:00+05:30,910.05,912.95,909.45,911.85,6387
2022-03-11 14:15:00+05:30,911.25,912.85,910.1,911.0,4077
2022-03-11 14:30:00+05:30,911.0,914.25,911.0,911.0,7381
2022-03-11 14:45:00+05:30,911.0,912.0,910.0,910.5,5807
2022-03-11 15:00:00+05:30,910.2,912.0,910.05,910.45,5090
2022-03-11 15:15:00+05:30,910.1,912.95,909.8,910.0,11979
2022-03-11 15:30:00+05:30,910.0,914.0,909.0,911.9,26581
2022-03-14 09:30:00+05:30,911.3,921.0,908.05,911.0,36443
2022-03-14 09:45:00+05:30,911.45,913.3,900.0,902.6,16866
2022-03-14 10:00:00+05:30,902.05,907.95,896.0,905.1,17654
2022-03-14 10:15:00+05:30,905.95,908.9,905.95,907.2,4323
2022-03-14 10:30:00+05:30,907.15,908.0,898.05,898.1,11127
2022-03-14 10:45:00+05:30,899.1,900.0,898.45,899.5,6175
2022-03-14 11:00:00+05:30,899.5,900.0,897.2,900.0,3794
2022-03-14 11:15:00+05:30,900.0,900.0,898.0,899.8,3644
2022-03-14 11:30:00+05:30,900.0,900.0,899.0,900.0,4167
2022-03-14 11:45:00+05:30,899.8,900.0,898.2,899.0,3444
2022-03-14 12:00:00+05:30,899.0,899.0,898.0,898.4,4172
2022-03-14 12:15:00+05:30,898.4,899.75,893.15,894.2,8433
2022-03-14 12:30:00+05:30,893.7,896.1,893.0,895.15,5683
2022-03-14 12:45:00+05:30,895.45,899.25,895.45,897.1,3673
2022-03-14 13:00:00+05:30,897.1,897.1,896.05,897.05,1985
2022-03-14 13:15:00+05:30,897.05,899.8,896.5,899.4,2696
2022-03-14 13:30:00+05:30,899.4,899.7,899.0,899.35,1312
2022-03-14 13:45:00+05:30,899.35,899.55,897.65,899.45,3235
2022-03-14 14:00:00+05:30,899.45,900.0,898.15,898.15,2543
2022-03-14 14:15:00+05:30,898.95,900.0,898.35,899.95,3707
2022-03-14 14:30:00+05:30,899.95,900.0,899.2,900.0,5021
2022-03-14 14:45:00+05:30,899.95,900.0,898.15,899.65,2543
2022-03-14 15:00:00+05:30,899.65,900.1,899.0,899.95,8070
2022-03-14 15:15:00+05:30,899.95,900.1,898.05,898.4,7473
2022-03-14 15:30:00+05:30,898.4,898.4,890.05,895.9,22844
2022-03-15 09:30:00+05:30,905.0,908.35,897.7,900.0,27560
2022-03-15 09:45:00+05:30,900.0,900.0,895.0,897.5,14309
2022-03-15 10:00:00+05:30,898.3,899.85,895.55,895.55,4412
2022-03-15 10:15:00+05:30,896.15,898.3,891.0,897.45,8498
2022-03-15 10:30:00+05:30,897.0,898.65,896.0,898.5,2787
2022-03-15 10:45:00+05:30,898.5,900.0,897.1,898.35,4768
2022-03-15 11:00:00+05:30,898.35,899.95,897.85,899.9,2281
2022-03-15 11:15:00+05:30,900.0,900.0,898.15,899.55,1422
2022-03-15 11:30:00+05:30,899.55,899.95,897.1,897.75,3233
2022-03-15 11:45:00+05:30,897.75,898.75,896.0,898.5,3153
2022-03-15 12:00:00+05:30,898.5,899.85,898.1,899.75,1194
2022-03-15 12:15:00+05:30,899.75,899.9,899.0,899.0,639
2022-03-15 12:30:00+05:30,899.0,900.0,898.0,898.85,10299
2022-03-15 12:45:00+05:30,898.85,898.85,891.15,892.25,8116
2022-03-15 13:00:00+05:30,892.25,896.15,891.15,894.0,3802
2022-03-15 13:15:00+05:30,894.3,894.3,891.0,891.95,2618
2022-03-15 13:30:00+05:30,891.95,893.7,890.0,893.7,4108
2022-03-15 13:45:00+05:30,893.7,896.75,890.45,894.15,5002
2022-03-15 14:00:00+05:30,894.15,895.0,886.4,887.6,7818
2022-03-15 14:15:00+05:30,887.6,891.55,884.0,886.25,6181
2022-03-15 14:30:00+05:30,886.8,886.8,876.0,881.05,13864
2022-03-15 14:45:00+05:30,881.5,884.9,878.55,879.85,10348
2022-03-15 15:00:00+05:30,879.55,882.8,878.0,881.7,9215
2022-03-15 15:15:00+05:30,881.65,886.2,879.1,881.95,20267
2022-03-15 15:30:00+05:30,881.35,881.75,875.0,877.1,25472
2022-03-16 09:30:00+05:30,894.0,901.7,890.0,896.0,35160
2022-03-16 09:45:00+05:30,896.0,897.7,892.8,894.1,12677
2022-03-16 10:00:00+05:30,894.65,897.0,892.0,892.5,7279
2022-03-16 10:15:00+05:30,892.5,892.75,885.35,887.5,11800
2022-03-16 10:30:00+05:30,887.5,891.15,886.0,886.05,11028
2022-03-16 10:45:00+05:30,886.05,888.6,885.0,886.5,6755
2022-03-16 11:00:00+05:30,886.5,889.8,885.0,889.4,7615
2022-03-16 11:15:00+05:30,890.0,890.55,886.1,887.1,7911
2022-03-16 11:30:00+05:30,887.1,893.6,887.1,890.45,10055
2022-03-16 11:45:00+05:30,890.45,895.0,890.45,892.8,4097
2022-03-16 12:00:00+05:30,892.8,896.25,888.85,894.95,14787
2022-03-16 12:15:00+05:30,894.65,896.3,893.4,895.1,3970
2022-03-16 12:30:00+05:30,895.15,898.0,894.8,896.15,4080
2022-03-16 12:45:00+05:30,896.15,897.4,894.45,895.95,4853
2022-03-16 13:00:00+05:30,895.45,897.7,895.45,896.2,3416
2022-03-16 13:15:00+05:30,896.2,896.25,893.1,893.65,2377
2022-03-16 13:30:00+05:30,893.65,897.05,892.05,895.75,4831
2022-03-16 13:45:00+05:30,895.75,899.0,895.6,897.3,6364
2022-03-16 14:00:00+05:30,897.3,898.5,896.6,896.85,3204
2022-03-16 14:15:00+05:30,897.5,898.2,895.15,896.45,3534
2022-03-16 14:30:00+05:30,896.5,898.0,894.3,897.65,4528
2022-03-16 14:45:00+05:30,897.65,897.95,895.25,895.35,3885
2022-03-16 15:00:00+05:30,895.35,896.2,895.0,895.0,4898
2022-03-16 15:15:00+05:30,895.6,902.0,895.6,901.0,16128
2022-03-16 15:30:00+05:30,901.0,901.65,896.05,899.0,15129
2022-03-17 09:30:00+05:30,905.0,915.0,904.3,910.55,28108
2022-03-17 09:45:00+05:30,912.0,918.6,910.3,913.5,20539
2022-03-17 10:00:00+05:30,913.5,921.0,911.5,918.05,27205
2022-03-17 10:15:00+05:30,918.0,926.0,915.4,925.1,39317
2022-03-17 10:30:00+05:30,925.9,957.05,925.0,955.0,203941
2022-03-17 10:45:00+05:30,955.0,962.85,952.0,960.2,179891
2022-03-17 11:00:00+05:30,960.2,963.0,951.0,955.0,98431
2022-03-17 11:15:00+05:30,955.0,962.5,952.05,959.9,62048
2022-03-17 11:30:00+05:30,959.4,960.95,957.15,959.85,32702
2022-03-17 11:45:00+05:30,959.95,962.5,959.05,961.9,35475
2022-03-17 12:00:00+05:30,961.9,967.5,961.25,967.5,63278
2022-03-17 12:15:00+05:30,967.2,967.95,962.5,963.85,43450
2022-03-17 12:30:00+05:30,963.85,964.5,960.1,963.65,32659
2022-03-17 12:45:00+05:30,963.65,963.95,960.0,960.55,21426
2022-03-17 13:00:00+05:30,960.55,962.25,960.05,960.3,8863
2022-03-17 13:15:00+05:30,960.3,961.55,960.0,960.8,18340
2022-03-17 13:30:00+05:30,960.8,960.95,960.0,960.05,65234
2022-03-17 13:45:00+05:30,960.0,960.95,953.0,957.4,47528
2022-03-17 14:00:00+05:30,957.9,964.0,956.1,963.6,31791
2022-03-17 14:15:00+05:30,963.6,963.6,958.3,960.0,39203
2022-03-17 14:30:00+05:30,960.0,960.0,958.4,959.45,26374
2022-03-17 14:45:00+05:30,959.0,960.0,958.5,959.95,18826
2022-03-17 15:00:00+05:30,959.95,960.05,958.5,960.0,27286
2022-03-17 15:15:00+05:30,960.0,963.6,957.5,962.85,52807
2022-03-17 15:30:00+05:30,962.8,970.0,961.0,965.0,75811
2022-03-21 09:30:00+05:30,963.45,983.9,951.5,977.2,71251
2022-03-21 09:45:00+05:30,978.4,983.95,966.0,972.0,68831
2022-03-21 10:00:00+05:30,971.2,972.0,965.85,968.85,29019
2022-03-21 10:15:00+05:30,969.0,971.0,967.0,967.2,14636
2022-03-21 10:30:00+05:30,967.2,969.8,961.15,963.35,15894
2022-03-21 10:45:00+05:30,963.85,971.55,963.5,969.7,16049
2022-03-21 11:00:00+05:30,969.7,972.0,968.0,969.15,6294
2022-03-21 11:15:00+05:30,970.0,970.3,967.0,969.0,5959
2022-03-21 11:30:00+05:30,969.0,971.0,968.55,970.4,4539
2022-03-21 11:45:00+05:30,970.9,970.9,969.4,969.5,2444
2022-03-21 12:00:00+05:30,969.5,970.25,967.0,968.0,1991
2022-03-21 12:15:00+05:30,968.0,968.2,966.0,966.85,2465
2022-03-21 12:30:00+05:30,966.85,967.0,963.0,963.5,7418
2022-03-21 12:45:00+05:30,963.5,964.75,955.0,956.1,15283
2022-03-21 13:00:00+05:30,956.1,957.0,955.05,956.15,4897
2022-03-21 13:15:00+05:30,956.75,957.0,954.1,954.1,5609
2022-03-21 13:30:00+05:30,954.25,955.0,953.2,953.85,4812
2022-03-21 13:45:00+05:30,953.85,961.55,953.45,957.9,19535
2022-03-21 14:00:00+05:30,957.5,958.0,957.35,958.0,8484
2022-03-21 14:15:00+05:30,958.0,962.95,957.6,962.1,14193
2022-03-21 14:30:00+05:30,962.1,964.95,961.05,962.25,6144
2022-03-21 14:45:00+05:30,963.05,964.0,960.8,963.4,11521
2022-03-21 15:00:00+05:30,963.6,963.8,957.35,957.9,11229
2022-03-21 15:15:00+05:30,957.9,962.8,955.0,959.15,32464
2022-03-21 15:30:00+05:30,958.0,958.0,950.2,954.0,27490
2022-03-22 09:30:00+05:30,959.8,959.8,943.95,944.25,27432
2022-03-22 09:45:00+05:30,944.55,944.95,936.05,942.0,24049
2022-03-22 10:00:00+05:30,942.0,942.55,936.0,937.25,15461
2022-03-22 10:15:00+05:30,937.5,937.5,932.25,934.2,15118
2022-03-22 10:30:00+05:30,934.6,936.0,933.65,934.15,7570
2022-03-22 10:45:00+05:30,934.8,935.65,933.3,933.4,4407
2022-03-22 11:00:00+05:30,933.4,935.0,931.35,934.55,6870
2022-03-22 11:15:00+05:30,936.1,936.15,932.45,934.8,8656
2022-03-22 11:30:00+05:30,935.1,935.3,934.0,934.8,3383
2022-03-22 11:45:00+05:30,934.8,935.05,934.0,934.45,4474
2022-03-22 12:00:00+05:30,934.45,935.0,932.0,932.2,21099
2022-03-22 12:15:00+05:30,932.2,933.5,931.5,933.0,2513
2022-03-22 12:30:00+05:30,933.0,935.0,932.7,933.8,7994
2022-03-22 12:45:00+05:30,933.8,935.0,933.05,934.6,6985
2022-03-22 13:00:00+05:30,934.6,935.8,934.2,934.9,11587
2022-03-22 13:15:00+05:30,934.65,935.0,934.15,935.0,11642
2022-03-22 13:30:00+05:30,935.0,936.5,934.5,935.35,14317
2022-03-22 13:45:00+05:30,935.35,935.8,934.45,935.0,4247
2022-03-22 14:00:00+05:30,935.0,935.8,934.0,935.0,12488
2022-03-22 14:15:00+05:30,935.0,936.05,934.05,935.5,21720
2022-03-22 14:30:00+05:30,935.65,935.95,934.05,935.0,5452
2022-03-22 14:45:00+05:30,935.0,935.0,932.3,932.4,8243
2022-03-22 15:00:00+05:30,932.4,935.0,932.4,933.5,8117
2022-03-22 15:15:00+05:30,933.95,934.95,933.0,934.35,13825
2022-03-22 15:30:00+05:30,934.2,937.0,933.05,935.0,34771
2022-03-23 09:30:00+05:30,940.9,946.1,936.35,939.8,45843
2022-03-23 09:45:00+05:30,938.6,939.2,935.0,935.1,18126
2022-03-23 10:00:00+05:30,935.1,937.45,933.0,934.05,23997
2022-03-23 10:15:00+05:30,934.8,935.55,933.55,934.45,7835
2022-03-23 10:30:00+05:30,934.45,935.5,928.0,931.9,10615
2022-03-23 10:45:00+05:30,931.75,932.55,928.0,928.5,10871
2022-03-23 11:00:00+05:30,928.5,932.2,928.5,930.8,5765
2022-03-23 11:15:00+05:30,930.8,931.95,925.1,925.35,8067
2022-03-23 11:30:00+05:30,925.35,926.85,925.1,925.35,7205
2022-03-23 11:45:00+05:30,925.4,925.4,922.2,922.2,12019
2022-03-23 12:00:00+05:30,922.55,924.45,917.5,919.5,18546
2022-03-23 12:15:00+05:30,918.95,920.3,918.0,919.15,7438
2022-03-23 12:30:00+05:30,919.45,923.05,919.0,919.2,9166
2022-03-23 12:45:00+05:30,919.0,920.0,915.1,915.2,13221
2022-03-23 13:00:00+05:30,915.2,920.95,915.1,918.1,11041
2022-03-23 13:15:00+05:30,918.1,920.0,916.35,918.05,10375
2022-03-23 13:30:00+05:30,918.6,918.6,916.35,916.7,7721
2022-03-23 13:45:00+05:30,916.5,918.35,916.1,916.1,9087
2022-03-23 14:00:00+05:30,915.8,916.0,913.05,914.1,12296
2022-03-23 14:15:00+05:30,914.1,914.55,912.25,912.25,7124
2022-03-23 14:30:00+05:30,912.2,914.25,911.0,912.5,11441
2022-03-23 14:45:00+05:30,912.4,915.0,911.2,911.25,12414
2022-03-23 15:00:00+05:30,911.2,912.85,909.0,912.85,21314
2022-03-23 15:15:00+05:30,913.0,913.65,910.0,910.0,25639
2022-03-23 15:30:00+05:30,910.0,911.7,905.0,910.5,65120
2022-03-24 09:30:00+05:30,909.0,928.4,909.0,928.0,38390
2022-03-24 09:45:00+05:30,928.0,930.25,923.55,925.0,23805
2022-03-24 10:00:00+05:30,925.0,925.0,920.85,923.0,17942
2022-03-24 10:15:00+05:30,923.0,923.75,921.0,922.3,6634
2022-03-24 10:30:00+05:30,922.3,923.0,909.15,910.15,13957
2022-03-24 10:45:00+05:30,910.0,915.55,910.0,910.9,9775
2022-03-24 11:00:00+05:30,910.9,913.7,908.0,912.0,15705
2022-03-24 11:15:00+05:30,912.0,913.0,910.4,912.05,9617
2022-03-24 11:30:00+05:30,912.05,913.5,911.55,912.6,4098
2022-03-24 11:45:00+05:30,912.6,912.9,910.15,910.5,6144
2022-03-24 12:00:00+05:30,910.5,911.5,909.75,910.4,12322
2022-03-24 12:15:00+05:30,910.4,910.5,910.0,910.0,6549
2022-03-24 12:30:00+05:30,910.0,910.45,908.0,910.0,6707
2022-03-24 12:45:00+05:30,910.0,912.2,910.0,911.55,3720
2022-03-24 13:00:00+05:30,911.0,914.8,910.7,911.8,7785
2022-03-24 13:15:00+05:30,911.8,912.1,905.3,909.1,14075
2022-03-24 13:30:00+05:30,909.1,910.55,908.05,910.5,6874
2022-03-24 13:45:00+05:30,910.0,912.0,908.05,911.15,20522
2022-03-24 14:00:00+05:30,911.15,911.95,907.0,908.45,8400
2022-03-24 14:15:00+05:30,908.45,910.5,907.7,908.15,16702
2022-03-24 14:30:00+05:30,908.15,911.85,908.0,909.4,75463
2022-03-24 14:45:00+05:30,909.4,910.7,906.3,907.0,6575
2022-03-24 15:00:00+05:30,906.6,908.25,905.3,907.8,9373
2022-03-24 15:15:00+05:30,907.75,908.8,905.8,906.65,15363
2022-03-24 15:30:00+05:30,906.0,906.6,902.0,906.6,24717
2022-03-25 09:30:00+05:30,910.0,918.95,904.35,908.45,26060
2022-03-25 09:45:00+05:30,908.25,911.85,903.95,911.8,16692
2022-03-25 10:00:00+05:30,911.35,911.8,908.1,911.1,9314
2022-03-25 10:15:00+05:30,911.1,911.75,907.15,907.2,8196
2022-03-25 10:30:00+05:30,907.0,908.45,905.95,908.0,7076
2022-03-25 10:45:00+05:30,908.0,909.75,907.05,907.8,5100
2022-03-25 11:00:00+05:30,907.8,908.2,906.45,906.95,3354
2022-03-25 11:15:00+05:30,906.95,906.95,905.0,905.9,4429
2022-03-25 11:30:00+05:30,905.9,908.45,905.0,906.4,4720
2022-03-25 11:45:00+05:30,906.4,907.8,905.5,906.45,1682
2022-03-25 12:00:00+05:30,906.45,907.1,905.0,905.65,3473
2022-03-25 12:15:00+05:30,905.65,906.9,903.0,903.35,3299
2022-03-25 12:30:00+05:30,903.5,904.9,903.0,904.35,2604
2022-03-25 12:45:00+05:30,904.35,906.4,903.5,905.05,3525
2022-03-25 13:00:00+05:30,905.05,905.6,904.65,905.0,1441
2022-03-25 13:15:00+05:30,905.6,907.2,904.65,906.45,2387
2022-03-25 13:30:00+05:30,906.45,906.45,904.0,904.0,2892
2022-03-25 13:45:00+05:30,904.0,904.95,902.5,902.7,7329
2022-03-25 14:00:00+05:30,902.7,903.3,902.5,903.0,1944
2022-03-25 14:15:00+05:30,903.0,903.0,895.85,899.4,11150
2022-03-25 14:30:00+05:30,898.5,904.0,898.5,903.85,4503
2022-03-25 14:45:00+05:30,903.85,905.55,900.4,902.55,8448
2022-03-25 15:00:00+05:30,902.5,902.75,899.0,899.75,5603
2022-03-25 15:15:00+05:30,899.75,904.6,899.75,901.55,7590
2022-03-25 15:30:00+05:30,901.5,901.5,893.0,895.8,27439
2022-03-28 09:30:00+05:30,897.4,907.3,888.35,889.7,28590
2022-03-28 09:45:00+05:30,889.1,893.45,887.25,888.1,11774
2022-03-28 10:00:00+05:30,886.6,889.0,882.7,884.05,11996
2022-03-28 10:15:00+05:30,884.05,884.5,881.0,881.7,13897
2022-03-28 10:30:00+05:30,881.7,882.0,881.0,881.4,8769
2022-03-28 10:45:00+05:30,881.0,883.0,879.7,881.15,13940
2022-03-28 11:00:00+05:30,881.15,881.15,878.0,880.3,6961
2022-03-28 11:15:00+05:30,880.0,881.0,879.0,879.0,6649
2022-03-28 11:30:00+05:30,879.0,880.0,876.65,877.05,7576
2022-03-28 11:45:00+05:30,877.0,877.7,875.0,875.05,6446
2022-03-28 12:00:00+05:30,875.05,877.55,875.05,877.05,7904
2022-03-28 12:15:00+05:30,876.1,878.05,875.0,876.1,8848
2022-03-28 12:30:00+05:30,876.1,878.7,875.55,876.15,5920
2022-03-28 12:45:00+05:30,876.15,879.0,875.55,877.6,13702
2022-03-28 13:00:00+05:30,877.6,883.0,877.6,879.5,14283
2022-03-28 13:15:00+05:30,879.75,881.95,877.1,880.85,7017
2022-03-28 13:30:00+05:30,880.75,881.0,877.1,879.0,8580
2022-03-28 13:45:00+05:30,879.45,881.6,877.25,881.6,12032
2022-03-28 14:00:00+05:30,881.6,887.0,881.6,885.6,18317
2022-03-28 14:15:00+05:30,885.55,886.9,883.55,885.0,8756
2022-03-28 14:30:00+05:30,885.35,886.35,882.55,884.3,4348
2022-03-28 14:45:00+05:30,884.3,887.9,883.55,885.75,14928
2022-03-28 15:00:00+05:30,885.75,886.0,882.6,882.95,7319
2022-03-28 15:15:00+05:30,882.95,884.6,880.05,882.15,11085
2022-03-28 15:30:00+05:30,880.7,889.5,880.35,883.2,23024
2022-03-29 09:30:00+05:30,891.0,898.65,887.45,895.0,28609
2022-03-29 09:45:00+05:30,895.45,898.9,891.5,895.0,12895
2022-03-29 10:00:00+05:30,895.0,895.7,893.0,893.85,6343
2022-03-29 10:15:00+05:30,893.9,895.3,891.0,893.2,6396
2022-03-29 10:30:00+05:30,893.2,895.3,893.2,893.65,2223
2022-03-29 10:45:00+05:30,893.65,893.85,889.55,890.0,8967
2022-03-29 11:00:00+05:30,890.85,891.3,889.55,889.9,6523
2022-03-29 11:15:00+05:30,889.85,891.4,889.55,890.5,3118
2022-03-29 11:30:00+05:30,890.5,891.25,890.0,891.0,2527
2022-03-29 11:45:00+05:30,891.0,891.25,890.45,891.25,3140
2022-03-29 12:00:00+05:30,890.55,891.55,890.0,890.9,9356
2022-03-29 12:15:00+05:30,890.95,896.5,890.9,895.45,16355
2022-03-29 12:30:00+05:30,895.45,896.25,895.0,895.85,6786
2022-03-29 12:45:00+05:30,895.85,895.85,882.65,883.9,27506
2022-03-29 13:00:00+05:30,883.9,890.95,883.9,888.95,13546
2022-03-29 13:15:00+05:30,888.95,890.45,887.05,889.4,3937
2022-03-29 13:30:00+05:30,889.4,890.9,888.0,889.45,8068
2022-03-29 13:45:00+05:30,888.95,890.5,888.65,890.5,3475
2022-03-29 14:00:00+05:30,890.0,892.65,890.0,891.0,3493
2022-03-29 14:15:00+05:30,890.55,891.8,890.0,890.7,6141
2022-03-29 14:30:00+05:30,890.7,891.6,890.0,890.45,6119
2022-03-29 14:45:00+05:30,891.15,891.45,884.6,884.6,5826
2022-03-29 15:00:00+05:30,884.6,885.2,883.05,884.75,4490
2022-03-29 15:15:00+05:30,884.75,885.0,878.7,880.1,12683
2022-03-29 15:30:00+05:30,880.0,884.85,877.9,880.0,24308
2022-03-30 09:30:00+05:30,891.95,891.95,885.55,889.0,15968
2022-03-30 09:45:00+05:30,889.55,894.3,888.35,891.2,9654
2022-03-30 10:00:00+05:30,891.2,891.95,889.3,889.3,5470
2022-03-30 10:15:00+05:30,889.3,890.0,888.5,888.6,4676
2022-03-30 10:30:00+05:30,888.6,891.2,888.0,890.8,4601
2022-03-30 10:45:00+05:30,891.05,907.65,891.05,905.0,84179
2022-03-30 11:00:00+05:30,905.0,915.55,902.1,912.0,52080
2022-03-30 11:15:00+05:30,912.85,920.0,911.0,916.4,36162
2022-03-30 11:30:00+05:30,917.7,921.0,913.95,916.0,27165
2022-03-30 11:45:00+05:30,916.3,920.0,916.0,919.05,21102
2022-03-30 12:00:00+05:30,919.05,919.05,917.0,918.9,13745
2022-03-30 12:15:00+05:30,918.95,921.9,918.05,919.85,19288
2022-03-30 12:30:00+05:30,919.95,920.7,918.6,919.9,10689
2022-03-30 12:45:00+05:30,919.9,920.8,918.0,920.0,12380
2022-03-30 13:00:00+05:30,920.0,921.0,918.5,920.0,9820
2022-03-30 13:15:00+05:30,920.0,923.55,919.35,921.05,16902
2022-03-30 13:30:00+05:30,920.8,921.95,920.0,920.0,8854
2022-03-30 13:45:00+05:30,920.5,921.0,919.6,920.0,13680
2022-03-30 14:00:00+05:30,920.0,921.1,919.5,920.0,18613
2022-03-30 14:15:00+05:30,920.0,920.3,910.3,910.3,26348
2022-03-30 14:30:00+05:30,911.3,914.5,903.0,904.9,50889
2022-03-30 14:45:00+05:30,905.35,906.0,892.15,895.15,57254
2022-03-30 15:00:00+05:30,895.15,896.65,887.5,887.65,54961
2022-03-30 15:15:00+05:30,887.65,887.65,876.25,878.3,57039
2022-03-30 15:30:00+05:30,878.9,879.0,870.0,877.0,66137
2022-03-31 09:30:00+05:30,886.45,894.95,877.5,888.65,75659
2022-03-31 09:45:00+05:30,890.0,897.0,890.0,891.0,27234
2022-03-31 10:00:00+05:30,891.7,895.75,890.05,892.75,11814
2022-03-31 10:15:00+05:30,892.7,892.7,890.0,890.0,6976
2022-03-31 10:30:00+05:30,890.0,890.6,889.0,889.5,7724
2022-03-31 10:45:00+05:30,889.5,892.0,889.5,890.85,5362
2022-03-31 11:00:00+05:30,890.85,890.85,884.3,886.1,15811
2022-03-31 11:15:00+05:30,886.1,886.1,878.0,883.9,30383
2022-03-31 11:30:00+05:30,883.75,885.7,882.0,885.35,11340
2022-03-31 11:45:00+05:30,885.0,885.95,884.1,885.8,8024
2022-03-31 12:00:00+05:30,885.8,887.7,884.0,885.1,7827
2022-03-31 12:15:00+05:30,885.1,886.45,884.15,885.15,6163
2022-03-31 12:30:00+05:30,885.15,887.0,885.0,885.95,5068
2022-03-31 12:45:00+05:30,885.95,886.95,885.05,885.4,2046
2022-03-31 13:00:00+05:30,885.4,886.0,884.15,885.5,2795
2022-03-31 13:15:00+05:30,885.55,886.5,885.0,885.45,3099
2022-03-31 13:30:00+05:30,885.4,885.4,880.1,882.75,9609
2022-03-31 13:45:00+05:30,882.75,884.5,882.1,884.45,2162
2022-03-31 14:00:00+05:30,884.45,884.5,881.85,883.85,9363
2022-03-31 14:15:00+05:30,883.85,884.95,881.95,882.9,8595
2022-03-31 14:30:00+05:30,883.3,886.8,882.0,885.35,7436
2022-03-31 14:45:00+05:30,885.3,890.0,885.3,886.3,18623
2022-03-31 15:00:00+05:30,886.5,887.3,884.2,886.05,12406
2022-03-31 15:15:00+05:30,885.5,890.35,885.5,887.85,34373
2022-03-31 15:30:00+05:30,887.05,890.0,885.75,890.0,41243
2022-04-01 09:30:00+05:30,891.8,894.3,880.85,889.05,32161
2022-04-01 09:45:00+05:30,889.6,892.75,888.6,890.1,14185
2022-04-01 10:00:00+05:30,891.0,894.8,889.9,893.45,13583
2022-04-01 10:15:00+05:30,893.25,894.85,888.6,890.0,24587
2022-04-01 10:30:00+05:30,889.95,891.75,889.7,891.6,3884
2022-04-01 10:45:00+05:30,891.6,894.5,885.3,889.05,42628
2022-04-01 11:00:00+05:30,889.4,892.0,888.0,888.7,10698
2022-04-01 11:15:00+05:30,888.95,891.6,887.05,890.0,5815
2022-04-01 11:30:00+05:30,890.0,892.0,889.7,890.5,60292
2022-04-01 11:45:00+05:30,890.5,892.85,890.0,890.6,4697
2022-04-01 12:00:00+05:30,890.6,894.05,890.6,892.15,6108
2022-04-01 12:15:00+05:30,892.1,893.95,891.05,892.75,2888
2022-04-01 12:30:00+05:30,892.75,893.95,891.0,891.0,3532
2022-04-01 12:45:00+05:30,891.0,892.2,890.0,891.4,4017
2022-04-01 13:00:00+05:30,891.4,892.0,890.2,890.3,2467
2022-04-01 13:15:00+05:30,890.3,891.6,890.05,890.65,3044
2022-04-01 13:30:00+05:30,890.65,891.65,890.0,890.1,2392
2022-04-01 13:45:00+05:30,890.45,890.75,886.3,887.1,15220
2022-04-01 14:00:00+05:30,887.1,889.3,887.1,888.55,2898
2022-04-01 14:15:00+05:30,888.55,892.0,888.55,891.1,5689
2022-04-01 14:30:00+05:30,891.1,891.75,888.55,889.3,6369
2022-04-01 14:45:00+05:30,889.3,892.5,889.0,892.2,8378
2022-04-01 15:00:00+05:30,892.2,892.3,890.1,890.7,7052
2022-04-01 15:15:00+05:30,890.7,892.3,890.0,890.9,10056
2022-04-01 15:30:00+05:30,890.45,899.0,890.4,898.0,32743
2022-04-04 09:30:00+05:30,905.0,906.95,895.0,895.95,36625
2022-04-04 09:45:00+05:30,896.75,907.0,896.75,906.55,20492
2022-04-04 10:00:00+05:30,907.0,910.0,903.35,907.6,23225
2022-04-04 10:15:00+05:30,907.6,907.9,902.3,902.6,12586
2022-04-04 10:30:00+05:30,902.6,905.4,901.05,904.95,9783
2022-04-04 10:45:00+05:30,905.7,906.05,901.35,902.35,8545
2022-04-04 11:00:00+05:30,902.35,903.25,896.45,898.5,18291
2022-04-04 11:15:00+05:30,899.3,900.9,897.1,898.45,8984
2022-04-04 11:30:00+05:30,898.05,902.95,897.75,902.0,4922
2022-04-04 11:45:00+05:30,901.05,902.15,895.3,896.6,5451
2022-04-04 12:00:00+05:30,896.6,899.0,895.85,897.95,5202
2022-04-04 12:15:00+05:30,897.95,899.55,897.05,897.8,4043
2022-04-04 12:30:00+05:30,897.8,898.45,896.0,897.25,4600
2022-04-04 12:45:00+05:30,897.3,897.85,896.0,896.75,3405
2022-04-04 13:00:00+05:30,896.15,898.5,896.0,896.0,2915
2022-04-04 13:15:00+05:30,896.2,898.0,896.15,896.5,4724
2022-04-04 13:30:00+05:30,896.5,898.9,896.15,898.35,4373
2022-04-04 13:45:00+05:30,898.35,899.35,897.05,898.25,4820
2022-04-04 14:00:00+05:30,898.25,901.0,897.45,899.6,7348
2022-04-04 14:15:00+05:30,899.6,900.9,897.55,899.85,5246
2022-04-04 14:30:00+05:30,899.85,903.5,899.85,903.4,13215
2022-04-04 14:45:00+05:30,903.4,906.0,899.5,902.2,19962
2022-04-04 15:00:00+05:30,902.2,904.0,899.0,903.55,11487
2022-04-04 15:15:00+05:30,903.5,904.5,901.0,901.9,15360
2022-04-04 15:30:00+05:30,901.0,902.0,898.0,899.95,21210
2022-04-05 09:30:00+05:30,909.0,913.75,902.0,912.9,29820
2022-04-05 09:45:00+05:30,913.0,917.0,910.0,913.5,38124
2022-04-05 10:00:00+05:30,912.6,916.0,912.0,914.85,8330
2022-04-05 10:15:00+05:30,914.6,922.8,912.1,919.55,26064
2022-04-05 10:30:00+05:30,919.95,920.95,913.05,916.9,22446
2022-04-05 10:45:00+05:30,916.35,916.9,911.65,911.65,13955
2022-04-05 11:00:00+05:30,911.7,914.95,911.7,912.45,9757
2022-04-05 11:15:00+05:30,912.35,913.75,911.65,912.5,8968
2022-04-05 11:30:00+05:30,912.5,917.0,911.65,913.05,8909
2022-04-05 11:45:00+05:30,913.25,916.0,913.05,915.05,6046
2022-04-05 12:00:00+05:30,914.9,915.75,911.75,912.0,14553
2022-04-05 12:15:00+05:30,911.8,914.95,911.0,914.05,10114
2022-04-05 12:30:00+05:30,914.0,915.2,911.6,912.0,5431
2022-04-05 12:45:00+05:30,912.0,913.75,911.5,913.2,6419
2022-04-05 13:00:00+05:30,913.2,915.5,912.7,914.75,7109
2022-04-05 13:15:00+05:30,914.2,916.2,913.15,914.0,8045
2022-04-05 13:30:00+05:30,914.0,914.85,914.0,914.3,1026
2022-04-05 13:45:00+05:30,914.5,916.25,912.05,915.15,7339
2022-04-05 14:00:00+05:30,916.05,921.05,913.75,918.5,56620
2022-04-05 14:15:00+05:30,918.0,921.75,918.0,920.9,27289
2022-04-05 14:30:00+05:30,920.9,921.7,919.5,920.55,12459
2022-04-05 14:45:00+05:30,920.5,921.9,920.0,920.0,9836
2022-04-05 15:00:00+05:30,920.6,925.0,918.0,920.0,33855
2022-04-05 15:15:00+05:30,920.0,923.0,919.3,920.0,20748
2022-04-05 15:30:00+05:30,920.0,921.0,917.25,919.0,23304
2022-04-06 09:30:00+05:30,919.0,919.0,907.05,908.3,37460
2022-04-06 09:45:00+05:30,908.3,913.0,907.3,911.55,13710
2022-04-06 10:00:00+05:30,911.5,917.0,909.25,915.05,64016
2022-04-06 10:15:00+05:30,915.05,915.05,909.05,909.5,16542
2022-04-06 10:30:00+05:30,909.5,910.05,908.1,909.9,11344
2022-04-06 10:45:00+05:30,909.9,910.0,908.25,910.0,6845
2022-04-06 11:00:00+05:30,910.0,910.05,909.1,909.75,8434
2022-04-06 11:15:00+05:30,909.75,915.85,909.75,912.25,9691
2022-04-06 11:30:00+05:30,912.25,914.1,910.0,912.9,50182
2022-04-06 11:45:00+05:30,912.9,915.2,912.9,915.2,4208
2022-04-06 12:00:00+05:30,915.2,915.25,913.25,914.35,4545
2022-04-06 12:15:00+05:30,914.4,915.0,912.65,915.0,131597
2022-04-06 12:30:00+05:30,915.0,916.5,913.9,915.25,7998
2022-04-06 12:45:00+05:30,915.25,918.25,915.0,917.0,5756
2022-04-06 13:00:00+05:30,918.0,929.0,917.0,925.0,41815
2022-04-06 13:15:00+05:30,925.0,929.0,918.05,921.0,63659
2022-04-06 13:30:00+05:30,921.0,921.55,915.5,917.35,24308
2022-04-06 13:45:00+05:30,917.35,922.0,916.35,921.5,12949
2022-04-06 14:00:00+05:30,921.0,922.75,916.05,917.2,10077
2022-04-06 14:15:00+05:30,917.65,923.0,916.9,922.7,14546
2022-04-06 14:30:00+05:30,923.5,926.0,920.4,923.6,26329
2022-04-06 14:45:00+05:30,923.6,925.85,917.1,917.9,31027
2022-04-06 15:00:00+05:30,917.95,918.4,914.95,918.0,24232
2022-04-06 15:15:00+05:30,918.0,923.0,917.9,921.5,23530
2022-04-06 15:30:00+05:30,921.2,922.0,913.25,918.9,37950
2022-04-07 09:30:00+05:30,923.45,926.95,916.55,918.85,24733
2022-04-07 09:45:00+05:30,918.85,923.5,917.9,921.85,14506
2022-04-07 10:00:00+05:30,921.8,923.9,921.0,923.2,6094
2022-04-07 10:15:00+05:30,923.2,923.2,919.5,920.0,10141
2022-04-07 10:30:00+05:30,920.0,920.6,915.5,915.6,11707
2022-04-07 10:45:00+05:30,915.6,916.0,910.3,912.7,12657
2022-04-07 11:00:00+05:30,913.0,913.2,912.0,913.0,4651
2022-04-07 11:15:00+05:30,913.0,913.2,912.2,913.0,7068
2022-04-07 11:30:00+05:30,913.0,917.1,912.2,917.1,5497
2022-04-07 11:45:00+05:30,916.2,916.55,913.85,914.9,2349
2022-04-07 12:00:00+05:30,914.9,916.7,914.0,914.8,2878
2022-04-07 12:15:00+05:30,914.95,915.9,913.8,914.0,2499
2022-04-07 12:30:00+05:30,914.0,914.65,913.2,914.0,1465
2022-04-07 12:45:00+05:30,914.0,915.0,914.0,914.7,1881
2022-04-07 13:00:00+05:30,914.7,915.5,914.0,914.2,7114
2022-04-07 13:15:00+05:30,914.2,914.65,912.5,914.65,2310
2022-04-07 13:30:00+05:30,914.65,914.9,906.8,909.0,20721
2022-04-07 13:45:00+05:30,909.2,909.25,901.4,902.1,15038
2022-04-07 14:00:00+05:30,902.4,905.9,898.1,904.45,19828
2022-04-07 14:15:00+05:30,904.75,908.7,901.0,902.3,11420
2022-04-07 14:30:00+05:30,902.3,904.0,900.0,901.7,8952
2022-04-07 14:45:00+05:30,901.7,904.7,901.7,904.7,6002
2022-04-07 15:00:00+05:30,904.7,907.8,902.1,904.7,9839
2022-04-07 15:15:00+05:30,904.7,904.7,901.7,902.7,8272
2022-04-07 15:30:00+05:30,902.9,905.8,900.0,905.0,24591
2022-04-08 09:30:00+05:30,904.0,916.2,904.0,911.0,14387
2022-04-08 09:45:00+05:30,909.9,913.0,909.05,912.35,6541
2022-04-08 10:00:00+05:30,912.6,913.0,909.15,912.0,8443
2022-04-08 10:15:00+05:30,912.0,912.55,909.7,911.65,3995
2022-04-08 10:30:00+05:30,911.65,913.75,908.55,913.75,7687
2022-04-08 10:45:00+05:30,913.75,914.2,911.5,913.15,6186
2022-04-08 11:00:00+05:30,913.15,914.4,912.9,913.3,4299
2022-04-08 11:15:00+05:30,912.9,918.0,911.9,914.1,12628
2022-04-08 11:30:00+05:30,914.1,914.8,912.0,913.35,2232
2022-04-08 11:45:00+05:30,913.35,913.65,911.5,911.6,1779
2022-04-08 12:00:00+05:30,911.6,913.05,911.0,913.0,1777
2022-04-08 12:15:00+05:30,913.3,913.5,911.05,913.5,2029
2022-04-08 12:30:00+05:30,913.5,913.5,912.0,912.65,1250
2022-04-08 12:45:00+05:30,913.2,914.2,912.6,914.2,1946
2022-04-08 13:00:00+05:30,914.2,914.8,911.8,912.0,2382
2022-04-08 13:15:00+05:30,912.85,915.0,911.0,914.1,2914
2022-04-08 13:30:00+05:30,914.1,917.4,913.2,913.3,4987
2022-04-08 13:45:00+05:30,913.3,915.0,912.7,912.85,3114
2022-04-08 14:00:00+05:30,912.85,914.0,911.3,911.9,3955
2022-04-08 14:15:00+05:30,911.9,912.4,910.0,910.35,7033
2022-04-08 14:30:00+05:30,911.1,911.45,909.75,911.2,2948
2022-04-08 14:45:00+05:30,910.55,911.75,909.5,909.85,5049
2022-04-08 15:00:00+05:30,909.4,910.65,908.15,910.0,6735
2022-04-08 15:15:00+05:30,910.6,910.75,908.05,909.0,8283
2022-04-08 15:30:00+05:30,909.0,912.0,909.0,912.0,13447
2022-04-11 09:30:00+05:30,912.0,918.0,906.9,916.65,17262
2022-04-11 09:45:00+05:30,916.35,922.75,913.95,922.2,19228
2022-04-11 10:00:00+05:30,922.75,922.8,914.5,918.1,14326
2022-04-11 10:15:00+05:30,918.1,918.4,915.3,916.45,7156
2022-04-11 10:30:00+05:30,916.45,918.5,916.3,918.5,3324
2022-04-11 10:45:00+05:30,918.5,920.5,917.0,918.75,6119
2022-04-11 11:00:00+05:30,918.75,919.0,917.5,917.75,4667
2022-04-11 11:15:00+05:30,917.5,918.25,914.5,917.65,4588
2022-04-11 11:30:00+05:30,917.65,919.0,916.0,918.35,2145
2022-04-11 11:45:00+05:30,918.35,919.0,917.4,919.0,3778
2022-04-11 12:00:00+05:30,919.0,919.6,917.6,918.9,301112
2022-04-11 12:15:00+05:30,919.0,919.05,917.15,918.15,1903
2022-04-11 12:30:00+05:30,918.15,920.45,917.05,920.45,6252
2022-04-11 12:45:00+05:30,920.5,922.0,917.4,918.0,8983
2022-04-11 13:00:00+05:30,918.0,918.2,916.0,917.0,3738
2022-04-11 13:15:00+05:30,917.6,917.9,915.8,917.9,2696
2022-04-11 13:30:00+05:30,917.9,919.4,917.0,918.0,32661
2022-04-11 13:45:00+05:30,918.0,921.6,918.0,919.4,8851
2022-04-11 14:00:00+05:30,919.4,921.2,918.1,920.45,11731
2022-04-11 14:15:00+05:30,920.45,920.45,917.1,919.5,9368
2022-04-11 14:30:00+05:30,919.55,922.0,917.5,920.5,10965
2022-04-11 14:45:00+05:30,920.5,922.8,918.9,920.2,11645
2022-04-11 15:00:00+05:30,920.2,922.0,918.25,919.95,34006
2022-04-11 15:15:00+05:30,919.95,920.0,917.05,918.5,11046
2022-04-11 15:30:00+05:30,918.9,919.0,915.55,919.0,24918
2022-04-12 09:30:00+05:30,926.0,936.0,916.6,918.2,95497
2022-04-12 09:45:00+05:30,918.0,918.0,901.05,913.8,34749
2022-04-12 10:00:00+05:30,914.0,914.4,907.05,911.2,9936
2022-04-12 10:15:00+05:30,910.85,911.35,907.0,909.0,8584
2022-04-12 10:30:00+05:30,909.0,918.5,905.15,912.05,26922
2022-04-12 10:45:00+05:30,912.05,915.95,912.05,914.25,5916
2022-04-12 11:00:00+05:30,914.25,922.0,913.05,921.0,23310
2022-04-12 11:15:00+05:30,920.7,923.0,920.0,920.65,11127
2022-04-12 11:30:00+05:30,920.65,927.0,917.75,925.75,26375
2022-04-12 11:45:00+05:30,925.75,928.0,924.25,925.0,20319
2022-04-12 12:00:00+05:30,925.6,926.1,922.95,922.95,5881
2022-04-12 12:15:00+05:30,922.95,927.0,921.0,926.6,7029
2022-04-12 12:30:00+05:30,926.6,931.0,925.25,926.0,15634
2022-04-12 12:45:00+05:30,926.0,928.4,925.0,927.5,96673
2022-04-12 13:00:00+05:30,927.5,927.5,926.0,926.05,7845
2022-04-12 13:15:00+05:30,926.05,926.85,921.25,922.05,14887
2022-04-12 13:30:00+05:30,922.05,922.05,918.2,920.0,18529
2022-04-12 13:45:00+05:30,920.0,921.2,915.2,916.0,13892
2022-04-12 14:00:00+05:30,916.0,924.95,915.0,923.0,21201
2022-04-12 14:15:00+05:30,923.0,926.8,921.0,926.1,18099
2022-04-12 14:30:00+05:30,926.1,926.95,922.5,924.75,4308
2022-04-12 14:45:00+05:30,924.75,925.3,921.4,923.5,7089
2022-04-12 15:00:00+05:30,924.1,924.5,920.1,921.95,7281
2022-04-12 15:15:00+05:30,922.3,924.4,918.0,919.75,13667
2022-04-12 15:30:00+05:30,919.4,924.0,918.35,922.1,15929
2022-04-13 09:30:00+05:30,930.0,930.0,922.15,925.6,19244
2022-04-13 09:45:00+05:30,924.95,926.9,922.0,925.45,11052
2022-04-13 10:00:00+05:30,925.45,926.35,924.0,924.55,7723
2022-04-13 10:15:00+05:30,924.55,927.0,922.9,923.0,16314
2022-04-13 10:30:00+05:30,923.0,923.65,917.2,918.2,9549
2022-04-13 10:45:00+05:30,918.2,922.65,918.2,921.8,2584
2022-04-13 11:00:00+05:30,921.8,924.25,921.35,922.45,1600
2022-04-13 11:15:00+05:30,923.0,924.8,921.2,924.5,3408
2022-04-13 11:30:00+05:30,924.5,926.5,923.4,924.0,4389
2022-04-13 11:45:00+05:30,924.0,924.65,923.0,923.1,1152
2022-04-13 12:00:00+05:30,921.75,923.95,920.05,923.15,1985
2022-04-13 12:15:00+05:30,923.15,923.7,920.85,920.85,2600
2022-04-13 12:30:00+05:30,920.85,921.5,920.25,921.4,1444
2022-04-13 12:45:00+05:30,921.4,923.25,920.5,922.75,1150
2022-04-13 13:00:00+05:30,922.75,922.9,918.8,919.9,2532
2022-04-13 13:15:00+05:30,919.9,920.5,919.0,919.55,1216
2022-04-13 13:30:00+05:30,919.55,924.9,919.55,924.85,9333
2022-04-13 13:45:00+05:30,925.5,925.6,924.0,924.7,5724
2022-04-13 14:00:00+05:30,924.7,924.85,921.05,922.0,7255
2022-04-13 14:15:00+05:30,922.0,925.0,921.2,923.0,5877
2022-04-13 14:30:00+05:30,923.0,923.85,921.0,921.2,2728
2022-04-13 14:45:00+05:30,921.55,924.45,921.0,923.8,4495
2022-04-13 15:00:00+05:30,923.8,924.85,920.05,924.0,10599
2022-04-13 15:15:00+05:30,924.0,924.5,920.4,920.4,6385
2022-04-13 15:30:00+05:30,920.5,924.0,920.35,921.5,10588
2022-04-18 09:30:00+05:30,917.0,921.0,905.7,919.65,20765
2022-04-18 09:45:00+05:30,919.65,922.65,918.0,922.1,11563
2022-04-18 10:00:00+05:30,921.45,923.05,918.0,921.0,16297
2022-04-18 10:15:00+05:30,920.6,922.25,912.05,914.5,16736
2022-04-18 10:30:00+05:30,914.1,918.1,909.0,910.0,13466
2022-04-18 10:45:00+05:30,910.0,912.0,907.65,909.0,7021
2022-04-18 11:00:00+05:30,909.0,909.95,907.4,909.9,4299
2022-04-18 11:15:00+05:30,909.9,910.0,908.5,909.15,3232
2022-04-18 11:30:00+05:30,909.8,911.0,908.35,909.05,5211
2022-04-18 11:45:00+05:30,909.05,909.85,907.75,908.75,3172
2022-04-18 12:00:00+05:30,908.75,911.0,908.15,910.25,3857
2022-04-18 12:15:00+05:30,910.6,913.0,908.3,911.45,8084
2022-04-18 12:30:00+05:30,911.45,911.9,906.0,906.0,6905
2022-04-18 12:45:00+05:30,906.0,908.05,901.45,907.1,8333
2022-04-18 13:00:00+05:30,907.1,909.5,903.8,904.75,7842
2022-04-18 13:15:00+05:30,904.95,906.55,903.45,904.35,3679
2022-04-18 13:30:00+05:30,904.35,908.0,904.15,905.0,5266
2022-04-18 13:45:00+05:30,905.0,905.35,904.1,904.9,3794
2022-04-18 14:00:00+05:30,904.9,905.2,903.5,904.0,2724
2022-04-18 14:15:00+05:30,904.0,905.0,903.05,903.7,2809
2022-04-18 14:30:00+05:30,904.0,910.0,902.75,909.95,9135
2022-04-18 14:45:00+05:30,910.0,910.0,906.0,907.15,6490
2022-04-18 15:00:00+05:30,907.5,907.7,905.0,906.0,6237
2022-04-18 15:15:00+05:30,906.0,907.5,903.65,906.25,8726
2022-04-18 15:30:00+05:30,906.3,909.0,905.05,907.5,13399
2022-04-19 09:30:00+05:30,905.5,918.6,905.5,913.9,29376
2022-04-19 09:45:00+05:30,913.55,916.95,907.0,909.5,11830
2022-04-19 10:00:00+05:30,909.5,911.5,906.95,909.0,4213
2022-04-19 10:15:00+05:30,909.5,915.0,908.0,910.85,5912
2022-04-19 10:30:00+05:30,911.15,912.95,908.15,909.6,5316
2022-04-19 10:45:00+05:30,909.6,912.0,907.75,908.65,7222
2022-04-19 11:00:00+05:30,908.65,910.6,907.0,908.85,8702
2022-04-19 11:15:00+05:30,908.1,910.45,907.6,909.75,5584
2022-04-19 11:30:00+05:30,909.75,911.9,909.0,909.45,1955
2022-04-19 11:45:00+05:30,909.45,910.0,907.15,908.0,3052
2022-04-19 12:00:00+05:30,908.0,911.9,907.25,910.05,4436
2022-04-19 12:15:00+05:30,910.05,913.0,910.05,912.1,3103
2022-04-19 12:30:00+05:30,912.0,913.9,910.9,911.9,1854
2022-04-19 12:45:00+05:30,911.9,917.0,907.4,915.0,29362
2022-04-19 13:00:00+05:30,915.0,922.9,914.05,920.7,27599
2022-04-19 13:15:00+05:30,920.7,926.0,918.35,925.0,26398
2022-04-19 13:30:00+05:30,925.0,933.85,923.0,926.0,90180
2022-04-19 13:45:00+05:30,926.0,930.45,921.95,922.9,24314
2022-04-19 14:00:00+05:30,921.9,924.75,919.05,921.6,15442
2022-04-19 14:15:00+05:30,920.95,923.55,918.6,918.8,6395
2022-04-19 14:30:00+05:30,918.2,920.0,916.5,917.5,10195
2022-04-19 14:45:00+05:30,917.5,917.65,912.15,913.2,11477
2022-04-19 15:00:00+05:30,913.2,915.0,910.15,912.7,7853
2022-04-19 15:15:00+05:30,911.6,914.0,896.65,898.85,29686
2022-04-19 15:30:00+05:30,898.3,911.1,898.05,910.0,46971
2022-04-20 09:30:00+05:30,905.75,918.75,902.3,909.7,15047
2022-04-20 09:45:00+05:30,909.7,911.2,907.0,909.5,8000
2022-04-20 10:00:00+05:30,909.5,910.65,906.1,908.65,8319
2022-04-20 10:15:00+05:30,909.7,914.4,908.0,910.05,6765
2022-04-20 10:30:00+05:30,910.05,910.9,905.55,908.0,4636
2022-04-20 10:45:00+05:30,908.0,914.9,906.0,909.6,16316
2022-04-20 11:00:00+05:30,909.45,911.4,905.55,906.2,8246
2022-04-20 11:15:00+05:30,906.2,907.8,904.2,907.55,7596
2022-04-20 11:30:00+05:30,907.55,908.65,905.5,905.7,6665
2022-04-20 11:45:00+05:30,905.9,907.25,903.05,904.0,7491
2022-04-20 12:00:00+05:30,904.0,904.6,902.3,903.7,8409
2022-04-20 12:15:00+05:30,903.7,905.8,902.3,903.0,5483
2022-04-20 12:30:00+05:30,903.1,906.85,903.05,905.05,4129
2022-04-20 12:45:00+05:30,905.05,907.4,903.35,907.0,2469
2022-04-20 13:00:00+05:30,906.95,906.95,903.15,905.3,4058
2022-04-20 13:15:00+05:30,905.3,905.9,902.1,902.5,6018
2022-04-20 13:30:00+05:30,902.5,903.05,900.5,902.0,7371
2022-04-20 13:45:00+05:30,901.55,903.8,901.3,903.5,3390
2022-04-20 14:00:00+05:30,903.5,904.25,895.0,897.0,18277
2022-04-20 14:15:00+05:30,897.0,897.75,892.3,892.6,12738
2022-04-20 14:30:00+05:30,892.6,894.45,890.1,892.85,8282
2022-04-20 14:45:00+05:30,892.85,894.0,885.0,886.0,20486
2022-04-20 15:00:00+05:30,886.0,890.55,885.5,886.0,10194
2022-04-20 15:15:00+05:30,886.0,888.7,882.0,885.05,12729
2022-04-20 15:30:00+05:30,886.3,893.8,885.0,889.05,18683
2022-04-21 09:30:00+05:30,892.0,900.0,892.0,896.0,13466
2022-04-21 09:45:00+05:30,896.75,898.0,896.0,897.0,7306
2022-04-21 10:00:00+05:30,897.0,897.8,896.0,896.85,3092
2022-04-21 10:15:00+05:30,896.85,897.8,896.0,897.35,2178
2022-04-21 10:30:00+05:30,897.35,898.85,896.0,896.0,3304
2022-04-21 10:45:00+05:30,896.0,897.25,896.0,896.3,2930
2022-04-21 11:00:00+05:30,896.3,896.6,890.3,890.3,6701
2022-04-21 11:15:00+05:30,890.3,894.5,889.8,894.5,7524
2022-04-21 11:30:00+05:30,894.6,895.75,891.6,895.0,9305
2022-04-21 11:45:00+05:30,895.2,895.6,892.05,893.65,4099
2022-04-21 12:00:00+05:30,893.65,894.0,892.2,893.7,2334
2022-04-21 12:15:00+05:30,892.6,894.0,892.4,892.4,4560
2022-04-21 12:30:00+05:30,892.4,892.4,889.3,889.3,8025
2022-04-21 12:45:00+05:30,889.3,890.0,889.3,890.0,5392
2022-04-21 13:00:00+05:30,890.0,896.75,889.55,895.0,10715
2022-04-21 13:15:00+05:30,895.0,903.6,895.0,901.85,9705
2022-04-21 13:30:00+05:30,901.55,904.6,900.0,902.2,8696
2022-04-21 13:45:00+05:30,902.2,906.4,900.0,906.05,6758
2022-04-21 14:00:00+05:30,906.05,906.05,899.95,901.1,5139
2022-04-21 14:15:00+05:30,901.1,902.2,900.0,901.95,6929
2022-04-21 14:30:00+05:30,901.95,902.0,896.1,899.95,4318
2022-04-21 14:45:00+05:30,899.95,899.95,896.05,898.35,3931
2022-04-21 15:00:00+05:30,898.35,898.8,896.25,896.3,2895
2022-04-21 15:15:00+05:30,896.3,897.85,895.0,895.3,8139
2022-04-21 15:30:00+05:30,895.3,898.5,895.0,897.05,9638
2022-04-22 09:30:00+05:30,896.75,896.75,891.65,895.65,18076
2022-04-22 09:45:00+05:30,895.65,895.7,890.05,894.05,8450
2022-04-22 10:00:00+05:30,894.05,894.8,892.25,893.2,4170
2022-04-22 10:15:00+05:30,893.2,894.8,891.05,894.8,2747
2022-04-22 10:30:00+05:30,894.8,894.8,891.8,893.75,1861
2022-04-22 10:45:00+05:30,893.75,893.95,893.35,893.5,3539
2022-04-22 11:00:00+05:30,893.35,893.7,891.85,892.7,2270
2022-04-22 11:15:00+05:30,892.7,893.9,891.65,892.9,4555
2022-04-22 11:30:00+05:30,892.9,896.4,892.6,895.45,8465
2022-04-22 11:45:00+05:30,895.45,895.5,892.0,894.65,4381
2022-04-22 12:00:00+05:30,894.65,894.7,893.25,894.6,889
2022-04-22 12:15:00+05:30,894.6,894.7,893.45,894.0,953
2022-04-22 12:30:00+05:30,894.0,894.55,893.45,894.45,1252
2022-04-22 12:45:00+05:30,894.45,903.0,894.0,899.5,9010
2022-04-22 13:00:00+05:30,900.6,901.0,893.45,893.55,4008
2022-04-22 13:15:00+05:30,894.05,896.85,893.75,895.55,4850
2022-04-22 13:30:00+05:30,895.55,895.9,891.5,894.2,5110
2022-04-22 13:45:00+05:30,894.2,902.0,894.05,899.9,7487
2022-04-22 14:00:00+05:30,899.9,899.9,895.75,897.0,6354
2022-04-22 14:15:00+05:30,897.0,899.5,894.4,896.3,6866
2022-04-22 14:30:00+05:30,896.3,903.0,895.5,903.0,10050
2022-04-22 14:45:00+05:30,903.0,903.0,894.0,896.0,4936
2022-04-22 15:00:00+05:30,896.0,896.45,892.0,892.95,3407
2022-04-22 15:15:00+05:30,893.1,894.4,889.5,891.65,8844
2022-04-22 15:30:00+05:30,891.65,895.0,890.15,895.0,10159
2022-04-25 09:30:00+05:30,890.0,891.0,875.0,881.7,17683
2022-04-25 09:45:00+05:30,881.05,884.9,879.15,879.4,4425
2022-04-25 10:00:00+05:30,880.0,880.0,871.0,875.6,19425
2022-04-25 10:15:00+05:30,875.6,880.0,870.25,879.0,12483
2022-04-25 10:30:00+05:30,879.0,879.9,876.3,879.0,5636
2022-04-25 10:45:00+05:30,879.0,879.3,876.0,877.25,2382
2022-04-25 11:00:00+05:30,877.25,879.0,877.0,878.8,1713
2022-04-25 11:15:00+05:30,878.8,880.95,878.5,880.95,2493
2022-04-25 11:30:00+05:30,881.0,881.0,878.5,880.5,1766
2022-04-25 11:45:00+05:30,880.5,880.5,878.5,879.2,3269
2022-04-25 12:00:00+05:30,879.2,879.5,878.5,878.65,1515
2022-04-25 12:15:00+05:30,878.0,878.85,877.0,878.6,858
2022-04-25 12:30:00+05:30,878.55,880.85,874.2,876.5,18705
2022-04-25 12:45:00+05:30,876.5,877.0,872.4,873.0,4947
2022-04-25 13:00:00+05:30,873.0,873.85,872.0,873.5,2707
2022-04-25 13:15:00+05:30,873.5,876.35,873.0,874.15,3080
2022-04-25 13:30:00+05:30,874.15,876.9,872.85,876.0,2109
2022-04-25 13:45:00+05:30,876.0,876.5,872.55,873.85,1599
2022-04-25 14:00:00+05:30,873.85,878.0,873.4,877.0,3415
2022-04-25 14:15:00+05:30,877.75,878.45,876.0,878.0,2175
2022-04-25 14:30:00+05:30,878.05,879.25,860.0,862.0,33286
2022-04-25 14:45:00+05:30,862.1,862.35,859.0,859.55,16564
2022-04-25 15:00:00+05:30,859.55,861.5,852.0,856.4,20440
2022-04-25 15:15:00+05:30,856.25,857.45,849.0,849.5,41838
2022-04-25 15:30:00+05:30,849.55,861.0,843.2,857.7,60739
2022-04-26 09:30:00+05:30,866.7,883.8,864.4,880.35,39761
2022-04-26 09:45:00+05:30,880.4,882.8,875.4,881.2,20861
2022-04-26 10:00:00+05:30,881.2,886.0,880.05,880.7,26038
2022-04-26 10:15:00+05:30,880.7,883.25,880.0,881.2,20370
2022-04-26 10:30:00+05:30,881.2,881.7,880.0,880.0,4904
2022-04-26 10:45:00+05:30,880.0,880.0,875.0,876.9,9723
2022-04-26 11:00:00+05:30,876.7,878.3,873.3,877.05,6919
2022-04-26 11:15:00+05:30,877.05,878.2,874.35,874.35,4864
2022-04-26 11:30:00+05:30,874.35,876.8,873.0,876.0,4077
2022-04-26 11:45:00+05:30,876.85,878.05,876.0,877.2,4697
2022-04-26 12:00:00+05:30,877.2,879.85,877.2,877.2,7371
2022-04-26 12:15:00+05:30,877.2,878.0,872.0,872.05,11369
2022-04-26 12:30:00+05:30,872.05,873.0,869.15,870.1,11902
2022-04-26 12:45:00+05:30,870.1,872.0,869.35,869.65,4664
2022-04-26 13:00:00+05:30,869.65,870.0,862.9,866.15,10271
2022-04-26 13:15:00+05:30,866.15,867.05,864.35,866.45,4067
2022-04-26 13:30:00+05:30,866.45,872.4,866.45,870.8,6721
2022-04-26 13:45:00+05:30,870.8,873.0,870.0,870.35,3605
2022-04-26 14:00:00+05:30,870.35,872.8,870.35,872.45,1552
2022-04-26 14:15:00+05:30,872.45,876.15,869.65,869.7,6865
2022-04-26 14:30:00+05:30,869.7,871.85,866.35,868.3,5634
2022-04-26 14:45:00+05:30,868.3,870.95,862.45,863.05,8915
2022-04-26 15:00:00+05:30,862.7,865.25,861.1,862.0,8685
2022-04-26 15:15:00+05:30,861.85,870.3,861.85,868.55,13759
2022-04-26 15:30:00+05:30,868.0,869.05,864.0,869.0,18222
2022-04-27 09:30:00+05:30,866.95,866.95,856.45,864.0,13762
2022-04-27 09:45:00+05:30,863.1,868.4,858.65,864.15,9571
2022-04-27 10:00:00+05:30,864.15,864.15,860.4,862.35,5042
2022-04-27 10:15:00+05:30,862.35,866.0,860.9,864.5,4297
2022-04-27 10:30:00+05:30,863.8,874.7,863.8,874.4,14257
2022-04-27 10:45:00+05:30,874.0,879.0,870.3,876.05,23256
2022-04-27 11:00:00+05:30,876.05,876.25,870.25,873.2,8166
2022-04-27 11:15:00+05:30,873.2,877.0,872.9,876.8,8181
2022-04-27 11:30:00+05:30,876.8,879.0,873.3,878.8,10483
2022-04-27 11:45:00+05:30,878.8,883.0,876.1,881.0,12481
2022-04-27 12:00:00+05:30,881.8,884.0,877.7,880.4,12391
2022-04-27 12:15:00+05:30,880.4,880.95,878.0,880.75,6136
2022-04-27 12:30:00+05:30,880.75,881.95,879.25,880.0,3432
2022-04-27 12:45:00+05:30,880.0,881.75,879.0,881.55,2308
2022-04-27 13:00:00+05:30,881.55,881.65,879.0,880.4,5986
2022-04-27 13:15:00+05:30,880.0,881.35,880.0,880.0,3867
2022-04-27 13:30:00+05:30,880.3,881.5,877.8,880.35,9253
2022-04-27 13:45:00+05:30,880.35,887.0,880.35,885.45,12785
2022-04-27 14:00:00+05:30,885.0,886.0,883.7,885.6,6684
2022-04-27 14:15:00+05:30,885.6,886.75,885.0,885.85,2635
2022-04-27 14:30:00+05:30,885.85,890.0,883.55,889.9,14158
2022-04-27 14:45:00+05:30,889.0,889.85,884.45,885.6,6384
2022-04-27 15:00:00+05:30,885.6,886.65,884.3,885.05,7468
2022-04-27 15:15:00+05:30,885.7,894.0,885.0,892.95,21343
2022-04-27 15:30:00+05:30,894.0,906.45,890.0,892.0,44098
2022-04-28 09:30:00+05:30,898.0,907.7,898.0,903.5,36062
2022-04-28 09:45:00+05:30,903.0,910.0,903.0,903.6,14926
2022-04-28 10:00:00+05:30,904.25,904.5,891.6,895.3,14432
2022-04-28 10:15:00+05:30,895.3,896.0,893.0,893.95,4602
2022-04-28 10:30:00+05:30,894.0,900.0,893.2,894.5,6956
2022-04-28 10:45:00+05:30,894.5,896.0,891.0,893.6,7812
2022-04-28 11:00:00+05:30,893.65,897.35,890.0,896.0,6697
2022-04-28 11:15:00+05:30,896.85,903.25,895.25,895.55,8663
2022-04-28 11:30:00+05:30,895.55,898.0,895.0,897.0,3493
2022-04-28 11:45:00+05:30,897.0,900.75,897.0,900.3,2625
2022-04-28 12:00:00+05:30,900.3,900.45,898.95,899.2,1274
2022-04-28 12:15:00+05:30,899.2,900.95,898.05,898.05,1259
2022-04-28 12:30:00+05:30,898.05,900.6,897.95,899.35,1591
2022-04-28 12:45:00+05:30,899.35,905.35,899.0,903.7,11223
2022-04-28 13:00:00+05:30,903.75,904.5,901.15,902.0,1767
2022-04-28 13:15:00+05:30,902.0,902.6,900.25,901.05,2965
2022-04-28 13:30:00+05:30,901.05,901.05,899.0,899.0,2229
2022-04-28 13:45:00+05:30,899.75,904.4,899.0,902.0,4127
2022-04-28 14:00:00+05:30,902.0,903.95,900.2,903.2,2215
2022-04-28 14:15:00+05:30,903.2,903.85,901.55,903.0,2872
2022-04-28 14:30:00+05:30,903.25,903.25,900.6,902.0,7713
2022-04-28 14:45:00+05:30,902.0,902.0,898.95,900.0,5840
2022-04-28 15:00:00+05:30,900.0,904.7,899.3,900.5,8606
2022-04-28 15:15:00+05:30,900.5,907.5,900.2,906.0,29038
2022-04-28 15:30:00+05:30,905.1,909.65,905.1,907.0,27459
2022-04-29 09:30:00+05:30,910.0,913.6,898.2,901.7,21613
2022-04-29 09:45:00+05:30,903.95,903.95,897.0,897.75,9948
2022-04-29 10:00:00+05:30,897.25,902.95,895.7,901.45,50557
2022-04-29 10:15:00+05:30,901.95,901.95,900.0,900.2,1712
2022-04-29 10:30:00+05:30,900.95,904.35,899.75,901.6,2636
2022-04-29 10:45:00+05:30,901.6,904.0,900.15,900.2,2058
2022-04-29 11:00:00+05:30,900.2,903.75,898.45,902.5,5662
2022-04-29 11:15:00+05:30,902.3,909.0,902.3,905.25,13468
2022-04-29 11:30:00+05:30,905.25,905.25,902.75,903.5,1960
2022-04-29 11:45:00+05:30,903.5,908.0,903.2,906.25,3797
2022-04-29 12:00:00+05:30,906.25,910.0,904.95,908.55,7935
2022-04-29 12:15:00+05:30,908.55,910.65,907.5,907.5,7483
2022-04-29 12:30:00+05:30,907.5,908.0,905.75,908.0,1481
2022-04-29 12:45:00+05:30,908.0,909.0,907.15,907.45,1497
2022-04-29 13:00:00+05:30,907.45,909.0,907.15,908.7,2447
2022-04-29 13:15:00+05:30,908.7,915.95,907.55,908.6,36581
2022-04-29 13:30:00+05:30,908.6,908.6,906.0,907.45,2608
2022-04-29 13:45:00+05:30,907.45,907.65,903.15,903.95,5124
2022-04-29 14:00:00+05:30,903.95,904.85,898.1,898.6,13852
2022-04-29 14:15:00+05:30,898.6,900.0,891.3,895.4,13044
2022-04-29 14:30:00+05:30,895.1,896.0,889.3,895.0,13450
2022-04-29 14:45:00+05:30,895.0,898.7,894.1,896.9,8422
2022-04-29 15:00:00+05:30,896.9,904.0,896.9,901.8,9186
2022-04-29 15:15:00+05:30,901.75,902.0,897.1,900.0,17173
2022-04-29 15:30:00+05:30,900.0,902.0,898.05,900.15,19023
2022-05-02 09:30:00+05:30,898.8,898.8,885.0,886.15,9322
2022-05-02 09:45:00+05:30,885.7,885.85,876.3,878.7,15220
2022-05-02 10:00:00+05:30,878.7,880.5,876.55,877.4,6310
2022-05-02 10:15:00+05:30,877.5,880.55,877.0,879.25,12379
2022-05-02 10:30:00+05:30,879.15,879.85,876.0,877.35,4421
2022-05-02 10:45:00+05:30,877.35,883.5,876.0,881.95,4660
2022-05-02 11:00:00+05:30,881.95,882.0,879.8,880.3,1901
2022-05-02 11:15:00+05:30,880.35,882.0,879.15,881.95,6816
2022-05-02 11:30:00+05:30,881.95,881.95,879.1,879.85,1225
2022-05-02 11:45:00+05:30,879.85,881.45,879.85,881.2,1808
2022-05-02 12:00:00+05:30,881.2,881.45,878.25,879.3,1307
2022-05-02 12:15:00+05:30,879.3,881.6,879.3,881.0,1371
2022-05-02 12:30:00+05:30,881.0,881.5,880.15,881.2,871
2022-05-02 12:45:00+05:30,881.45,881.45,880.45,881.45,1056
2022-05-02 13:00:00+05:30,881.45,881.5,878.65,880.7,1264
2022-05-02 13:15:00+05:30,880.9,881.85,880.25,880.25,987
2022-05-02 13:30:00+05:30,880.25,881.0,876.3,877.7,2205
2022-05-02 13:45:00+05:30,877.7,880.3,877.7,878.95,5817
2022-05-02 14:00:00+05:30,878.95,881.0,878.0,880.35,3903
2022-05-02 14:15:00+05:30,880.35,881.0,879.5,880.7,4002
2022-05-02 14:30:00+05:30,880.7,881.0,879.5,880.0,6606
2022-05-02 14:45:00+05:30,880.0,880.25,877.5,879.7,53486
2022-05-02 15:00:00+05:30,879.7,880.5,878.65,880.0,4428
2022-05-02 15:15:00+05:30,880.0,880.45,878.2,879.0,4665
2022-05-02 15:30:00+05:30,879.0,879.0,875.0,877.95,10772
2022-05-04 09:30:00+05:30,886.0,889.0,877.35,884.7,11794
2022-05-04 09:45:00+05:30,884.7,889.3,882.0,887.9,8964
2022-05-04 10:00:00+05:30,887.9,887.9,880.5,882.55,4183
2022-05-04 10:15:00+05:30,882.55,883.0,879.0,879.8,4125
2022-05-04 10:30:00+05:30,879.8,880.0,873.95,874.0,4743
2022-05-04 10:45:00+05:30,874.0,874.0,866.0,871.5,10107
2022-05-04 11:00:00+05:30,871.6,873.9,870.25,872.3,3543
2022-05-04 11:15:00+05:30,872.7,873.95,871.85,871.85,2387
2022-05-04 11:30:00+05:30,872.55,872.9,868.2,872.85,4733
2022-05-04 11:45:00+05:30,874.1,874.55,872.2,873.05,1868
2022-05-04 12:00:00+05:30,873.0,873.2,870.05,870.8,1025
2022-05-04 12:15:00+05:30,870.1,871.5,868.4,870.0,2922
2022-05-04 12:30:00+05:30,870.0,872.25,868.5,871.9,1268
2022-05-04 12:45:00+05:30,872.4,872.4,868.5,868.5,1741
2022-05-04 13:00:00+05:30,868.5,869.05,866.5,868.35,2878
2022-05-04 13:15:00+05:30,868.35,870.0,868.0,868.0,1153
2022-05-04 13:30:00+05:30,868.0,869.45,866.5,867.8,2145
2022-05-04 13:45:00+05:30,866.65,868.0,862.85,866.8,5782
2022-05-04 14:00:00+05:30,866.8,867.1,860.0,862.7,22427
2022-05-04 14:15:00+05:30,862.6,866.75,856.7,860.7,9935
2022-05-04 14:30:00+05:30,860.7,861.0,858.1,858.9,2929
2022-05-04 14:45:00+05:30,858.9,861.25,853.0,855.65,15649
2022-05-04 15:00:00+05:30,855.75,859.15,850.0,859.15,12097
2022-05-04 15:15:00+05:30,859.8,860.0,848.0,850.0,17698
2022-05-04 15:30:00+05:30,850.0,854.3,849.2,852.45,14149
2022-05-05 09:30:00+05:30,867.45,869.0,856.0,863.9,13313
2022-05-05 09:45:00+05:30,863.9,866.05,860.65,861.25,4302
2022-05-05 10:00:00+05:30,860.65,862.7,855.6,856.3,15176
2022-05-05 10:15:00+05:30,856.85,861.3,855.6,860.7,4149
2022-05-05 10:30:00+05:30,860.7,861.55,858.4,860.45,1420
2022-05-05 10:45:00+05:30,860.45,864.0,860.15,860.65,4256
2022-05-05 11:00:00+05:30,860.65,862.4,860.0,860.7,1496
2022-05-05 11:15:00+05:30,860.7,861.0,854.45,855.8,11567
2022-05-05 11:30:00+05:30,855.8,856.7,854.05,854.3,2309
2022-05-05 11:45:00+05:30,854.8,856.8,852.05,853.6,3709
2022-05-05 12:00:00+05:30,854.45,856.65,854.45,855.0,1178
2022-05-05 12:15:00+05:30,855.0,855.7,854.05,855.0,650
2022-05-05 12:30:00+05:30,855.0,857.3,853.7,856.75,1377
2022-05-05 12:45:00+05:30,856.75,857.9,856.35,857.55,400
2022-05-05 13:00:00+05:30,857.55,859.35,856.75,858.9,2463
2022-05-05 13:15:00+05:30,858.35,859.6,855.75,857.8,4080
2022-05-05 13:30:00+05:30,857.8,864.0,855.0,862.0,6853
2022-05-05 13:45:00+05:30,862.0,862.3,853.25,854.45,3627
2022-05-05 14:00:00+05:30,854.45,861.6,854.0,860.4,2622
2022-05-05 14:15:00+05:30,860.4,860.4,852.3,854.15,2063
2022-05-05 14:30:00+05:30,854.15,855.0,850.25,853.55,2327
2022-05-05 14:45:00+05:30,853.0,855.3,850.45,851.25,2078
2022-05-05 15:00:00+05:30,851.25,852.45,848.0,851.5,4678
2022-05-05 15:15:00+05:30,851.9,853.85,847.0,851.5,7321
2022-05-05 15:30:00+05:30,851.5,855.0,848.05,849.1,11862
2022-05-06 09:30:00+05:30,847.0,847.0,820.0,827.8,19679
2022-05-06 09:45:00+05:30,827.8,835.0,824.4,833.95,7413
2022-05-06 10:00:00+05:30,833.95,834.85,830.9,834.6,4096
2022-05-06 10:15:00+05:30,834.6,834.6,830.0,833.15,3364
2022-05-06 10:30:00+05:30,833.15,836.5,830.0,836.15,8770
2022-05-06 10:45:00+05:30,836.15,836.15,822.25,824.0,21335
2022-05-06 11:00:00+05:30,824.2,825.15,815.8,822.35,21538
2022-05-06 11:15:00+05:30,822.35,822.6,811.0,812.25,38676
2022-05-06 11:30:00+05:30,811.85,824.05,805.0,821.7,55387
2022-05-06 11:45:00+05:30,821.7,825.0,820.2,825.0,14671
2022-05-06 12:00:00+05:30,824.95,824.95,817.3,819.05,13979
2022-05-06 12:15:00+05:30,819.05,827.15,819.05,822.0,6335
2022-05-06 12:30:00+05:30,823.1,823.2,819.3,819.45,2523
2022-05-06 12:45:00+05:30,819.45,821.0,816.0,818.8,11765
2022-05-06 13:00:00+05:30,818.8,820.0,816.2,816.3,4691
2022-05-06 13:15:00+05:30,816.3,817.85,809.85,809.85,11517
2022-05-06 13:30:00+05:30,810.0,817.25,807.0,816.05,9749
2022-05-06 13:45:00+05:30,816.05,821.9,815.4,820.7,10563
2022-05-06 14:00:00+05:30,820.7,821.0,813.65,815.5,18136
2022-05-06 14:15:00+05:30,815.9,833.5,815.8,832.35,15912
2022-05-06 14:30:00+05:30,832.2,834.0,828.45,828.45,16092
2022-05-06 14:45:00+05:30,828.75,837.5,828.7,834.85,33487
2022-05-06 15:00:00+05:30,834.85,835.0,826.6,830.0,53084
2022-05-06 15:15:00+05:30,830.0,830.0,826.3,827.95,27019
2022-05-06 15:30:00+05:30,828.0,836.9,826.6,835.0,25636
2022-05-09 09:30:00+05:30,820.0,828.6,812.0,815.0,9763
2022-05-09 09:45:00+05:30,815.0,818.85,810.55,817.95,23009
2022-05-09 10:00:00+05:30,818.75,820.0,815.0,820.0,3341
2022-05-09 10:15:00+05:30,819.95,820.0,815.95,817.8,2726
2022-05-09 10:30:00+05:30,817.8,820.9,816.9,820.9,1514
2022-05-09 10:45:00+05:30,821.0,823.7,815.65,815.85,11853
2022-05-09 11:00:00+05:30,815.85,817.85,813.2,817.4,6570
2022-05-09 11:15:00+05:30,817.4,819.2,816.35,819.2,1810
2022-05-09 11:30:00+05:30,819.2,820.8,818.55,820.0,1358
2022-05-09 11:45:00+05:30,820.0,820.0,818.8,820.0,1015
2022-05-09 12:00:00+05:30,820.0,820.5,815.5,816.9,4459
2022-05-09 12:15:00+05:30,816.9,818.85,812.5,818.85,7571
2022-05-09 12:30:00+05:30,818.8,820.0,818.0,820.0,3083
2022-05-09 12:45:00+05:30,820.0,820.4,819.3,820.0,2386
2022-05-09 13:00:00+05:30,820.0,820.0,818.0,819.65,1700
2022-05-09 13:15:00+05:30,819.65,820.2,818.1,819.2,3905
2022-05-09 13:30:00+05:30,819.85,820.0,816.25,817.0,3491
2022-05-09 13:45:00+05:30,817.0,817.0,813.4,814.55,4511
2022-05-09 14:00:00+05:30,814.55,815.25,813.25,814.0,4002
2022-05-09 14:15:00+05:30,814.0,815.0,812.0,814.2,5306
2022-05-09 14:30:00+05:30,813.7,815.1,813.25,814.15,2470
2022-05-09 14:45:00+05:30,814.15,814.95,812.25,812.4,2476
2022-05-09 15:00:00+05:30,812.95,815.05,812.95,814.0,5280
2022-05-09 15:15:00+05:30,813.5,814.9,810.95,810.95,6838
2022-05-09 15:30:00+05:30,811.7,811.7,802.2,807.0,20883
2022-05-10 09:30:00+05:30,808.6,823.45,808.45,820.6,14105
2022-05-10 09:45:00+05:30,820.6,823.2,820.0,822.25,7686
2022-05-10 10:00:00+05:30,822.25,822.25,820.0,820.5,4885
2022-05-10 10:15:00+05:30,820.5,820.5,815.0,815.5,5058
2022-05-10 10:30:00+05:30,815.0,818.4,815.0,817.25,2322
2022-05-10 10:45:00+05:30,817.3,820.35,816.9,817.5,13586
2022-05-10 11:00:00+05:30,817.5,817.5,815.15,816.0,1344
2022-05-10 11:15:00+05:30,816.0,818.0,814.15,817.5,5117
2022-05-10 11:30:00+05:30,817.5,818.4,816.8,817.7,2267
2022-05-10 11:45:00+05:30,817.7,819.45,815.55,817.0,2882
2022-05-10 12:00:00+05:30,817.0,817.9,814.15,817.0,4257
2022-05-10 12:15:00+05:30,817.0,818.0,814.9,817.65,4361
2022-05-10 12:30:00+05:30,817.65,818.0,815.85,817.4,3499
2022-05-10 12:45:00+05:30,817.4,818.0,815.8,817.2,2934
2022-05-10 13:00:00+05:30,817.2,818.3,815.55,818.0,4243
2022-05-10 13:15:00+05:30,818.0,818.5,817.0,818.0,6227
2022-05-10 13:30:00+05:30,818.0,818.0,815.95,817.75,4545
2022-05-10 13:45:00+05:30,817.75,818.0,816.25,817.4,2505
2022-05-10 14:00:00+05:30,817.4,818.0,816.35,817.75,2066
2022-05-10 14:15:00+05:30,817.75,818.0,814.15,816.55,5085
2022-05-10 14:30:00+05:30,816.55,816.85,811.85,813.2,6118
2022-05-10 14:45:00+05:30,814.05,816.55,813.75,815.35,4832
2022-05-10 15:00:00+05:30,815.35,816.0,811.2,812.45,3698
2022-05-10 15:15:00+05:30,812.45,813.7,802.05,802.95,14717
2022-05-10 15:30:00+05:30,802.8,803.75,799.2,802.6,10972
2022-05-11 09:30:00+05:30,805.0,817.0,805.0,815.1,9257
2022-05-11 09:45:00+05:30,815.1,815.6,801.5,805.9,6168
2022-05-11 10:00:00+05:30,804.85,806.65,800.0,803.25,5792
2022-05-11 10:15:00+05:30,802.5,804.0,797.35,798.75,3860
2022-05-11 10:30:00+05:30,798.75,802.3,783.75,785.2,10752
2022-05-11 10:45:00+05:30,785.0,785.3,775.0,776.95,24779
2022-05-11 11:00:00+05:30,777.0,779.8,773.3,776.05,36607
2022-05-11 11:15:00+05:30,776.05,778.9,774.75,774.75,13684
2022-05-11 11:30:00+05:30,774.75,780.85,774.65,777.0,11728
2022-05-11 11:45:00+05:30,777.0,777.75,774.65,775.5,13305
2022-05-11 12:00:00+05:30,775.45,775.65,770.1,773.25,12714
2022-05-11 12:15:00+05:30,773.2,781.95,772.35,779.05,11663
2022-05-11 12:30:00+05:30,779.05,779.9,778.35,778.65,2464
2022-05-11 12:45:00+05:30,778.65,779.3,768.0,768.5,12163
2022-05-11 13:00:00+05:30,768.5,769.9,761.15,764.3,8957
2022-05-11 13:15:00+05:30,764.3,765.85,757.65,760.95,18528
2022-05-11 13:30:00+05:30,760.95,762.0,755.1,757.85,9842
2022-05-11 13:45:00+05:30,758.0,769.45,758.0,765.65,12478
2022-05-11 14:00:00+05:30,765.65,777.95,765.65,773.6,31298
2022-05-11 14:15:00+05:30,773.95,779.4,771.8,771.9,9343
2022-05-11 14:30:00+05:30,771.9,775.0,771.9,775.0,28652
2022-05-11 14:45:00+05:30,775.0,776.85,765.1,775.0,16299
2022-05-11 15:00:00+05:30,775.0,780.0,775.0,779.4,30478
2022-05-11 15:15:00+05:30,779.35,780.85,774.7,779.95,15374
2022-05-11 15:30:00+05:30,779.95,781.9,777.0,781.9,12640
2022-05-12 09:30:00+05:30,763.0,769.95,751.05,755.0,13966
2022-05-12 09:45:00+05:30,755.3,757.9,752.5,754.25,7065
2022-05-12 10:00:00+05:30,754.25,754.85,751.45,752.5,8859
2022-05-12 10:15:00+05:30,753.25,754.7,750.0,752.65,9715
2022-05-12 10:30:00+05:30,752.65,753.45,750.15,753.2,18103
2022-05-12 10:45:00+05:30,753.2,753.45,740.0,750.05,39575
2022-05-12 11:00:00+05:30,751.0,751.95,748.5,750.7,7625
2022-05-12 11:15:00+05:30,751.0,756.3,747.9,752.3,28174
2022-05-12 11:30:00+05:30,752.6,754.9,751.45,753.6,6342
2022-05-12 11:45:00+05:30,753.95,756.75,753.65,753.85,7270
2022-05-12 12:00:00+05:30,753.85,754.0,750.25,750.25,15536
2022-05-12 12:15:00+05:30,750.05,753.0,748.4,752.05,8275
2022-05-12 12:30:00+05:30,752.05,753.45,751.35,751.35,4293
2022-05-12 12:45:00+05:30,752.0,752.25,748.95,752.0,5319
2022-05-12 13:00:00+05:30,752.0,752.2,747.0,747.8,5448
2022-05-12 13:15:00+05:30,748.2,749.3,743.45,744.0,7949
2022-05-12 13:30:00+05:30,744.0,752.15,742.65,746.95,20899
2022-05-12 13:45:00+05:30,746.95,748.2,745.1,746.2,5919
2022-05-12 14:00:00+05:30,746.2,747.55,740.3,743.5,12430
2022-05-12 14:15:00+05:30,744.4,744.7,741.6,743.0,5443
2022-05-12 14:30:00+05:30,743.0,743.2,738.2,738.65,10013
2022-05-12 14:45:00+05:30,738.55,740.55,737.1,740.3,12558
2022-05-12 15:00:00+05:30,739.85,745.95,739.85,742.95,11240
2022-05-12 15:15:00+05:30,742.95,744.55,739.0,744.3,16918
2022-05-12 15:30:00+05:30,744.55,747.9,723.2,740.05,59044
2022-05-13 09:30:00+05:30,754.5,773.45,751.05,773.45,24322
2022-05-13 09:45:00+05:30,773.2,790.9,769.2,771.3,27460
2022-05-13 10:00:00+05:30,771.3,772.45,748.05,757.65,46355
2022-05-13 10:15:00+05:30,757.65,766.95,757.0,764.75,5798
2022-05-13 10:30:00+05:30,764.75,768.9,763.4,767.95,6950
2022-05-13 10:45:00+05:30,767.95,769.05,766.15,768.0,3512
2022-05-13 11:00:00+05:30,768.0,774.9,768.0,773.7,5898
2022-05-13 11:15:00+05:30,773.85,776.55,773.85,775.9,3428
2022-05-13 11:30:00+05:30,775.9,775.9,769.95,769.95,7281
2022-05-13 11:45:00+05:30,769.95,775.0,769.85,774.75,1952
2022-05-13 12:00:00+05:30,774.75,775.45,774.0,774.25,4384
2022-05-13 12:15:00+05:30,774.3,778.0,774.0,776.85,4567
2022-05-13 12:30:00+05:30,776.55,781.8,776.55,780.45,6850
2022-05-13 12:45:00+05:30,781.2,781.8,774.45,779.2,7135
2022-05-13 13:00:00+05:30,779.2,782.5,777.7,782.45,5508
2022-05-13 13:15:00+05:30,782.4,787.0,781.0,785.0,2948
2022-05-13 13:30:00+05:30,785.0,790.0,781.8,781.8,6622
2022-05-13 13:45:00+05:30,781.9,785.85,781.9,785.5,3275
2022-05-13 14:00:00+05:30,785.5,785.95,783.8,784.5,1291
2022-05-13 14:15:00+05:30,784.55,784.55,774.95,776.9,7301
2022-05-13 14:30:00+05:30,775.0,776.35,769.65,771.0,7807
2022-05-13 14:45:00+05:30,770.35,778.95,770.1,774.25,6823
2022-05-13 15:00:00+05:30,773.65,777.0,769.0,770.0,7402
2022-05-13 15:15:00+05:30,770.0,771.95,758.3,762.2,12835
2022-05-13 15:30:00+05:30,761.65,765.0,745.25,758.7,20484
2022-05-16 09:30:00+05:30,769.0,791.6,760.95,782.0,24869
2022-05-16 09:45:00+05:30,782.0,788.75,778.55,786.05,11144
2022-05-16 10:00:00+05:30,786.35,787.0,782.15,784.05,6683
2022-05-16 10:15:00+05:30,783.75,797.1,783.55,794.45,20802
2022-05-16 10:30:00+05:30,795.45,803.0,794.4,802.4,31268
2022-05-16 10:45:00+05:30,801.95,802.5,799.5,800.0,17691
2022-05-16 11:00:00+05:30,800.45,801.0,797.25,801.0,17882
2022-05-16 11:15:00+05:30,800.0,805.0,799.1,800.5,13641
2022-05-16 11:30:00+05:30,800.5,802.45,798.05,802.0,16665
2022-05-16 11:45:00+05:30,801.95,801.95,797.55,799.5,7651
2022-05-16 12:00:00+05:30,799.5,799.5,795.0,797.6,6270
2022-05-16 12:15:00+05:30,797.2,800.95,796.55,798.35,7184
2022-05-16 12:30:00+05:30,798.35,800.0,796.7,797.95,9629
2022-05-16 12:45:00+05:30,797.95,800.0,797.0,797.95,6672
2022-05-16 13:00:00+05:30,797.95,800.85,796.0,800.5,11254
2022-05-16 13:15:00+05:30,800.85,801.55,799.75,800.25,6227
2022-05-16 13:30:00+05:30,800.25,800.95,798.45,800.45,3156
2022-05-16 13:45:00+05:30,800.45,803.9,800.0,802.8,5430
2022-05-16 14:00:00+05:30,803.5,804.8,800.75,804.7,7001
2022-05-16 14:15:00+05:30,804.65,808.55,803.1,803.95,14098
2022-05-16 14:30:00+05:30,804.1,812.5,800.6,812.5,32743
2022-05-16 14:45:00+05:30,812.5,826.25,811.2,824.15,52312
2022-05-16 15:00:00+05:30,824.15,827.65,822.55,825.65,41335
2022-05-16 15:15:00+05:30,825.65,829.35,823.2,824.25,94476
2022-05-16 15:30:00+05:30,824.35,840.5,824.35,829.3,68409
2022-05-17 09:30:00+05:30,830.0,835.2,820.0,826.9,16689
2022-05-17 09:45:00+05:30,826.9,835.0,825.2,833.0,9431
2022-05-17 10:00:00+05:30,833.0,833.0,829.1,830.45,3287
2022-05-17 10:15:00+05:30,830.5,834.85,829.2,834.8,4930
2022-05-17 10:30:00+05:30,834.8,836.95,833.0,833.1,4508
2022-05-17 10:45:00+05:30,833.1,833.8,832.0,832.3,3026
2022-05-17 11:00:00+05:30,832.3,834.0,832.0,833.0,3756
2022-05-17 11:15:00+05:30,833.65,834.0,832.55,832.8,2735
2022-05-17 11:30:00+05:30,832.8,838.45,830.35,837.0,7554
2022-05-17 11:45:00+05:30,837.0,837.0,831.3,831.8,4996
2022-05-17 12:00:00+05:30,832.05,833.9,830.0,831.7,2434
2022-05-17 12:15:00+05:30,831.7,832.0,828.95,828.95,3789
2022-05-17 12:30:00+05:30,828.95,832.6,826.25,832.6,6703
2022-05-17 12:45:00+05:30,832.6,832.85,830.2,831.1,801
2022-05-17 13:00:00+05:30,831.1,835.0,831.1,833.0,2814
2022-05-17 13:15:00+05:30,834.0,835.0,833.05,834.95,3384
2022-05-17 13:30:00+05:30,834.85,834.95,833.55,834.9,3543
2022-05-17 13:45:00+05:30,834.95,838.0,834.55,837.8,6252
2022-05-17 14:00:00+05:30,837.8,839.0,836.85,838.45,2524
2022-05-17 14:15:00+05:30,838.3,838.45,834.5,836.4,1202
2022-05-17 14:30:00+05:30,836.4,837.7,835.65,836.25,1343
2022-05-17 14:45:00+05:30,836.25,836.55,832.55,835.2,2792
2022-05-17 15:00:00+05:30,835.2,836.35,824.0,829.75,22528
2022-05-17 15:15:00+05:30,829.75,835.6,829.1,831.25,5997
2022-05-17 15:30:00+05:30,831.9,840.25,824.9,838.5,21147
2022-05-18 09:30:00+05:30,837.9,840.5,832.5,840.25,18548
2022-05-18 09:45:00+05:30,840.5,843.0,836.0,842.55,68723
2022-05-18 10:00:00+05:30,842.5,842.5,837.1,840.25,22627
2022-05-18 10:15:00+05:30,840.65,841.4,821.8,828.85,33798
2022-05-18 10:30:00+05:30,828.85,834.0,828.35,832.55,8951
2022-05-18 10:45:00+05:30,832.55,836.0,832.1,834.5,5541
2022-05-18 11:00:00+05:30,834.45,835.7,834.0,834.05,2593
2022-05-18 11:15:00+05:30,834.05,835.35,831.25,832.6,3155
2022-05-18 11:30:00+05:30,832.6,834.9,832.2,833.1,1163
2022-05-18 11:45:00+05:30,833.1,835.35,833.0,834.75,1692
2022-05-18 12:00:00+05:30,834.75,835.15,833.25,834.5,1156
2022-05-18 12:15:00+05:30,834.9,835.35,834.0,834.4,2008
2022-05-18 12:30:00+05:30,834.4,834.8,825.3,827.05,8406
2022-05-18 12:45:00+05:30,827.05,829.65,824.65,827.8,4460
2022-05-18 13:00:00+05:30,827.8,830.95,825.95,830.7,2368
2022-05-18 13:15:00+05:30,830.7,832.2,825.05,825.1,3666
2022-05-18 13:30:00+05:30,825.1,831.85,825.1,831.85,3547
2022-05-18 13:45:00+05:30,831.85,835.0,830.5,834.35,4584
2022-05-18 14:00:00+05:30,834.95,834.95,831.9,831.9,3272
2022-05-18 14:15:00+05:30,831.9,831.9,828.0,828.45,2351
2022-05-18 14:30:00+05:30,828.45,831.95,828.15,831.1,2114
2022-05-18 14:45:00+05:30,831.0,831.0,824.95,827.8,11016
2022-05-18 15:00:00+05:30,827.8,829.0,825.65,826.4,2081
2022-05-18 15:15:00+05:30,825.65,829.45,823.2,825.3,10122
2022-05-18 15:30:00+05:30,825.2,827.7,820.0,827.0,18784
2022-05-19 09:30:00+05:30,819.0,825.0,790.0,823.85,20974
2022-05-19 09:45:00+05:30,823.4,840.55,821.45,826.8,33531
2022-05-19 10:00:00+05:30,825.85,829.1,817.3,823.7,23879
2022-05-19 10:15:00+05:30,823.7,828.15,821.6,827.0,7776
2022-05-19 10:30:00+05:30,827.0,827.3,822.0,823.0,2845
2022-05-19 10:45:00+05:30,822.95,828.4,822.95,826.05,7103
2022-05-19 11:00:00+05:30,826.0,828.0,824.0,827.05,4090
2022-05-19 11:15:00+05:30,827.05,828.5,824.65,827.1,3319
2022-05-19 11:30:00+05:30,826.05,827.95,823.35,823.35,3900
2022-05-19 11:45:00+05:30,822.0,825.85,822.0,824.95,7281
2022-05-19 12:00:00+05:30,824.95,827.0,823.1,824.6,29672
2022-05-19 12:15:00+05:30,824.6,825.05,822.65,822.65,1096
2022-05-19 12:30:00+05:30,822.65,825.0,822.6,824.75,5794
2022-05-19 12:45:00+05:30,824.75,824.9,823.25,824.85,1191
2022-05-19 13:00:00+05:30,824.85,825.0,823.45,824.95,1185
2022-05-19 13:15:00+05:30,824.95,825.0,820.0,820.0,5555
2022-05-19 13:30:00+05:30,820.25,822.5,820.0,821.25,4541
2022-05-19 13:45:00+05:30,821.25,822.25,820.0,821.0,2037
2022-05-19 14:00:00+05:30,821.0,822.0,818.0,818.0,5976
2022-05-19 14:15:00+05:30,818.0,820.4,817.5,818.65,8763
2022-05-19 14:30:00+05:30,818.65,819.1,815.35,818.7,5455
2022-05-19 14:45:00+05:30,818.0,818.35,814.0,814.5,4996
2022-05-19 15:00:00+05:30,814.5,819.55,814.3,819.5,3649
2022-05-19 15:15:00+05:30,819.5,821.35,817.5,820.5,6615
2022-05-19 15:30:00+05:30,821.0,824.0,815.05,820.0,13829
2022-05-20 09:30:00+05:30,828.0,837.95,828.0,832.85,14847
2022-05-20 09:45:00+05:30,833.9,835.0,832.55,832.85,5955
2022-05-20 10:00:00+05:30,832.85,834.3,832.0,832.1,7442
2022-05-20 10:15:00+05:30,832.1,833.5,832.0,832.05,3657
2022-05-20 10:30:00+05:30,832.05,833.85,832.0,832.0,1720
2022-05-20 10:45:00+05:30,832.0,833.0,830.0,831.85,2881
2022-05-20 11:00:00+05:30,831.85,832.5,830.0,830.0,3078
2022-05-20 11:15:00+05:30,830.0,831.1,828.2,828.2,4094
2022-05-20 11:30:00+05:30,828.2,829.65,828.2,828.75,705
2022-05-20 11:45:00+05:30,828.9,828.9,827.5,828.0,1480
2022-05-20 12:00:00+05:30,828.0,828.55,825.0,826.15,2419
2022-05-20 12:15:00+05:30,826.15,827.75,823.5,826.7,3133
2022-05-20 12:30:00+05:30,826.7,827.75,823.85,825.05,2429
2022-05-20 12:45:00+05:30,825.95,828.0,823.65,828.0,2277
2022-05-20 13:00:00+05:30,828.0,829.15,824.1,827.95,29502
2022-05-20 13:15:00+05:30,827.95,828.55,826.0,826.3,1018
2022-05-20 13:30:00+05:30,827.15,828.15,826.0,826.0,1769
2022-05-20 13:45:00+05:30,826.0,827.45,824.45,825.5,3430
2022-05-20 14:00:00+05:30,825.5,832.0,824.55,831.1,6060
2022-05-20 14:15:00+05:30,831.0,834.45,829.65,831.3,10814
2022-05-20 14:30:00+05:30,831.75,838.0,830.6,832.1,20347
2022-05-20 14:45:00+05:30,832.05,835.95,831.55,834.6,7780
2022-05-20 15:00:00+05:30,834.6,836.25,834.5,835.1,2295
2022-05-20 15:15:00+05:30,835.25,840.75,835.0,840.0,18828
2022-05-20 15:30:00+05:30,840.0,843.05,838.1,842.25,18953
2022-05-23 09:30:00+05:30,842.0,877.0,835.2,844.0,38980
2022-05-23 09:45:00+05:30,843.2,843.35,836.25,840.15,13749
2022-05-23 10:00:00+05:30,839.85,844.3,838.0,843.25,6478
2022-05-23 10:15:00+05:30,843.45,845.0,842.15,843.15,2763
2022-05-23 10:30:00+05:30,843.15,843.15,837.0,838.95,4094
2022-05-23 10:45:00+05:30,840.25,841.0,837.1,840.0,3470
2022-05-23 11:00:00+05:30,839.3,839.4,830.0,832.7,7957
2022-05-23 11:15:00+05:30,832.75,834.0,831.05,833.45,3169
2022-05-23 11:30:00+05:30,833.45,836.45,832.6,834.15,2352
2022-05-23 11:45:00+05:30,834.7,835.25,832.15,832.7,2595
2022-05-23 12:00:00+05:30,832.7,834.95,832.2,834.05,1685
2022-05-23 12:15:00+05:30,834.05,835.2,832.95,834.35,1364
2022-05-23 12:30:00+05:30,834.35,834.9,832.7,833.6,1279
2022-05-23 12:45:00+05:30,833.6,837.9,833.0,835.95,2450
2022-05-23 13:00:00+05:30,835.95,836.0,833.9,836.0,1550
2022-05-23 13:15:00+05:30,835.95,835.95,832.85,833.65,875
2022-05-23 13:30:00+05:30,834.0,835.85,833.6,835.15,1778
2022-05-23 13:45:00+05:30,835.2,835.8,832.3,832.4,2124
2022-05-23 14:00:00+05:30,832.4,835.0,832.25,833.2,1538
2022-05-23 14:15:00+05:30,833.05,833.6,825.05,828.0,6314
2022-05-23 14:30:00+05:30,828.0,833.1,828.0,833.1,1812
2022-05-23 14:45:00+05:30,833.1,833.25,827.0,829.0,3200
2022-05-23 15:00:00+05:30,829.0,830.45,827.8,829.45,1590
2022-05-23 15:15:00+05:30,829.05,829.65,822.35,824.25,8630
2022-05-23 15:30:00+05:30,824.25,825.0,821.0,824.75,19005
2022-05-24 09:30:00+05:30,831.5,834.0,825.0,830.0,11460
2022-05-24 09:45:00+05:30,830.0,830.05,826.65,828.75,8668
2022-05-24 10:00:00+05:30,829.0,830.85,827.1,828.05,4823
2022-05-24 10:15:00+05:30,828.05,829.35,827.0,827.45,3231
2022-05-24 10:30:00+05:30,827.45,828.65,825.0,828.65,1672
2022-05-24 10:45:00+05:30,828.8,830.7,826.9,826.9,1302
2022-05-24 11:00:00+05:30,826.9,828.95,826.65,828.35,883
2022-05-24 11:15:00+05:30,828.35,829.1,825.0,826.0,2739
2022-05-24 11:30:00+05:30,826.0,826.1,825.0,825.4,1185
2022-05-24 11:45:00+05:30,825.4,830.0,825.0,828.9,3508
2022-05-24 12:00:00+05:30,828.9,831.85,828.2,830.8,2264
2022-05-24 12:15:00+05:30,830.8,830.85,827.0,828.3,922
2022-05-24 12:30:00+05:30,828.3,829.8,826.75,826.75,710
2022-05-24 12:45:00+05:30,826.75,829.65,826.5,826.55,1363
2022-05-24 13:00:00+05:30,826.55,827.2,826.5,827.2,733
2022-05-24 13:15:00+05:30,827.3,828.9,826.1,827.95,1028
2022-05-24 13:30:00+05:30,827.95,828.5,826.1,826.55,939
2022-05-24 13:45:00+05:30,826.55,829.5,826.55,829.05,25779
2022-05-24 14:00:00+05:30,829.05,829.9,827.5,829.85,9011
2022-05-24 14:15:00+05:30,829.85,830.75,827.6,830.75,3803
2022-05-24 14:30:00+05:30,830.7,834.9,829.55,831.55,8055
2022-05-24 14:45:00+05:30,831.55,831.55,826.1,827.05,2987
2022-05-24 15:00:00+05:30,827.05,828.95,826.1,826.2,7843
2022-05-24 15:15:00+05:30,826.55,827.3,824.5,825.85,6597
2022-05-24 15:30:00+05:30,826.25,828.0,819.25,828.0,13287
2022-05-25 09:30:00+05:30,825.0,828.0,821.0,821.55,9006
2022-05-25 09:45:00+05:30,822.95,822.95,815.0,816.0,13219
2022-05-25 10:00:00+05:30,816.0,817.85,812.0,814.4,6487
2022-05-25 10:15:00+05:30,814.4,814.8,811.15,812.3,2363
2022-05-25 10:30:00+05:30,812.3,812.3,808.15,809.25,5341
2022-05-25 10:45:00+05:30,810.0,814.75,809.15,812.35,5098
2022-05-25 11:00:00+05:30,812.35,813.35,811.05,812.5,1668
2022-05-25 11:15:00+05:30,812.5,820.75,811.35,816.7,10939
2022-05-25 11:30:00+05:30,816.7,817.25,812.85,814.85,1064
2022-05-25 11:45:00+05:30,814.85,815.05,811.05,811.15,1783
2022-05-25 12:00:00+05:30,811.3,812.8,811.0,811.0,2839
2022-05-25 12:15:00+05:30,811.0,811.35,809.5,810.0,3303
2022-05-25 12:30:00+05:30,810.0,811.3,808.0,810.45,3961
2022-05-25 12:45:00+05:30,810.45,813.15,807.95,812.55,3690
2022-05-25 13:00:00+05:30,812.55,814.55,812.0,813.45,2024
2022-05-25 13:15:00+05:30,813.45,814.05,810.65,813.9,1862
2022-05-25 13:30:00+05:30,813.9,814.25,812.0,813.35,1459
2022-05-25 13:45:00+05:30,813.15,813.25,806.55,806.55,8917
2022-05-25 14:00:00+05:30,806.55,810.05,803.0,806.7,13055
2022-05-25 14:15:00+05:30,806.75,808.1,805.4,807.75,6983
2022-05-25 14:30:00+05:30,807.8,809.1,807.0,808.1,7109
2022-05-25 14:45:00+05:30,809.0,809.0,806.25,807.45,3659
2022-05-25 15:00:00+05:30,807.25,807.25,803.05,805.9,5553
2022-05-25 15:15:00+05:30,805.85,806.05,787.0,787.0,12624
2022-05-25 15:30:00+05:30,785.1,793.0,776.1,787.95,27382
2022-05-26 09:30:00+05:30,778.0,805.8,778.0,801.6,14278
2022-05-26 09:45:00+05:30,801.6,801.6,788.0,788.95,6731
2022-05-26 10:00:00+05:30,788.95,791.0,782.35,783.95,6026
2022-05-26 10:15:00+05:30,783.4,783.95,771.2,773.9,18537
2022-05-26 10:30:00+05:30,773.9,778.85,768.55,769.3,5226
2022-05-26 10:45:00+05:30,768.55,782.0,765.25,781.65,36815
2022-05-26 11:00:00+05:30,781.65,782.0,779.6,781.65,3045
2022-05-26 11:15:00+05:30,781.65,785.0,781.0,782.95,3231
2022-05-26 11:30:00+05:30,783.0,790.0,783.0,784.4,2538
2022-05-26 11:45:00+05:30,785.85,787.35,782.6,787.35,971
2022-05-26 12:00:00+05:30,787.35,790.0,787.15,789.5,1341
2022-05-26 12:15:00+05:30,789.5,791.0,785.5,786.65,3448
2022-05-26 12:30:00+05:30,786.8,792.6,786.8,790.45,2597
2022-05-26 12:45:00+05:30,790.65,795.0,788.65,794.9,1208
2022-05-26 13:00:00+05:30,794.9,798.25,794.15,796.95,3601
2022-05-26 13:15:00+05:30,797.0,799.0,795.4,795.4,1757
2022-05-26 13:30:00+05:30,795.4,798.45,791.3,793.95,5004
2022-05-26 13:45:00+05:30,793.95,796.3,791.9,792.45,1821
2022-05-26 14:00:00+05:30,792.35,794.4,785.5,786.15,2120
2022-05-26 14:15:00+05:30,787.75,790.15,785.05,786.95,2717
2022-05-26 14:30:00+05:30,786.95,789.0,784.85,787.15,3791
2022-05-26 14:45:00+05:30,787.85,788.15,784.0,787.65,2622
2022-05-26 15:00:00+05:30,787.65,790.0,784.4,786.1,2148
2022-05-26 15:15:00+05:30,786.9,789.05,785.05,787.0,9774
2022-05-26 15:30:00+05:30,787.0,787.5,780.75,786.05,9299
2022-05-27 09:30:00+05:30,799.0,804.0,791.1,802.2,8624
2022-05-27 09:45:00+05:30,802.2,803.0,798.0,801.3,3493
2022-05-27 10:00:00+05:30,801.3,803.0,799.2,803.0,2576
2022-05-27 10:15:00+05:30,803.0,804.9,799.5,804.1,4944
2022-05-27 10:30:00+05:30,803.7,804.9,802.3,802.3,2138
2022-05-27 10:45:00+05:30,801.2,804.0,800.0,803.0,3414
2022-05-27 11:00:00+05:30,801.75,815.6,800.0,807.7,15165
2022-05-27 11:15:00+05:30,807.7,818.2,806.5,816.0,11732
2022-05-27 11:30:00+05:30,815.25,816.0,808.45,812.0,9709
2022-05-27 11:45:00+05:30,812.0,813.8,809.0,812.95,3793
2022-05-27 12:00:00+05:30,812.95,813.7,809.4,810.3,2136
2022-05-27 12:15:00+05:30,809.25,812.0,809.25,809.85,1216
2022-05-27 12:30:00+05:30,809.85,814.0,809.6,813.0,979
2022-05-27 12:45:00+05:30,813.25,814.9,812.1,812.5,1634
2022-05-27 13:00:00+05:30,812.5,812.7,810.0,810.2,889
2022-05-27 13:15:00+05:30,810.2,812.85,810.2,812.8,311
2022-05-27 13:30:00+05:30,812.8,813.55,811.15,812.3,1164
2022-05-27 13:45:00+05:30,812.05,814.95,810.1,814.1,2074
2022-05-27 14:00:00+05:30,814.1,814.9,811.0,813.75,3272
2022-05-27 14:15:00+05:30,813.75,818.0,813.1,817.3,5971
2022-05-27 14:30:00+05:30,817.45,817.75,816.0,816.8,3452
2022-05-27 14:45:00+05:30,816.8,817.45,813.0,813.75,2137
2022-05-27 15:00:00+05:30,813.75,817.0,813.1,816.45,1996
2022-05-27 15:15:00+05:30,816.55,817.0,814.3,815.75,4838
2022-05-27 15:30:00+05:30,815.75,817.75,810.0,815.0,13396
2022-05-30 09:30:00+05:30,826.0,827.7,813.05,817.55,15902
2022-05-30 09:45:00+05:30,817.55,817.55,812.25,816.3,12750
2022-05-30 10:00:00+05:30,816.3,821.05,814.55,820.7,14313
2022-05-30 10:15:00+05:30,820.95,821.0,819.1,819.35,5348
2022-05-30 10:30:00+05:30,819.35,821.0,818.1,820.45,9881
2022-05-30 10:45:00+05:30,820.45,821.45,819.6,820.55,3363
2022-05-30 11:00:00+05:30,820.55,821.55,819.4,821.05,3838
2022-05-30 11:15:00+05:30,821.05,822.05,819.55,821.2,4106
2022-05-30 11:30:00+05:30,821.2,822.2,819.4,821.7,3828
2022-05-30 11:45:00+05:30,821.7,822.25,818.8,818.8,10040
2022-05-30 12:00:00+05:30,818.8,822.0,818.8,820.3,4514
2022-05-30 12:15:00+05:30,820.3,822.0,819.5,820.0,5479
2022-05-30 12:30:00+05:30,820.05,820.75,819.5,819.5,5911
2022-05-30 12:45:00+05:30,819.5,819.8,818.6,819.05,9148
2022-05-30 13:00:00+05:30,819.05,821.65,818.5,820.9,13367
2022-05-30 13:15:00+05:30,820.9,821.05,819.45,820.4,1358
2022-05-30 13:30:00+05:30,820.4,820.4,819.15,819.75,1601
2022-05-30 13:45:00+05:30,819.75,821.0,819.45,820.0,5298
2022-05-30 14:00:00+05:30,820.0,820.35,819.45,820.0,5070
2022-05-30 14:15:00+05:30,820.0,820.05,817.75,817.75,4628
2022-05-30 14:30:00+05:30,817.75,817.75,815.05,815.95,3147
2022-05-30 14:45:00+05:30,815.95,819.35,815.95,818.3,3377
2022-05-30 15:00:00+05:30,818.65,819.1,815.1,816.15,6098
2022-05-30 15:15:00+05:30,816.15,817.5,816.0,816.1,9302
2022-05-30 15:30:00+05:30,816.1,816.1,815.0,815.05,15874
2022-05-31 09:30:00+05:30,769.5,794.45,760.6,780.3,108372
2022-05-31 09:45:00+05:30,781.0,782.75,768.35,777.95,65886
2022-05-31 10:00:00+05:30,778.0,783.15,773.1,782.15,37995
2022-05-31 10:15:00+05:30,782.15,794.0,781.5,794.0,57068
2022-05-31 10:30:00+05:30,794.0,797.0,788.0,788.45,24316
2022-05-31 10:45:00+05:30,788.45,800.0,788.45,799.05,37531
2022-05-31 11:00:00+05:30,799.05,800.0,793.3,795.8,13432
2022-05-31 11:15:00+05:30,795.7,798.6,794.15,796.4,11527
2022-05-31 11:30:00+05:30,796.7,796.7,786.15,790.6,28363
2022-05-31 11:45:00+05:30,790.6,790.8,785.15,785.5,11604
2022-05-31 12:00:00+05:30,785.5,785.95,775.4,783.0,27688
2022-05-31 12:15:00+05:30,783.1,785.0,778.0,782.4,21244
2022-05-31 12:30:00+05:30,782.3,785.0,781.1,785.0,5938
2022-05-31 12:45:00+05:30,784.7,792.2,784.2,791.8,14457
2022-05-31 13:00:00+05:30,791.8,795.0,788.35,789.45,30991
2022-05-31 13:15:00+05:30,789.45,792.95,788.0,789.2,19368
2022-05-31 13:30:00+05:30,789.2,792.7,789.15,790.4,16971
2022-05-31 13:45:00+05:30,790.4,792.25,788.0,790.95,19666
2022-05-31 14:00:00+05:30,790.55,805.0,790.2,800.25,67036
2022-05-31 14:15:00+05:30,800.25,801.95,795.8,799.2,27136
2022-05-31 14:30:00+05:30,799.2,801.4,797.2,797.9,22498
2022-05-31 14:45:00+05:30,797.9,801.45,797.6,800.4,21594
2022-05-31 15:00:00+05:30,800.4,802.8,799.4,801.0,18369
2022-05-31 15:15:00+05:30,801.0,809.3,798.95,806.95,103696
2022-05-31 15:30:00+05:30,807.05,813.15,797.0,803.0,87549
2022-06-01 09:30:00+05:30,804.5,819.85,804.5,810.75,17823
2022-06-01 09:45:00+05:30,811.35,811.7,806.1,806.1,6507
2022-06-01 10:00:00+05:30,806.1,812.5,803.15,806.35,4898
2022-06-01 10:15:00+05:30,806.3,808.7,805.0,807.55,2750
2022-06-01 10:30:00+05:30,807.55,810.85,807.05,810.0,4501
2022-06-01 10:45:00+05:30,810.35,810.45,808.25,809.0,984
2022-06-01 11:00:00+05:30,809.0,809.9,805.1,805.8,1938
2022-06-01 11:15:00+05:30,806.1,806.1,799.5,801.3,6820
2022-06-01 11:30:00+05:30,801.3,805.5,801.3,805.0,1290
2022-06-01 11:45:00+05:30,805.0,806.5,801.55,803.0,2079
2022-06-01 12:00:00+05:30,803.0,803.9,801.5,801.5,1382
2022-06-01 12:15:00+05:30,802.05,802.8,798.25,801.2,3197
2022-06-01 12:30:00+05:30,801.2,801.2,797.2,797.45,1563
2022-06-01 12:45:00+05:30,797.45,798.5,797.45,798.0,646
2022-06-01 13:00:00+05:30,798.0,798.5,796.25,797.8,1864
2022-06-01 13:15:00+05:30,797.75,798.5,796.25,797.75,1085
2022-06-01 13:30:00+05:30,797.75,800.05,795.05,796.0,3962
2022-06-01 13:45:00+05:30,795.2,798.45,795.2,796.9,2225
2022-06-01 14:00:00+05:30,796.0,799.65,792.0,794.7,4339
2022-06-01 14:15:00+05:30,794.45,796.4,791.55,792.05,1328
2022-06-01 14:30:00+05:30,792.15,795.3,792.15,794.05,746
2022-06-01 14:45:00+05:30,794.0,796.75,791.65,792.35,1573
2022-06-01 15:00:00+05:30,792.35,794.35,790.7,792.65,3383
2022-06-01 15:15:00+05:30,792.65,796.0,792.5,793.05,2467
2022-06-01 15:30:00+05:30,794.65,797.3,792.5,795.0,10000
2022-06-02 09:30:00+05:30,799.1,799.8,782.25,785.9,18546
2022-06-02 09:45:00+05:30,786.3,787.8,781.05,783.65,11577
2022-06-02 10:00:00+05:30,783.8,785.0,781.25,784.35,8148
2022-06-02 10:15:00+05:30,784.35,784.9,781.3,784.0,8732
2022-06-02 10:30:00+05:30,784.0,784.45,782.0,784.3,4121
2022-06-02 10:45:00+05:30,784.3,785.0,783.05,783.9,5473
2022-06-02 11:00:00+05:30,783.9,784.0,778.5,781.65,13177
2022-06-02 11:15:00+05:30,781.65,782.55,779.3,780.0,5706
2022-06-02 11:30:00+05:30,780.0,780.5,779.05,780.1,2538
2022-06-02 11:45:00+05:30,780.1,782.0,779.05,782.0,3457
2022-06-02 12:00:00+05:30,782.0,782.0,780.0,781.7,1360
2022-06-02 12:15:00+05:30,781.7,782.85,780.0,781.65,2184
2022-06-02 12:30:00+05:30,781.65,782.0,780.2,781.8,955
2022-06-02 12:45:00+05:30,781.8,783.3,780.05,783.3,2796
2022-06-02 13:00:00+05:30,783.3,785.0,783.05,784.65,2008
2022-06-02 13:15:00+05:30,784.65,784.9,783.0,784.9,944
2022-06-02 13:30:00+05:30,784.9,784.9,781.1,782.75,3669
2022-06-02 13:45:00+05:30,782.75,784.0,782.3,783.1,916
2022-06-02 14:00:00+05:30,783.85,784.9,781.5,783.4,3559
2022-06-02 14:15:00+05:30,783.4,784.65,783.15,784.4,1107
2022-06-02 14:30:00+05:30,784.4,784.95,783.35,784.0,1737
2022-06-02 14:45:00+05:30,784.0,784.85,783.35,784.35,1550
2022-06-02 15:00:00+05:30,784.35,786.6,783.65,785.05,4216
2022-06-02 15:15:00+05:30,785.05,786.85,783.85,785.9,7699
2022-06-02 15:30:00+05:30,785.9,788.8,784.0,787.9,14294
2022-06-03 09:30:00+05:30,797.25,802.4,795.65,796.5,15817
2022-06-03 09:45:00+05:30,796.5,806.0,792.4,805.25,14742
2022-06-03 10:00:00+05:30,805.25,811.95,805.05,805.55,17156
2022-06-03 10:15:00+05:30,805.55,807.1,805.1,805.85,5098
2022-06-03 10:30:00+05:30,805.8,806.3,793.9,797.45,17463
2022-06-03 10:45:00+05:30,798.0,798.3,796.2,797.0,3609
2022-06-03 11:00:00+05:30,797.0,800.0,796.1,799.25,1885
2022-06-03 11:15:00+05:30,799.55,800.95,798.5,800.0,2929
2022-06-03 11:30:00+05:30,799.5,800.05,796.25,798.2,1821
2022-06-03 11:45:00+05:30,797.95,799.45,797.1,799.35,1072
2022-06-03 12:00:00+05:30,799.35,800.0,796.7,799.3,2013
2022-06-03 12:15:00+05:30,799.3,799.3,796.55,796.9,643
2022-06-03 12:30:00+05:30,796.95,797.95,796.5,797.6,1292
2022-06-03 12:45:00+05:30,797.65,799.9,796.0,799.3,3407
2022-06-03 13:00:00+05:30,799.3,799.3,796.15,796.25,1837
2022-06-03 13:15:00+05:30,796.25,796.8,793.0,793.85,5974
2022-06-03 13:30:00+05:30,793.85,795.65,788.5,793.3,11648
2022-06-03 13:45:00+05:30,793.3,793.3,789.55,791.1,3483
2022-06-03 14:00:00+05:30,791.0,793.55,790.55,793.25,2631
2022-06-03 14:15:00+05:30,793.55,793.55,790.55,792.75,1673
2022-06-03 14:30:00+05:30,792.75,793.7,790.0,790.8,1188
2022-06-03 14:45:00+05:30,790.8,792.3,790.2,790.65,1328
2022-06-03 15:00:00+05:30,791.0,791.8,785.0,786.75,4985
2022-06-03 15:15:00+05:30,786.75,793.0,786.0,789.95,6971
2022-06-03 15:30:00+05:30,788.8,790.6,777.0,788.0,15574
2022-06-06 09:30:00+05:30,789.0,792.0,775.4,779.5,13679
2022-06-06 09:45:00+05:30,779.0,779.0,773.0,776.45,8400
2022-06-06 10:00:00+05:30,776.35,780.0,775.55,778.8,3133
2022-06-06 10:15:00+05:30,778.85,780.0,778.15,779.0,1112
2022-06-06 10:30:00+05:30,779.0,781.95,778.2,780.0,4037
2022-06-06 10:45:00+05:30,780.0,780.0,778.45,779.15,1382
2022-06-06 11:00:00+05:30,779.15,780.0,778.05,780.0,2047
2022-06-06 11:15:00+05:30,780.0,780.0,778.15,779.4,2507
2022-06-06 11:30:00+05:30,779.4,779.95,778.1,779.15,1877
2022-06-06 11:45:00+05:30,779.9,780.0,778.5,779.7,903
2022-06-06 12:00:00+05:30,779.75,780.0,778.05,779.15,2004
2022-06-06 12:15:00+05:30,779.15,780.0,778.65,780.0,769
2022-06-06 12:30:00+05:30,780.0,782.6,779.25,782.0,1621
2022-06-06 12:45:00+05:30,782.0,784.65,782.0,783.55,551
2022-06-06 13:00:00+05:30,783.55,786.0,782.6,784.4,1668
2022-06-06 13:15:00+05:30,784.4,784.55,782.0,782.0,851
2022-06-06 13:30:00+05:30,782.0,782.7,780.45,781.9,1199
2022-06-06 13:45:00+05:30,781.9,781.9,779.9,781.5,1303
2022-06-06 14:00:00+05:30,781.5,782.0,779.95,781.05,1178
2022-06-06 14:15:00+05:30,780.15,782.6,780.05,781.75,857
2022-06-06 14:30:00+05:30,781.75,781.85,779.55,781.75,2895
2022-06-06 14:45:00+05:30,782.0,782.95,780.6,782.95,518
2022-06-06 15:00:00+05:30,782.95,784.0,781.5,781.5,765
2022-06-06 15:15:00+05:30,781.5,790.0,781.5,783.25,4757
2022-06-06 15:30:00+05:30,784.05,790.0,781.0,784.1,4940
2022-06-07 09:30:00+05:30,784.0,788.5,778.3,786.2,3983
2022-06-07 09:45:00+05:30,787.05,787.85,782.5,783.55,3131
2022-06-07 10:00:00+05:30,784.5,784.6,781.85,782.85,1243
2022-06-07 10:15:00+05:30,782.85,786.0,781.05,785.0,1880
2022-06-07 10:30:00+05:30,785.0,785.3,782.6,783.85,1046
2022-06-07 10:45:00+05:30,783.85,784.7,782.1,783.8,615
2022-06-07 11:00:00+05:30,783.8,784.55,782.1,784.15,1185
2022-06-07 11:15:00+05:30,784.45,785.35,780.2,780.9,4586
2022-06-07 11:30:00+05:30,780.2,782.85,780.2,781.5,481
2022-06-07 11:45:00+05:30,782.1,783.55,781.8,783.55,646
2022-06-07 12:00:00+05:30,783.55,784.6,782.1,784.0,855
2022-06-07 12:15:00+05:30,784.0,784.0,782.75,783.75,658
2022-06-07 12:30:00+05:30,783.75,783.75,781.95,782.55,874
2022-06-07 12:45:00+05:30,782.55,783.5,781.1,782.1,703
2022-06-07 13:00:00+05:30,782.1,782.65,781.3,782.5,477
2022-06-07 13:15:00+05:30,782.5,782.5,780.2,781.0,782
2022-06-07 13:30:00+05:30,781.0,782.6,780.5,782.15,784
2022-06-07 13:45:00+05:30,781.05,783.0,781.0,781.05,474
2022-06-07 14:00:00+05:30,781.05,783.1,780.0,780.85,2216
2022-06-07 14:15:00+05:30,780.85,781.75,780.75,781.0,443
2022-06-07 14:30:00+05:30,781.0,782.5,781.0,782.45,295
2022-06-07 14:45:00+05:30,782.45,782.85,780.7,781.85,827
2022-06-07 15:00:00+05:30,781.85,781.85,779.35,780.4,3033
2022-06-07 15:15:00+05:30,780.85,784.0,780.85,783.95,3870
2022-06-07 15:30:00+05:30,783.95,785.0,783.0,784.85,3418
2022-06-08 09:30:00+05:30,790.0,799.6,787.85,794.7,15393
2022-06-08 09:45:00+05:30,794.0,799.0,792.15,797.95,10878
2022-06-08 10:00:00+05:30,797.95,808.65,797.95,798.95,29120
2022-06-08 10:15:00+05:30,799.55,804.55,794.5,800.0,18209
2022-06-08 10:30:00+05:30,801.85,803.7,796.55,798.15,6487
2022-06-08 10:45:00+05:30,798.15,803.5,798.15,802.0,10569
2022-06-08 11:00:00+05:30,802.0,802.95,801.3,802.25,8091
2022-06-08 11:15:00+05:30,802.25,804.9,801.5,803.8,8559
2022-06-08 11:30:00+05:30,805.6,808.4,803.45,805.9,17104
2022-06-08 11:45:00+05:30,805.9,812.45,805.9,810.0,21152
2022-06-08 12:00:00+05:30,810.0,815.9,808.55,814.0,22464
2022-06-08 12:15:00+05:30,814.0,816.05,811.3,813.7,17178
2022-06-08 12:30:00+05:30,813.7,820.2,813.0,818.4,31917
2022-06-08 12:45:00+05:30,818.85,819.25,812.1,814.95,24000
2022-06-08 13:00:00+05:30,814.95,817.0,812.3,813.3,7608
2022-06-08 13:15:00+05:30,813.3,813.95,809.0,810.05,13040
2022-06-08 13:30:00+05:30,810.05,813.0,809.2,813.0,9639
2022-06-08 13:45:00+05:30,812.0,813.2,809.85,809.85,5637
2022-06-08 14:00:00+05:30,809.8,817.0,809.8,815.1,12313
2022-06-08 14:15:00+05:30,815.1,815.1,810.95,811.9,7097
2022-06-08 14:30:00+05:30,811.9,812.75,809.45,812.35,9875
2022-06-08 14:45:00+05:30,812.35,812.35,805.0,808.65,12643
2022-06-08 15:00:00+05:30,808.65,811.0,806.35,808.9,10315
2022-06-08 15:15:00+05:30,808.9,814.0,808.9,810.4,12994
2022-06-08 15:30:00+05:30,810.4,816.6,808.0,810.0,25951
2022-06-09 09:30:00+05:30,832.5,834.8,817.2,818.35,93309
2022-06-09 09:45:00+05:30,818.35,821.3,813.0,821.0,35905
2022-06-09 10:00:00+05:30,821.0,821.25,816.0,817.0,18734
2022-06-09 10:15:00+05:30,817.0,832.2,817.0,826.0,84742
2022-06-09 10:30:00+05:30,825.05,830.0,824.2,826.5,13940
2022-06-09 10:45:00+05:30,826.0,829.0,824.65,827.0,9674
2022-06-09 11:00:00+05:30,827.0,827.0,821.5,824.0,9881
2022-06-09 11:15:00+05:30,824.5,825.6,822.6,824.95,4465
2022-06-09 11:30:00+05:30,824.95,825.45,822.05,824.2,3999
2022-06-09 11:45:00+05:30,824.2,824.2,820.15,822.65,8874
2022-06-09 12:00:00+05:30,822.65,823.0,821.0,821.5,2560
2022-06-09 12:15:00+05:30,821.5,825.3,821.3,823.85,5486
2022-06-09 12:30:00+05:30,823.85,824.65,823.55,824.2,1542
2022-06-09 12:45:00+05:30,823.5,824.5,820.4,821.4,4249
2022-06-09 13:00:00+05:30,821.4,822.7,820.25,820.4,1886
2022-06-09 13:15:00+05:30,820.4,821.2,816.5,818.85,12378
2022-06-09 13:30:00+05:30,818.85,820.15,818.0,819.05,4569
2022-06-09 13:45:00+05:30,819.05,819.65,818.05,819.4,1451
2022-06-09 14:00:00+05:30,819.4,821.5,819.0,819.0,2874
2022-06-09 14:15:00+05:30,819.0,823.0,819.0,821.8,4429
2022-06-09 14:30:00+05:30,821.8,823.0,819.4,819.4,3597
2022-06-09 14:45:00+05:30,819.4,821.5,817.35,820.75,5027
2022-06-09 15:00:00+05:30,820.75,823.5,820.2,820.65,8488
2022-06-09 15:15:00+05:30,820.65,828.0,820.65,825.45,28929
2022-06-09 15:30:00+05:30,825.5,831.0,825.35,830.0,71293
2022-06-10 09:30:00+05:30,825.0,826.0,805.0,817.75,19260
2022-06-10 09:45:00+05:30,818.6,824.95,816.6,823.3,7302
2022-06-10 10:00:00+05:30,823.3,824.0,822.0,824.0,6817
2022-06-10 10:15:00+05:30,824.0,824.0,822.0,822.6,2827
2022-06-10 10:30:00+05:30,822.6,828.1,822.45,825.75,3802
2022-06-10 10:45:00+05:30,825.75,825.8,822.05,823.05,4290
2022-06-10 11:00:00+05:30,823.05,825.0,822.0,822.9,1731
2022-06-10 11:15:00+05:30,822.0,823.15,822.0,822.1,282
2022-06-10 11:30:00+05:30,822.1,822.75,820.5,821.35,1695
2022-06-10 11:45:00+05:30,821.4,821.4,817.55,819.1,2908
2022-06-10 12:00:00+05:30,819.1,820.75,818.0,819.4,1086
2022-06-10 12:15:00+05:30,819.45,821.0,816.55,817.0,3196
2022-06-10 12:30:00+05:30,817.0,817.0,813.05,815.1,3240
2022-06-10 12:45:00+05:30,815.4,815.65,813.1,813.5,1775
2022-06-10 13:00:00+05:30,813.5,813.75,811.65,812.9,3395
2022-06-10 13:15:00+05:30,812.9,815.6,812.85,814.45,537
2022-06-10 13:30:00+05:30,814.45,814.45,813.0,813.25,614
2022-06-10 13:45:00+05:30,813.25,813.5,811.1,813.4,2540
2022-06-10 14:00:00+05:30,813.35,816.0,813.35,815.85,1993
2022-06-10 14:15:00+05:30,815.85,816.0,814.65,816.0,1770
2022-06-10 14:30:00+05:30,816.0,816.0,814.35,816.0,3738
2022-06-10 14:45:00+05:30,816.0,816.0,814.75,815.8,5172
2022-06-10 15:00:00+05:30,815.8,816.0,815.0,815.95,2555
2022-06-10 15:15:00+05:30,815.5,816.0,814.55,815.35,4079
2022-06-10 15:30:00+05:30,815.5,816.0,801.0,809.0,23540
2022-06-13 09:30:00+05:30,795.0,795.0,781.0,786.25,13488
2022-06-13 09:45:00+05:30,786.65,787.0,783.0,786.25,6799
2022-06-13 10:00:00+05:30,786.25,788.0,782.6,785.55,4563
2022-06-13 10:15:00+05:30,785.55,786.5,783.05,785.65,4317
2022-06-13 10:30:00+05:30,786.5,786.5,783.2,784.45,1767
2022-06-13 10:45:00+05:30,784.45,786.5,784.45,785.45,1512
2022-06-13 11:00:00+05:30,785.45,786.5,785.0,785.1,2619
2022-06-13 11:15:00+05:30,785.45,786.5,785.35,786.05,902
2022-06-13 11:30:00+05:30,786.05,786.65,786.0,786.2,1234
2022-06-13 11:45:00+05:30,786.2,786.5,785.0,785.9,3093
2022-06-13 12:00:00+05:30,785.15,786.35,777.0,780.0,9637
2022-06-13 12:15:00+05:30,780.0,781.4,777.95,780.3,4925
2022-06-13 12:30:00+05:30,780.3,782.75,780.1,781.55,873
2022-06-13 12:45:00+05:30,781.55,782.8,778.25,780.0,2798
2022-06-13 13:00:00+05:30,780.0,781.3,779.35,780.4,792
2022-06-13 13:15:00+05:30,780.4,780.4,772.3,776.2,9352
2022-06-13 13:30:00+05:30,776.2,787.95,776.2,787.95,27498
2022-06-13 13:45:00+05:30,787.95,790.65,785.15,790.0,17275
2022-06-13 14:00:00+05:30,790.0,791.0,788.0,790.5,8073
2022-06-13 14:15:00+05:30,790.75,792.0,786.85,790.95,10614
2022-06-13 14:30:00+05:30,790.95,791.45,788.75,791.05,7492
2022-06-13 14:45:00+05:30,791.05,793.0,790.8,792.45,3536
2022-06-13 15:00:00+05:30,792.45,794.5,790.0,793.75,6479
2022-06-13 15:15:00+05:30,793.75,793.75,789.95,790.45,7367
2022-06-13 15:30:00+05:30,790.2,798.0,790.05,794.5,8491
2022-06-14 09:30:00+05:30,795.9,803.8,785.8,785.95,12809
2022-06-14 09:45:00+05:30,786.0,797.95,783.9,792.0,6212
2022-06-14 10:00:00+05:30,792.3,793.5,790.4,792.3,3987
2022-06-14 10:15:00+05:30,792.3,793.0,792.0,792.95,559
2022-06-14 10:30:00+05:30,792.95,793.25,790.0,793.0,1599
2022-06-14 10:45:00+05:30,793.05,793.5,792.1,793.05,2987
2022-06-14 11:00:00+05:30,793.05,793.15,791.1,793.1,1081
2022-06-14 11:15:00+05:30,793.15,793.25,791.55,793.1,5572
2022-06-14 11:30:00+05:30,793.1,793.1,789.95,789.95,1730
2022-06-14 11:45:00+05:30,789.95,791.75,786.35,788.45,3413
2022-06-14 12:00:00+05:30,788.45,788.85,786.0,786.5,866
2022-06-14 12:15:00+05:30,786.5,788.2,785.9,787.0,1441
2022-06-14 12:30:00+05:30,787.0,789.05,778.25,780.0,8164
2022-06-14 12:45:00+05:30,780.0,785.0,778.5,781.7,4879
2022-06-14 13:00:00+05:30,781.7,784.35,781.55,782.9,1198
2022-06-14 13:15:00+05:30,782.8,789.05,782.8,789.05,2982
2022-06-14 13:30:00+05:30,789.05,791.8,785.0,789.2,9798
2022-06-14 13:45:00+05:30,789.2,791.0,786.95,790.0,1100
2022-06-14 14:00:00+05:30,790.0,790.55,786.55,788.5,5674
2022-06-14 14:15:00+05:30,788.5,789.0,786.55,786.55,1520
2022-06-14 14:30:00+05:30,786.55,790.05,785.95,790.0,2335
2022-06-14 14:45:00+05:30,790.25,791.0,788.65,790.05,1680
2022-06-14 15:00:00+05:30,790.05,790.8,786.85,788.45,2348
2022-06-14 15:15:00+05:30,788.45,789.8,783.25,783.25,3427
2022-06-14 15:30:00+05:30,783.25,790.25,782.0,788.1,7839
2022-06-15 09:30:00+05:30,793.0,797.75,784.9,789.1,7363
2022-06-15 09:45:00+05:30,790.15,792.95,787.75,787.75,1927
2022-06-15 10:00:00+05:30,787.65,790.0,786.6,789.9,698
2022-06-15 10:15:00+05:30,789.9,791.4,789.85,791.1,788
2022-06-15 10:30:00+05:30,791.1,791.1,788.0,790.3,1480
2022-06-15 10:45:00+05:30,790.3,790.95,789.05,790.95,1631
2022-06-15 11:00:00+05:30,790.95,791.5,790.0,791.05,375
2022-06-15 11:15:00+05:30,791.5,798.0,791.5,795.75,7031
2022-06-15 11:30:00+05:30,795.75,796.0,793.25,795.3,1123
2022-06-15 11:45:00+05:30,794.7,797.05,794.15,796.35,1287
2022-06-15 12:00:00+05:30,796.35,796.35,794.55,795.4,579
2022-06-15 12:15:00+05:30,796.1,796.15,793.9,794.65,1114
2022-06-15 12:30:00+05:30,794.65,796.15,794.0,796.0,679
2022-06-15 12:45:00+05:30,796.0,798.0,795.5,796.85,2102
2022-06-15 13:00:00+05:30,796.85,799.65,796.85,798.8,53284
2022-06-15 13:15:00+05:30,798.95,802.0,798.3,801.2,3541
2022-06-15 13:30:00+05:30,801.2,801.6,800.0,800.95,4447
2022-06-15 13:45:00+05:30,800.95,801.85,800.0,800.3,2323
2022-06-15 14:00:00+05:30,800.3,801.9,800.05,801.05,593
2022-06-15 14:15:00+05:30,801.05,801.8,799.9,800.0,1959
2022-06-15 14:30:00+05:30,800.0,801.45,799.7,800.6,3905
2022-06-15 14:45:00+05:30,800.6,814.0,800.1,810.35,20490
2022-06-15 15:00:00+05:30,810.35,814.5,809.45,810.0,16056
2022-06-15 15:15:00+05:30,810.0,817.1,805.95,815.65,32860
2022-06-15 15:30:00+05:30,815.45,827.0,806.0,807.7,49466
2022-06-16 09:30:00+05:30,814.9,827.8,813.1,827.0,33812
2022-06-16 09:45:00+05:30,827.0,834.0,827.0,831.05,18430
2022-06-16 10:00:00+05:30,830.9,831.25,829.05,830.0,13350
2022-06-16 10:15:00+05:30,830.0,830.5,826.1,830.0,9215
2022-06-16 10:30:00+05:30,830.0,832.0,829.55,830.4,7464
2022-06-16 10:45:00+05:30,830.0,832.4,829.75,831.3,11484
2022-06-16 11:00:00+05:30,831.5,831.7,829.55,830.05,3592
2022-06-16 11:15:00+05:30,830.65,830.95,827.2,828.85,7481
2022-06-16 11:30:00+05:30,828.85,828.85,821.0,823.8,9247
2022-06-16 11:45:00+05:30,823.8,824.75,818.55,821.8,4837
2022-06-16 12:00:00+05:30,821.8,821.8,817.4,819.5,2662
2022-06-16 12:15:00+05:30,819.5,819.5,813.05,816.45,7019
2022-06-16 12:30:00+05:30,816.45,819.4,814.55,814.8,3984
2022-06-16 12:45:00+05:30,814.4,817.05,814.05,816.5,4132
2022-06-16 13:00:00+05:30,816.5,818.0,812.6,818.0,11562
2022-06-16 13:15:00+05:30,818.0,819.35,814.0,816.05,4544
2022-06-16 13:30:00+05:30,816.05,817.85,813.05,815.45,7977
2022-06-16 13:45:00+05:30,815.45,820.5,813.9,820.0,8582
2022-06-16 14:00:00+05:30,820.0,820.5,814.5,818.7,13878
2022-06-16 14:15:00+05:30,818.7,819.5,815.55,816.9,9429
2022-06-16 14:30:00+05:30,816.9,820.65,815.0,819.95,69496
2022-06-16 14:45:00+05:30,819.95,819.95,816.35,817.9,8835
2022-06-16 15:00:00+05:30,817.9,819.2,816.3,817.85,9687
2022-06-16 15:15:00+05:30,817.85,822.4,816.2,822.4,11883
2022-06-16 15:30:00+05:30,822.4,826.0,817.0,824.7,19629
2022-06-17 09:30:00+05:30,820.3,822.6,796.0,796.3,24149
2022-06-17 09:45:00+05:30,796.3,810.0,795.1,804.15,18677
2022-06-17 10:00:00+05:30,805.3,811.0,801.5,805.5,13306
2022-06-17 10:15:00+05:30,806.0,806.9,800.0,800.6,10345
2022-06-17 10:30:00+05:30,800.6,802.6,798.95,800.0,11717
2022-06-17 10:45:00+05:30,800.3,804.25,799.7,802.0,7391
2022-06-17 11:00:00+05:30,802.0,803.3,799.9,800.25,6935
2022-06-17 11:15:00+05:30,800.6,802.95,799.5,802.15,6750
2022-06-17 11:30:00+05:30,802.15,805.0,799.5,800.55,9600
2022-06-17 11:45:00+05:30,800.55,801.0,798.35,798.75,6976
2022-06-17 12:00:00+05:30,798.75,799.55,798.55,798.9,5756
2022-06-17 12:15:00+05:30,799.35,799.55,796.05,797.45,5487
2022-06-17 12:30:00+05:30,797.5,798.2,794.55,797.7,7819
2022-06-17 12:45:00+05:30,797.7,799.55,797.0,798.95,5279
2022-06-17 13:00:00+05:30,798.95,802.55,798.25,800.85,8019
2022-06-17 13:15:00+05:30,801.35,801.9,800.0,800.8,61975
2022-06-17 13:30:00+05:30,800.8,801.9,800.1,801.45,7604
2022-06-17 13:45:00+05:30,801.45,807.65,800.3,806.2,9536
2022-06-17 14:00:00+05:30,806.2,808.8,802.1,807.45,13856
2022-06-17 14:15:00+05:30,807.45,810.7,805.45,810.7,12515
2022-06-17 14:30:00+05:30,810.7,815.95,809.8,815.95,13983
2022-06-17 14:45:00+05:30,815.95,819.4,807.35,810.85,12674
2022-06-17 15:00:00+05:30,810.85,812.4,806.15,811.95,7528
2022-06-17 15:15:00+05:30,811.4,811.4,798.0,805.05,35341
2022-06-17 15:30:00+05:30,805.05,820.0,805.0,818.0,43451
2022-06-20 09:30:00+05:30,814.0,818.0,806.0,809.95,10958
2022-06-20 09:45:00+05:30,809.3,814.0,807.5,810.0,7964
2022-06-20 10:00:00+05:30,810.0,811.7,805.85,810.3,7577
2022-06-20 10:15:00+05:30,810.35,825.0,810.35,820.9,26473
2022-06-20 10:30:00+05:30,820.2,827.95,819.7,825.0,78372
2022-06-20 10:45:00+05:30,824.3,826.0,821.05,823.75,213171
2022-06-20 11:00:00+05:30,824.0,826.6,823.5,825.75,18858
2022-06-20 11:15:00+05:30,825.85,827.0,824.9,825.55,118185
2022-06-20 11:30:00+05:30,825.55,825.75,823.2,824.2,27994
2022-06-20 11:45:00+05:30,824.25,825.0,823.05,824.35,7843
2022-06-20 12:00:00+05:30,824.45,826.0,824.05,825.0,15542
2022-06-20 12:15:00+05:30,825.0,826.6,824.2,825.0,5037
2022-06-20 12:30:00+05:30,825.0,825.75,824.35,825.0,3476
2022-06-20 12:45:00+05:30,824.4,825.85,824.05,825.0,5226
2022-06-20 13:00:00+05:30,825.0,825.4,824.0,825.3,5842
2022-06-20 13:15:00+05:30,824.85,825.0,818.65,818.65,62723
2022-06-20 13:30:00+05:30,818.65,821.35,808.7,809.65,16259
2022-06-20 13:45:00+05:30,809.65,811.6,802.45,802.45,10548
2022-06-20 14:00:00+05:30,802.45,802.5,796.3,797.65,12855
2022-06-20 14:15:00+05:30,797.45,801.0,796.3,800.95,7273
2022-06-20 14:30:00+05:30,800.95,804.15,799.0,799.95,6500
2022-06-20 14:45:00+05:30,799.95,804.0,799.0,802.65,5591
2022-06-20 15:00:00+05:30,802.65,803.9,800.4,802.0,2899
2022-06-20 15:15:00+05:30,801.7,803.9,800.9,801.8,5196
2022-06-20 15:30:00+05:30,801.8,803.3,791.1,797.0,14786
2022-06-21 09:30:00+05:30,803.0,809.6,796.55,801.4,11601
2022-06-21 09:45:00+05:30,801.15,807.85,800.0,806.35,8251
2022-06-21 10:00:00+05:30,807.0,808.7,803.05,807.6,6395
2022-06-21 10:15:00+05:30,808.0,814.25,807.6,812.9,5177
2022-06-21 10:30:00+05:30,813.1,814.95,809.7,813.65,8471
2022-06-21 10:45:00+05:30,812.55,812.95,809.0,812.0,2575
2022-06-21 11:00:00+05:30,812.0,812.8,808.25,808.7,1356
2022-06-21 11:15:00+05:30,808.7,810.95,808.6,809.5,1764
2022-06-21 11:30:00+05:30,809.5,810.25,806.6,807.65,3839
2022-06-21 11:45:00+05:30,808.85,810.95,808.2,810.0,52031
2022-06-21 12:00:00+05:30,810.0,810.55,808.25,808.25,713
2022-06-21 12:15:00+05:30,808.25,809.55,805.25,807.2,848
2022-06-21 12:30:00+05:30,807.2,807.8,805.55,806.8,361
2022-06-21 12:45:00+05:30,806.8,807.35,805.45,806.05,845
2022-06-21 13:00:00+05:30,806.5,809.9,806.5,809.4,1206
2022-06-21 13:15:00+05:30,808.55,809.25,807.25,808.65,752
2022-06-21 13:30:00+05:30,808.65,811.0,808.2,809.95,2134
2022-06-21 13:45:00+05:30,809.95,816.25,809.0,812.0,12553
2022-06-21 14:00:00+05:30,812.0,813.85,809.9,812.35,1937
2022-06-21 14:15:00+05:30,812.3,812.75,809.9,810.0,1329
2022-06-21 14:30:00+05:30,810.0,812.35,808.05,809.75,1382
2022-06-21 14:45:00+05:30,809.75,809.9,805.6,807.55,1805
2022-06-21 15:00:00+05:30,807.55,809.95,804.0,805.45,6507
2022-06-21 15:15:00+05:30,805.0,807.25,803.85,806.0,7361
2022-06-21 15:30:00+05:30,806.0,810.0,806.0,807.05,6958
2022-06-22 09:30:00+05:30,809.1,809.1,794.05,794.05,10562
2022-06-22 09:45:00+05:30,794.05,795.5,791.6,794.8,5989
2022-06-22 10:00:00+05:30,794.8,796.5,793.2,793.85,3349
2022-06-22 10:15:00+05:30,794.15,795.15,786.0,788.0,11778
2022-06-22 10:30:00+05:30,788.0,793.3,786.7,792.7,4836
2022-06-22 10:45:00+05:30,792.7,794.05,791.0,792.65,3093
2022-06-22 11:00:00+05:30,792.65,798.85,792.65,796.5,51286
2022-06-22 11:15:00+05:30,796.8,798.0,790.6,791.15,1671
2022-06-22 11:30:00+05:30,791.15,791.9,790.05,791.85,1399
2022-06-22 11:45:00+05:30,791.15,792.5,790.2,792.05,1597
2022-06-22 12:00:00+05:30,792.05,792.8,791.6,792.45,1255
2022-06-22 12:15:00+05:30,792.85,793.0,791.95,792.05,1134
2022-06-22 12:30:00+05:30,792.05,793.45,791.9,792.7,1739
2022-06-22 12:45:00+05:30,792.7,793.4,791.9,792.95,1079
2022-06-22 13:00:00+05:30,792.95,793.4,792.0,792.05,1077
2022-06-22 13:15:00+05:30,793.05,793.95,792.05,792.05,1024
2022-06-22 13:30:00+05:30,792.0,792.85,791.9,792.0,2577
2022-06-22 13:45:00+05:30,792.0,793.0,791.9,792.25,1835
2022-06-22 14:00:00+05:30,792.25,794.0,791.5,793.5,3565
2022-06-22 14:15:00+05:30,793.5,793.75,791.8,792.05,1470
2022-06-22 14:30:00+05:30,792.05,793.0,791.8,792.2,1269
2022-06-22 14:45:00+05:30,792.4,793.25,792.0,792.2,1263
2022-06-22 15:00:00+05:30,792.2,792.85,791.65,792.15,2342
2022-06-22 15:15:00+05:30,792.15,794.65,791.4,792.3,7290
2022-06-22 15:30:00+05:30,792.15,793.35,791.4,793.0,6241
2022-06-23 09:30:00+05:30,796.35,803.25,794.2,794.2,8192
2022-06-23 09:45:00+05:30,794.45,799.25,794.45,798.95,2492
2022-06-23 10:00:00+05:30,798.95,800.6,798.3,799.95,3128
2022-06-23 10:15:00+05:30,800.3,802.0,799.4,800.3,3942
2022-06-23 10:30:00+05:30,800.3,802.4,800.0,802.0,4855
2022-06-23 10:45:00+05:30,802.0,802.5,801.35,801.75,3281
2022-06-23 11:00:00+05:30,801.7,806.0,801.05,805.3,4934
2022-06-23 11:15:00+05:30,805.3,805.9,802.3,804.45,3413
2022-06-23 11:30:00+05:30,804.45,804.95,802.7,803.65,2087
2022-06-23 11:45:00+05:30,803.65,803.65,802.0,802.0,1064
2022-06-23 12:00:00+05:30,802.0,803.05,800.5,802.25,7514
2022-06-23 12:15:00+05:30,801.1,803.7,801.1,803.3,5729
2022-06-23 12:30:00+05:30,803.3,803.3,801.1,802.0,3594
2022-06-23 12:45:00+05:30,801.15,804.4,801.15,802.85,1650
2022-06-23 13:00:00+05:30,802.85,803.8,801.05,802.35,4238
2022-06-23 13:15:00+05:30,802.35,803.1,801.1,802.8,1430
2022-06-23 13:30:00+05:30,802.8,803.1,801.55,802.4,360
2022-06-23 13:45:00+05:30,802.4,804.95,802.05,804.15,1905
2022-06-23 14:00:00+05:30,804.15,804.9,803.35,803.65,498
2022-06-23 14:15:00+05:30,804.45,804.45,802.0,802.0,3168
2022-06-23 14:30:00+05:30,802.4,810.8,802.05,808.55,5670
2022-06-23 14:45:00+05:30,808.75,810.0,807.0,807.3,2478
2022-06-23 15:00:00+05:30,807.3,808.7,804.35,808.05,2647
2022-06-23 15:15:00+05:30,808.05,810.0,805.85,805.85,3183
2022-06-23 15:30:00+05:30,807.45,810.05,800.15,808.0,7374
2022-06-24 09:30:00+05:30,813.0,816.15,810.9,811.0,4965
2022-06-24 09:45:00+05:30,811.0,814.15,810.05,811.7,4038
2022-06-24 10:00:00+05:30,811.7,819.0,811.7,817.3,7646
2022-06-24 10:15:00+05:30,818.95,818.95,817.0,817.0,2599
2022-06-24 10:30:00+05:30,817.0,817.9,814.4,817.2,8053
2022-06-24 10:45:00+05:30,817.2,817.95,816.0,816.6,1776
2022-06-24 11:00:00+05:30,816.6,817.3,816.4,817.3,646
2022-06-24 11:15:00+05:30,817.3,819.0,816.6,819.0,1079
2022-06-24 11:30:00+05:30,819.0,819.0,816.75,818.0,7945
2022-06-24 11:45:00+05:30,818.0,819.0,816.95,817.95,10853
2022-06-24 12:00:00+05:30,817.95,818.6,816.4,817.85,9260
2022-06-24 12:15:00+05:30,817.85,818.8,817.4,818.0,9826
2022-06-24 12:30:00+05:30,818.0,818.5,816.05,818.0,9559
2022-06-24 12:45:00+05:30,818.0,818.5,817.05,818.0,8397
2022-06-24 13:00:00+05:30,818.0,818.2,816.95,818.0,8766
2022-06-24 13:15:00+05:30,818.0,823.2,816.25,821.0,9505
2022-06-24 13:30:00+05:30,821.0,822.6,820.0,821.35,3120
2022-06-24 13:45:00+05:30,820.95,821.6,820.0,820.0,935
2022-06-24 14:00:00+05:30,820.0,827.55,820.0,825.5,12553
2022-06-24 14:15:00+05:30,825.5,831.45,824.35,830.7,16882
2022-06-24 14:30:00+05:30,830.7,830.9,826.5,827.0,7452
2022-06-24 14:45:00+05:30,827.55,829.0,824.25,826.75,4497
2022-06-24 15:00:00+05:30,826.75,827.85,822.65,823.25,6384
2022-06-24 15:15:00+05:30,823.25,826.35,823.2,826.35,2727
2022-06-24 15:30:00+05:30,826.35,828.75,823.0,827.95,11282
2022-06-27 09:30:00+05:30,835.0,840.0,829.8,834.0,18046
2022-06-27 09:45:00+05:30,834.0,836.0,830.05,831.85,5570
2022-06-27 10:00:00+05:30,831.85,836.2,831.0,833.1,8549
2022-06-27 10:15:00+05:30,833.1,834.0,827.7,828.0,4932
2022-06-27 10:30:00+05:30,828.0,831.45,828.0,831.45,1835
2022-06-27 10:45:00+05:30,831.5,831.65,829.0,829.7,594
2022-06-27 11:00:00+05:30,829.7,829.7,828.0,828.25,994
2022-06-27 11:15:00+05:30,828.25,830.6,828.0,830.6,562
2022-06-27 11:30:00+05:30,830.6,832.4,830.0,830.1,3038
2022-06-27 11:45:00+05:30,830.1,831.0,830.0,830.1,703
2022-06-27 12:00:00+05:30,830.0,830.85,829.65,829.75,2618
2022-06-27 12:15:00+05:30,829.75,830.55,829.25,830.55,508
2022-06-27 12:30:00+05:30,830.55,830.55,829.3,829.95,1063
2022-06-27 12:45:00+05:30,829.95,830.85,828.05,830.85,2396
2022-06-27 13:00:00+05:30,830.85,830.85,829.45,830.5,811
2022-06-27 13:15:00+05:30,830.8,832.4,830.55,830.7,884
2022-06-27 13:30:00+05:30,831.3,835.0,830.55,834.6,2662
2022-06-27 13:45:00+05:30,835.0,835.0,830.0,830.0,4937
2022-06-27 14:00:00+05:30,830.0,830.8,830.0,830.55,358
2022-06-27 14:15:00+05:30,830.55,831.0,828.9,830.4,3047
2022-06-27 14:30:00+05:30,830.4,831.0,829.7,830.85,23726
2022-06-27 14:45:00+05:30,830.85,831.0,828.0,828.5,2035
2022-06-27 15:00:00+05:30,828.5,828.5,816.55,819.4,9106
2022-06-27 15:15:00+05:30,819.85,822.0,819.85,821.0,4426
2022-06-27 15:30:00+05:30,821.0,827.25,820.0,823.0,10302
2022-06-28 09:30:00+05:30,822.0,823.7,815.0,815.75,6643
2022-06-28 09:45:00+05:30,815.05,819.0,815.0,815.05,3484
2022-06-28 10:00:00+05:30,815.05,817.6,815.05,815.35,946
2022-06-28 10:15:00+05:30,815.35,815.75,811.05,813.05,2061
2022-06-28 10:30:00+05:30,813.05,814.4,811.8,814.0,1224
2022-06-28 10:45:00+05:30,814.0,814.3,812.55,814.15,283
2022-06-28 11:00:00+05:30,814.2,816.9,814.15,815.0,1453
2022-06-28 11:15:00+05:30,815.0,816.6,814.2,816.6,673
2022-06-28 11:30:00+05:30,816.6,819.2,816.0,818.4,4256
2022-06-28 11:45:00+05:30,818.8,820.1,818.4,819.8,1014
2022-06-28 12:00:00+05:30,819.8,819.8,816.0,816.0,2298
2022-06-28 12:15:00+05:30,816.0,828.0,816.0,827.25,4614
2022-06-28 12:30:00+05:30,827.3,843.2,827.3,840.5,30234
2022-06-28 12:45:00+05:30,840.65,842.05,836.95,840.3,14323
2022-06-28 13:00:00+05:30,840.3,841.9,838.35,838.85,9253
2022-06-28 13:15:00+05:30,838.9,845.9,838.35,840.85,17971
2022-06-28 13:30:00+05:30,840.85,846.5,839.9,845.7,18025
2022-06-28 13:45:00+05:30,845.7,846.05,842.0,843.5,6267
2022-06-28 14:00:00+05:30,843.5,843.8,838.05,839.8,8440
2022-06-28 14:15:00+05:30,839.8,840.0,837.15,838.0,3624
2022-06-28 14:30:00+05:30,838.0,839.95,835.1,838.8,18327
2022-06-28 14:45:00+05:30,838.8,838.8,830.4,835.5,13250
2022-06-28 15:00:00+05:30,835.5,837.7,832.8,835.0,3364
2022-06-28 15:15:00+05:30,835.0,839.0,833.1,833.1,6381
2022-06-28 15:30:00+05:30,831.1,837.0,830.0,833.0,10180
2022-06-29 09:30:00+05:30,830.0,830.0,818.4,825.8,6355
2022-06-29 09:45:00+05:30,825.8,826.3,822.3,826.0,1802
2022-06-29 10:00:00+05:30,826.75,828.4,826.0,828.4,2081
2022-06-29 10:15:00+05:30,827.85,828.6,827.0,828.6,2624
2022-06-29 10:30:00+05:30,828.6,834.7,828.05,831.0,6552
2022-06-29 10:45:00+05:30,831.55,833.85,830.6,832.05,2605
2022-06-29 11:00:00+05:30,832.05,841.7,832.0,840.35,8195
2022-06-29 11:15:00+05:30,840.05,842.0,839.05,840.2,6989
2022-06-29 11:30:00+05:30,840.3,841.5,840.0,840.5,3095
2022-06-29 11:45:00+05:30,840.5,841.65,840.1,840.9,1701
2022-06-29 12:00:00+05:30,840.9,842.4,840.5,841.75,4069
2022-06-29 12:15:00+05:30,841.0,841.7,840.15,840.5,1811
2022-06-29 12:30:00+05:30,840.5,841.0,839.85,840.5,3571
2022-06-29 12:45:00+05:30,840.5,855.0,840.5,851.7,29248
2022-06-29 13:00:00+05:30,853.9,859.6,852.0,858.9,28991
2022-06-29 13:15:00+05:30,858.9,860.0,855.0,856.5,15551
2022-06-29 13:30:00+05:30,856.5,859.0,855.0,857.7,7997
2022-06-29 13:45:00+05:30,857.7,857.7,855.0,855.4,21478
2022-06-29 14:00:00+05:30,855.4,856.7,855.0,855.2,12350
2022-06-29 14:15:00+05:30,855.0,855.85,852.85,852.85,4877
2022-06-29 14:30:00+05:30,852.85,856.3,852.0,855.0,8259
2022-06-29 14:45:00+05:30,855.0,863.75,855.0,860.0,18402
2022-06-29 15:00:00+05:30,860.0,864.05,857.95,860.95,18835
2022-06-29 15:15:00+05:30,861.0,867.0,858.05,858.9,27631
2022-06-29 15:30:00+05:30,858.9,861.2,852.7,857.0,16404
2022-06-30 09:30:00+05:30,860.0,867.8,860.0,863.6,10384
2022-06-30 09:45:00+05:30,864.25,864.25,858.1,858.1,4382
2022-06-30 10:00:00+05:30,858.7,858.75,850.2,856.9,10187
2022-06-30 10:15:00+05:30,856.9,857.55,852.4,852.4,4902
2022-06-30 10:30:00+05:30,852.4,854.4,848.0,851.5,6101
2022-06-30 10:45:00+05:30,851.5,854.65,849.6,852.9,2611
2022-06-30 11:00:00+05:30,852.9,853.0,850.25,850.5,1185
2022-06-30 11:15:00+05:30,850.5,852.0,848.75,848.95,2512
2022-06-30 11:30:00+05:30,848.95,849.0,845.0,846.45,4307
2022-06-30 11:45:00+05:30,846.45,847.15,842.5,844.05,7371
2022-06-30 12:00:00+05:30,844.05,851.9,842.5,850.3,5469
2022-06-30 12:15:00+05:30,850.3,851.1,845.55,846.05,1169
2022-06-30 12:30:00+05:30,846.05,847.1,842.65,846.2,1423
2022-06-30 12:45:00+05:30,846.2,852.0,845.1,851.0,7468
2022-06-30 13:00:00+05:30,851.0,851.8,850.65,850.95,765
2022-06-30 13:15:00+05:30,850.95,856.0,850.7,854.0,5416
2022-06-30 13:30:00+05:30,854.0,855.0,853.1,854.1,1276
2022-06-30 13:45:00+05:30,854.0,858.95,854.0,857.7,3168
2022-06-30 14:00:00+05:30,857.7,859.8,855.3,858.95,3562
2022-06-30 14:15:00+05:30,859.05,864.0,858.1,863.95,6096
2022-06-30 14:30:00+05:30,863.55,873.0,863.55,869.95,23916
2022-06-30 14:45:00+05:30,869.95,874.4,868.1,868.1,14703
2022-06-30 15:00:00+05:30,868.1,874.5,866.0,873.55,12396
2022-06-30 15:15:00+05:30,873.35,873.95,869.85,869.9,13051
2022-06-30 15:30:00+05:30,869.85,875.0,869.85,871.65,20220
2022-07-01 09:30:00+05:30,872.0,890.0,868.5,885.15,40163
2022-07-01 09:45:00+05:30,885.6,898.9,880.05,882.7,54784
2022-07-01 10:00:00+05:30,882.7,887.5,872.0,874.5,28667
2022-07-01 10:15:00+05:30,874.7,874.9,860.25,870.3,18853
2022-07-01 10:30:00+05:30,870.3,870.3,864.2,868.05,6727
2022-07-01 10:45:00+05:30,867.7,871.5,865.0,870.4,7950
2022-07-01 11:00:00+05:30,870.4,875.95,868.75,875.95,5148
2022-07-01 11:15:00+05:30,875.95,878.85,874.0,874.95,6601
2022-07-01 11:30:00+05:30,874.95,878.45,874.85,878.0,4799
2022-07-01 11:45:00+05:30,877.5,877.5,874.6,875.75,2034
2022-07-01 12:00:00+05:30,875.75,876.2,874.2,876.15,2415
2022-07-01 12:15:00+05:30,876.8,878.0,876.3,877.35,1258
2022-07-01 12:30:00+05:30,877.35,880.0,876.5,877.4,5297
2022-07-01 12:45:00+05:30,877.4,878.35,870.8,870.8,6588
2022-07-01 13:00:00+05:30,871.25,874.9,871.25,873.7,3163
2022-07-01 13:15:00+05:30,873.7,878.0,873.2,876.35,4184
2022-07-01 13:30:00+05:30,876.35,878.2,875.1,877.2,2116
2022-07-01 13:45:00+05:30,877.2,878.25,875.3,878.0,2183
2022-07-01 14:00:00+05:30,878.0,878.95,875.05,876.35,1354
2022-07-01 14:15:00+05:30,876.35,879.45,875.25,878.95,4170
2022-07-01 14:30:00+05:30,878.35,880.5,875.0,876.55,21610
2022-07-01 14:45:00+05:30,876.7,878.5,875.0,877.25,1789
2022-07-01 15:00:00+05:30,877.45,877.5,875.0,875.0,3856
2022-07-01 15:15:00+05:30,875.0,876.65,873.0,875.55,5218
2022-07-01 15:30:00+05:30,875.25,877.95,869.15,871.85,15760
2022-07-04 09:30:00+05:30,865.2,880.55,865.2,879.5,18909
2022-07-04 09:45:00+05:30,880.55,889.9,877.9,889.9,24049
2022-07-04 10:00:00+05:30,888.35,895.15,887.0,892.75,22591
2022-07-04 10:15:00+05:30,892.25,897.0,891.85,893.9,73143
2022-07-04 10:30:00+05:30,893.9,895.0,891.05,893.6,64854
2022-07-04 10:45:00+05:30,893.6,897.0,890.15,894.75,10400
2022-07-04 11:00:00+05:30,895.0,902.4,893.75,902.0,31340
2022-07-04 11:15:00+05:30,902.0,909.0,897.1,906.0,82807
2022-07-04 11:30:00+05:30,906.0,908.75,903.15,905.85,17347
2022-07-04 11:45:00+05:30,905.85,906.0,899.6,900.0,14276
2022-07-04 12:00:00+05:30,899.4,901.7,898.0,900.85,8633
2022-07-04 12:15:00+05:30,900.85,903.0,900.85,901.65,7066
2022-07-04 12:30:00+05:30,901.5,902.95,901.0,902.05,2762
2022-07-04 12:45:00+05:30,902.4,907.5,900.5,902.0,28986
2022-07-04 13:00:00+05:30,902.0,902.9,897.5,898.5,17472
2022-07-04 13:15:00+05:30,898.5,901.5,898.3,898.3,6684
2022-07-04 13:30:00+05:30,898.3,900.0,894.55,896.0,12909
2022-07-04 13:45:00+05:30,896.0,896.5,889.0,891.05,11900
2022-07-04 14:00:00+05:30,891.05,893.85,888.1,890.0,11009
2022-07-04 14:15:00+05:30,890.75,890.85,887.2,889.05,6576
2022-07-04 14:30:00+05:30,889.05,890.3,887.0,888.95,4472
2022-07-04 14:45:00+05:30,888.95,888.95,883.95,885.0,13001
2022-07-04 15:00:00+05:30,885.5,887.75,885.0,885.9,14176
2022-07-04 15:15:00+05:30,885.2,887.25,883.55,886.1,13589
2022-07-04 15:30:00+05:30,886.1,898.1,886.1,891.5,22450
2022-07-05 09:30:00+05:30,895.0,897.8,890.0,894.4,8563
2022-07-05 09:45:00+05:30,894.85,905.0,894.65,902.8,21961
2022-07-05 10:00:00+05:30,902.8,904.15,898.15,900.4,8014
2022-07-05 10:15:00+05:30,900.4,901.0,897.0,898.1,3582
2022-07-05 10:30:00+05:30,897.6,900.95,895.1,900.05,14308
2022-07-05 10:45:00+05:30,900.05,901.8,900.0,900.5,2400
2022-07-05 11:00:00+05:30,900.5,901.0,900.0,900.25,1601
2022-07-05 11:15:00+05:30,900.95,901.0,897.55,897.55,9360
2022-07-05 11:30:00+05:30,897.55,898.1,896.0,897.7,2348
2022-07-05 11:45:00+05:30,897.7,897.7,893.55,894.5,4047
2022-07-05 12:00:00+05:30,894.5,895.0,893.0,893.85,2966
2022-07-05 12:15:00+05:30,893.85,894.95,892.7,892.75,2907
2022-07-05 12:30:00+05:30,892.75,894.0,892.4,893.15,3170
2022-07-05 12:45:00+05:30,893.15,894.0,888.55,891.5,8421
2022-07-05 13:00:00+05:30,891.5,894.0,891.25,893.65,2228
2022-07-05 13:15:00+05:30,893.65,893.8,890.8,893.7,1315
2022-07-05 13:30:00+05:30,893.7,893.7,892.55,892.65,680
2022-07-05 13:45:00+05:30,893.05,893.1,888.9,888.95,1962
2022-07-05 14:00:00+05:30,888.5,890.85,888.05,889.55,3394
2022-07-05 14:15:00+05:30,889.55,897.5,888.7,897.5,6617
2022-07-05 14:30:00+05:30,897.0,897.0,891.85,894.35,116873
2022-07-05 14:45:00+05:30,894.45,895.5,893.5,895.0,5451
2022-07-05 15:00:00+05:30,894.95,895.1,894.0,894.5,4615
2022-07-05 15:15:00+05:30,894.85,895.1,893.5,894.7,18363
2022-07-05 15:30:00+05:30,895.0,895.0,888.05,892.4,11201
2022-07-06 09:30:00+05:30,895.9,904.8,892.15,898.7,15402
2022-07-06 09:45:00+05:30,898.7,899.95,888.05,888.05,9161
2022-07-06 10:00:00+05:30,889.25,893.7,880.3,889.65,10659
2022-07-06 10:15:00+05:30,889.65,896.0,888.3,895.15,8298
2022-07-06 10:30:00+05:30,895.4,901.35,895.2,898.15,9807
2022-07-06 10:45:00+05:30,898.15,902.9,898.15,901.25,5623
2022-07-06 11:00:00+05:30,901.25,903.0,900.1,900.5,6099
2022-07-06 11:15:00+05:30,900.5,902.0,900.0,901.95,5028
2022-07-06 11:30:00+05:30,902.0,903.9,901.4,902.0,6330
2022-07-06 11:45:00+05:30,902.7,903.0,901.55,901.9,3929
2022-07-06 12:00:00+05:30,901.9,902.55,900.9,902.55,4990
2022-07-06 12:15:00+05:30,902.5,902.8,900.0,901.8,6042
2022-07-06 12:30:00+05:30,902.45,903.95,901.05,902.65,4044
2022-07-06 12:45:00+05:30,902.65,903.75,897.65,897.75,5475
2022-07-06 13:00:00+05:30,897.75,902.0,897.65,897.8,2759
2022-07-06 13:15:00+05:30,897.8,901.3,897.05,900.4,2381
2022-07-06 13:30:00+05:30,900.4,900.75,899.3,899.3,2403
2022-07-06 13:45:00+05:30,899.3,900.6,898.5,898.55,1329
2022-07-06 14:00:00+05:30,898.5,899.45,891.25,893.0,6663
2022-07-06 14:15:00+05:30,893.1,895.0,890.05,890.95,4640
2022-07-06 14:30:00+05:30,890.95,892.85,890.25,890.95,3046
2022-07-06 14:45:00+05:30,891.0,891.0,888.0,888.0,3612
2022-07-06 15:00:00+05:30,888.0,890.9,887.05,888.95,4302
2022-07-06 15:15:00+05:30,888.95,894.35,888.95,892.45,6784
2022-07-06 15:30:00+05:30,892.5,895.0,887.05,889.25,8432
2022-07-07 09:30:00+05:30,899.9,905.0,899.3,903.5,26160
2022-07-07 09:45:00+05:30,903.5,904.0,900.5,901.6,5778
2022-07-07 10:00:00+05:30,901.45,902.95,898.15,898.9,23393
2022-07-07 10:15:00+05:30,898.9,899.95,897.1,898.7,2578
2022-07-07 10:30:00+05:30,899.7,899.75,897.2,897.9,1191
2022-07-07 10:45:00+05:30,897.9,900.0,897.25,898.0,1278
2022-07-07 11:00:00+05:30,897.9,899.95,897.5,899.1,930
2022-07-07 11:15:00+05:30,899.75,899.8,895.45,897.6,2422
2022-07-07 11:30:00+05:30,897.6,900.85,897.0,899.9,3133
2022-07-07 11:45:00+05:30,899.9,902.5,899.9,901.6,2244
2022-07-07 12:00:00+05:30,901.35,902.45,899.55,899.55,1942
2022-07-07 12:15:00+05:30,899.5,901.25,899.0,900.0,2193
2022-07-07 12:30:00+05:30,900.0,902.0,899.0,900.0,2169
2022-07-07 12:45:00+05:30,900.0,901.0,899.0,899.0,1675
2022-07-07 13:00:00+05:30,899.0,900.55,899.0,899.45,1646
2022-07-07 13:15:00+05:30,899.45,903.0,899.45,901.1,2581
2022-07-07 13:30:00+05:30,901.1,901.4,899.0,899.85,1229
2022-07-07 13:45:00+05:30,899.85,901.95,898.9,901.0,47627
2022-07-07 14:00:00+05:30,901.0,901.95,901.0,901.55,1177
2022-07-07 14:15:00+05:30,901.25,901.6,899.0,899.05,34527
2022-07-07 14:30:00+05:30,899.05,901.4,897.3,901.0,2598
2022-07-07 14:45:00+05:30,900.15,901.95,900.0,901.05,2339
2022-07-07 15:00:00+05:30,901.05,901.8,900.95,901.0,2602
2022-07-07 15:15:00+05:30,901.8,903.0,900.9,902.7,4678
2022-07-07 15:30:00+05:30,902.0,904.0,901.05,903.0,11772
2022-07-08 09:30:00+05:30,907.95,912.7,906.05,908.75,17984
2022-07-08 09:45:00+05:30,908.75,909.85,905.0,907.0,6434
2022-07-08 10:00:00+05:30,907.0,907.5,896.6,896.8,11448
2022-07-08 10:15:00+05:30,896.8,897.95,890.55,893.95,8777
2022-07-08 10:30:00+05:30,893.95,895.5,893.0,895.2,1627
2022-07-08 10:45:00+05:30,895.2,897.5,894.5,894.5,2075
2022-07-08 11:00:00+05:30,894.5,895.0,892.0,892.0,2473
2022-07-08 11:15:00+05:30,892.0,894.9,891.35,893.5,59037
2022-07-08 11:30:00+05:30,893.5,895.0,892.15,893.05,1890
2022-07-08 11:45:00+05:30,893.05,894.8,893.05,894.05,1322
2022-07-08 12:00:00+05:30,894.75,894.8,893.0,893.9,1139
2022-07-08 12:15:00+05:30,893.9,894.9,890.5,893.5,2233
2022-07-08 12:30:00+05:30,893.5,898.0,893.1,897.0,2545
2022-07-08 12:45:00+05:30,897.0,900.05,896.0,900.05,2199
2022-07-08 13:00:00+05:30,900.05,900.5,896.0,896.5,56068
2022-07-08 13:15:00+05:30,896.5,897.25,893.35,894.1,1734
2022-07-08 13:30:00+05:30,894.1,897.25,893.65,896.0,923
2022-07-08 13:45:00+05:30,896.0,899.4,895.65,897.2,1575
2022-07-08 14:00:00+05:30,897.2,897.2,893.8,894.9,925
2022-07-08 14:15:00+05:30,894.9,894.9,893.2,893.25,961
2022-07-08 14:30:00+05:30,893.25,895.25,887.7,887.7,7016
2022-07-08 14:45:00+05:30,887.7,889.0,885.55,888.65,2727
2022-07-08 15:00:00+05:30,888.65,890.0,885.25,888.2,4341
2022-07-08 15:15:00+05:30,888.2,890.1,885.55,886.0,5667
2022-07-08 15:30:00+05:30,886.0,886.95,880.15,886.9,10732
2022-07-11 09:30:00+05:30,891.9,904.4,885.85,897.5,35149
2022-07-11 09:45:00+05:30,898.4,912.3,897.5,911.35,35692
2022-07-11 10:00:00+05:30,911.35,914.6,910.0,910.5,24641
2022-07-11 10:15:00+05:30,910.5,913.0,910.0,912.7,9111
2022-07-11 10:30:00+05:30,911.55,916.0,909.0,910.3,25190
2022-07-11 10:45:00+05:30,910.35,911.9,909.7,910.0,6808
2022-07-11 11:00:00+05:30,910.0,912.8,910.0,911.15,4489
2022-07-11 11:15:00+05:30,911.75,911.85,910.0,910.85,4856
2022-07-11 11:30:00+05:30,910.4,911.75,910.0,910.15,3465
2022-07-11 11:45:00+05:30,910.15,913.75,910.1,911.1,7158
2022-07-11 12:00:00+05:30,911.1,913.0,911.0,913.0,2360
2022-07-11 12:15:00+05:30,913.0,914.85,913.0,913.8,3291
2022-07-11 12:30:00+05:30,913.8,913.8,910.5,911.0,4182
2022-07-11 12:45:00+05:30,910.6,912.35,910.5,910.5,3837
2022-07-11 13:00:00+05:30,910.5,911.85,910.2,911.0,2038
2022-07-11 13:15:00+05:30,911.8,913.5,910.5,911.2,3049
2022-07-11 13:30:00+05:30,911.2,914.6,911.1,912.55,2960
2022-07-11 13:45:00+05:30,912.55,914.15,910.5,913.4,7312
2022-07-11 14:00:00+05:30,913.4,917.0,912.0,916.6,10098
2022-07-11 14:15:00+05:30,916.1,917.9,911.5,913.8,12961
2022-07-11 14:30:00+05:30,912.95,916.0,912.55,913.5,5344
2022-07-11 14:45:00+05:30,913.5,914.1,912.0,913.25,3789
2022-07-11 15:00:00+05:30,913.2,914.4,910.7,913.2,7688
2022-07-11 15:15:00+05:30,913.15,914.5,911.05,913.0,12794
2022-07-11 15:30:00+05:30,913.0,917.1,912.6,913.0,25898
2022-07-12 09:30:00+05:30,906.0,910.15,887.3,907.95,12540
2022-07-12 09:45:00+05:30,908.8,911.05,907.75,909.95,5299
2022-07-12 10:00:00+05:30,909.35,914.05,909.35,913.4,5998
2022-07-12 10:15:00+05:30,913.95,913.95,912.0,912.1,4132
2022-07-12 10:30:00+05:30,912.1,914.25,912.0,912.5,2784
2022-07-12 10:45:00+05:30,912.05,913.5,908.85,909.35,4452
2022-07-12 11:00:00+05:30,909.35,911.8,909.25,910.0,1372
2022-07-12 11:15:00+05:30,910.0,911.35,909.75,911.25,1142
2022-07-12 11:30:00+05:30,911.25,911.25,908.65,909.15,6614
2022-07-12 11:45:00+05:30,909.15,910.4,908.2,909.25,10769
2022-07-12 12:00:00+05:30,909.25,910.45,909.1,909.15,2305
2022-07-12 12:15:00+05:30,909.15,911.35,909.15,910.8,4497
2022-07-12 12:30:00+05:30,910.8,910.8,909.2,910.0,3677
2022-07-12 12:45:00+05:30,910.0,910.8,909.4,909.4,1615
2022-07-12 13:00:00+05:30,909.4,910.8,909.0,910.4,4484
2022-07-12 13:15:00+05:30,910.0,910.55,909.15,909.95,2586
2022-07-12 13:30:00+05:30,909.95,910.7,909.05,909.65,1182
2022-07-12 13:45:00+05:30,910.4,911.3,909.8,910.5,2973
2022-07-12 14:00:00+05:30,910.5,911.45,910.0,910.35,1241
2022-07-12 14:15:00+05:30,910.35,917.5,910.35,915.15,7605
2022-07-12 14:30:00+05:30,915.15,916.75,911.3,911.3,3662
2022-07-12 14:45:00+05:30,911.3,912.45,911.0,911.05,2299
2022-07-12 15:00:00+05:30,911.05,912.65,910.1,911.8,3753
2022-07-12 15:15:00+05:30,911.9,912.45,906.1,906.1,8543
2022-07-12 15:30:00+05:30,906.0,906.75,900.1,901.0,9824
2022-07-13 09:30:00+05:30,905.0,913.95,901.95,911.2,9221
2022-07-13 09:45:00+05:30,910.4,911.2,909.2,910.0,2049
2022-07-13 10:00:00+05:30,910.0,910.95,909.5,910.45,3395
2022-07-13 10:15:00+05:30,910.95,912.2,908.75,910.1,7298
2022-07-13 10:30:00+05:30,910.1,911.95,909.0,910.05,7247
2022-07-13 10:45:00+05:30,910.05,916.7,909.0,916.0,11008
2022-07-13 11:00:00+05:30,916.1,920.0,913.65,913.95,11665
2022-07-13 11:15:00+05:30,913.95,915.0,912.75,914.25,2933
2022-07-13 11:30:00+05:30,914.25,917.75,914.0,914.0,1956
2022-07-13 11:45:00+05:30,914.0,914.7,913.6,913.6,786
2022-07-13 12:00:00+05:30,913.6,915.85,913.05,913.2,2297
2022-07-13 12:15:00+05:30,913.2,913.6,907.35,908.55,4942
2022-07-13 12:30:00+05:30,909.6,911.85,908.65,910.5,32132
2022-07-13 12:45:00+05:30,911.35,911.5,909.3,909.45,1390
2022-07-13 13:00:00+05:30,909.45,911.0,909.25,910.0,3300
2022-07-13 13:15:00+05:30,911.25,911.25,909.7,910.0,473
2022-07-13 13:30:00+05:30,910.0,910.95,909.05,910.0,2904
2022-07-13 13:45:00+05:30,910.35,910.7,909.0,910.0,1832
2022-07-13 14:00:00+05:30,910.0,915.0,909.4,912.9,4518
2022-07-13 14:15:00+05:30,912.3,914.0,910.0,910.0,1526
2022-07-13 14:30:00+05:30,910.0,911.35,907.5,908.05,13876
2022-07-13 14:45:00+05:30,907.55,909.0,907.0,907.5,1243
2022-07-13 15:00:00+05:30,907.5,908.5,903.0,906.3,8511
2022-07-13 15:15:00+05:30,906.3,907.95,903.4,905.85,3423
2022-07-13 15:30:00+05:30,905.95,909.0,902.0,909.0,6014
2022-07-14 09:30:00+05:30,909.4,916.75,906.85,909.55,13263
2022-07-14 09:45:00+05:30,910.2,913.5,909.05,911.15,3415
2022-07-14 10:00:00+05:30,911.95,912.75,910.0,910.05,3386
2022-07-14 10:15:00+05:30,910.05,911.0,909.7,910.0,4776
2022-07-14 10:30:00+05:30,910.0,911.65,909.7,910.5,1205
2022-07-14 10:45:00+05:30,910.4,911.85,909.7,909.75,1785
2022-07-14 11:00:00+05:30,909.75,911.0,908.65,910.3,689
2022-07-14 11:15:00+05:30,910.3,911.0,909.15,910.0,981
2022-07-14 11:30:00+05:30,910.0,910.25,909.0,910.2,1124
2022-07-14 11:45:00+05:30,910.2,911.0,909.25,910.0,3151
2022-07-14 12:00:00+05:30,910.9,910.95,909.65,910.45,2200
2022-07-14 12:15:00+05:30,910.45,911.65,909.85,911.5,3033
2022-07-14 12:30:00+05:30,911.0,911.4,910.0,910.0,1557
2022-07-14 12:45:00+05:30,910.0,910.75,909.85,909.9,2051
2022-07-14 13:00:00+05:30,909.9,914.2,909.9,912.35,7313
2022-07-14 13:15:00+05:30,912.85,914.0,910.0,910.0,5780
2022-07-14 13:30:00+05:30,910.0,910.7,909.85,910.0,6997
2022-07-14 13:45:00+05:30,910.2,911.45,909.4,910.3,11798
2022-07-14 14:00:00+05:30,910.3,911.25,904.1,904.2,5351
2022-07-14 14:15:00+05:30,904.15,904.15,897.45,900.3,6493
2022-07-14 14:30:00+05:30,900.3,900.3,893.25,895.25,6025
2022-07-14 14:45:00+05:30,895.3,902.55,894.45,900.2,4208
2022-07-14 15:00:00+05:30,900.2,900.2,896.05,899.5,4420
2022-07-14 15:15:00+05:30,898.8,902.2,895.0,898.1,11088
2022-07-14 15:30:00+05:30,898.1,902.75,894.25,902.75,11860
2022-07-15 09:30:00+05:30,906.05,917.0,901.3,914.1,22597
2022-07-15 09:45:00+05:30,914.1,916.3,911.5,913.25,9425
2022-07-15 10:00:00+05:30,913.25,919.95,913.25,919.9,11172
2022-07-15 10:15:00+05:30,919.9,924.0,916.2,916.95,15250
2022-07-15 10:30:00+05:30,916.15,918.0,915.05,916.25,4318
2022-07-15 10:45:00+05:30,916.25,918.85,915.45,918.3,2890
2022-07-15 11:00:00+05:30,918.3,919.15,916.2,918.5,3000
2022-07-15 11:15:00+05:30,919.0,919.95,918.0,918.95,3684
2022-07-15 11:30:00+05:30,918.95,921.0,917.6,917.8,5724
2022-07-15 11:45:00+05:30,917.8,918.0,915.3,917.25,4146
2022-07-15 12:00:00+05:30,917.25,918.0,915.0,915.55,2125
2022-07-15 12:15:00+05:30,915.55,917.45,915.0,915.4,2943
2022-07-15 12:30:00+05:30,915.4,916.3,912.2,914.1,8954
2022-07-15 12:45:00+05:30,914.1,916.3,913.0,915.8,1314
2022-07-15 13:00:00+05:30,916.2,917.0,915.15,915.65,1563
2022-07-15 13:15:00+05:30,916.2,916.2,915.15,915.75,759
2022-07-15 13:30:00+05:30,915.75,916.35,915.0,915.55,1336
2022-07-15 13:45:00+05:30,915.55,915.8,912.0,912.9,7062
2022-07-15 14:00:00+05:30,912.9,914.55,912.0,913.85,1626
2022-07-15 14:15:00+05:30,913.85,914.05,911.1,911.8,3887
2022-07-15 14:30:00+05:30,911.8,917.9,911.8,912.5,7940
2022-07-15 14:45:00+05:30,912.5,914.0,912.0,912.5,3022
2022-07-15 15:00:00+05:30,912.5,915.0,912.1,913.7,5032
2022-07-15 15:15:00+05:30,913.7,914.85,911.05,913.75,7854
2022-07-15 15:30:00+05:30,913.75,914.0,910.25,911.6,9141
2022-07-18 09:30:00+05:30,915.5,928.5,913.0,928.3,20669
2022-07-18 09:45:00+05:30,927.75,931.45,926.3,928.5,19819
2022-07-18 10:00:00+05:30,928.75,930.35,926.85,929.0,11604
2022-07-18 10:15:00+05:30,928.3,932.0,927.5,931.1,10708
2022-07-18 10:30:00+05:30,931.95,936.2,930.0,936.2,18353
2022-07-18 10:45:00+05:30,936.2,938.0,932.65,936.75,13417
2022-07-18 11:00:00+05:30,937.0,937.0,935.0,935.05,4179
2022-07-18 11:15:00+05:30,935.5,935.5,933.0,933.0,7935
2022-07-18 11:30:00+05:30,933.0,937.35,932.0,937.0,10966
2022-07-18 11:45:00+05:30,937.35,937.5,934.5,934.75,8830
2022-07-18 12:00:00+05:30,935.05,935.6,934.5,935.05,5752
2022-07-18 12:15:00+05:30,935.4,937.05,934.4,937.0,4757
2022-07-18 12:30:00+05:30,937.3,939.2,936.15,936.15,15677
2022-07-18 12:45:00+05:30,936.15,936.75,931.65,931.65,8989
2022-07-18 13:00:00+05:30,931.65,933.25,931.2,931.65,4849
2022-07-18 13:15:00+05:30,931.65,937.25,931.65,935.0,9104
2022-07-18 13:30:00+05:30,935.5,935.85,935.0,935.0,5565
2022-07-18 13:45:00+05:30,935.0,936.0,935.0,935.0,5196
2022-07-18 14:00:00+05:30,935.05,935.65,935.0,935.0,3515
2022-07-18 14:15:00+05:30,935.65,935.85,935.0,935.0,3648
2022-07-18 14:30:00+05:30,935.0,936.9,935.0,935.6,8335
2022-07-18 14:45:00+05:30,935.2,935.55,935.0,935.0,4696
2022-07-18 15:00:00+05:30,935.0,936.6,930.35,931.8,7847
2022-07-18 15:15:00+05:30,931.5,934.0,930.65,933.2,11146
2022-07-18 15:30:00+05:30,933.95,934.95,931.6,933.0,19065
2022-07-18 15:45:00+05:30,933.0,933.0,933.0,933.0,15
2022-07-19 09:30:00+05:30,957.0,957.0,940.55,946.65,66497
2022-07-19 09:45:00+05:30,946.65,953.9,942.95,951.25,24348
2022-07-19 10:00:00+05:30,951.0,953.0,947.0,951.7,15628
2022-07-19 10:15:00+05:30,951.7,953.95,950.5,951.85,16133
2022-07-19 10:30:00+05:30,951.85,952.0,950.5,951.05,7730
2022-07-19 10:45:00+05:30,951.05,951.6,944.65,950.05,15803
2022-07-19 11:00:00+05:30,950.35,953.0,950.0,950.1,5730
2022-07-19 11:15:00+05:30,950.1,951.5,949.95,950.0,4768
2022-07-19 11:30:00+05:30,950.0,950.15,944.2,944.2,24035
2022-07-19 11:45:00+05:30,943.0,943.0,938.5,939.95,9738
2022-07-19 12:00:00+05:30,939.8,943.0,938.2,942.45,4430
2022-07-19 12:15:00+05:30,942.35,943.0,940.85,940.85,2163
2022-07-19 12:30:00+05:30,940.85,945.05,939.0,945.05,13067
2022-07-19 12:45:00+05:30,945.05,945.15,941.0,943.3,4724
2022-07-19 13:00:00+05:30,943.3,944.0,942.25,942.25,1755
2022-07-19 13:15:00+05:30,942.25,943.0,941.0,941.3,2267
2022-07-19 13:30:00+05:30,941.3,942.55,940.9,941.0,1794
2022-07-19 13:45:00+05:30,941.0,943.1,941.0,942.45,3977
2022-07-19 14:00:00+05:30,942.45,943.0,941.4,942.75,2790
2022-07-19 14:15:00+05:30,942.75,943.15,942.0,942.5,4612
2022-07-19 14:30:00+05:30,942.5,945.45,942.15,944.7,4635
2022-07-19 14:45:00+05:30,944.7,948.9,943.85,946.45,7110
2022-07-19 15:00:00+05:30,946.45,948.3,943.9,944.0,4545
2022-07-19 15:15:00+05:30,944.0,948.35,944.0,947.65,8652
2022-07-19 15:30:00+05:30,947.9,948.0,944.35,945.3,12042
2022-07-20 09:30:00+05:30,955.0,956.3,949.05,950.0,12613
2022-07-20 09:45:00+05:30,950.0,950.65,947.1,948.75,8181
2022-07-20 10:00:00+05:30,948.75,949.75,945.25,945.65,5068
2022-07-20 10:15:00+05:30,945.65,946.0,943.0,943.75,7282
2022-07-20 10:30:00+05:30,943.25,948.9,943.25,947.95,5162
2022-07-20 10:45:00+05:30,947.95,950.0,946.95,948.45,10205
2022-07-20 11:00:00+05:30,948.45,948.45,946.1,946.1,1062
2022-07-20 11:15:00+05:30,946.05,947.0,945.9,947.0,2729
2022-07-20 11:30:00+05:30,947.0,947.8,945.95,947.0,1038
2022-07-20 11:45:00+05:30,947.0,947.45,946.0,947.15,2633
2022-07-20 12:00:00+05:30,947.15,947.3,946.0,946.85,1475
2022-07-20 12:15:00+05:30,946.85,946.85,944.75,945.2,1305
2022-07-20 12:30:00+05:30,945.2,945.85,944.8,944.85,1890
2022-07-20 12:45:00+05:30,944.85,946.45,944.55,946.45,822
2022-07-20 13:00:00+05:30,946.45,946.45,944.0,944.0,1274
2022-07-20 13:15:00+05:30,945.05,945.05,943.0,944.0,1197
2022-07-20 13:30:00+05:30,944.0,944.95,943.0,943.7,1368
2022-07-20 13:45:00+05:30,943.7,944.95,942.0,942.0,2879
2022-07-20 14:00:00+05:30,942.0,942.7,940.0,940.9,5103
2022-07-20 14:15:00+05:30,940.05,944.0,940.0,943.7,2349
2022-07-20 14:30:00+05:30,943.7,948.25,943.0,943.05,7543
2022-07-20 14:45:00+05:30,943.05,945.65,943.0,943.35,1594
2022-07-20 15:00:00+05:30,943.35,944.0,943.0,943.9,951
2022-07-20 15:15:00+05:30,942.35,944.5,942.05,942.15,4973
2022-07-20 15:30:00+05:30,942.15,944.1,940.1,940.1,5725
2022-07-21 09:30:00+05:30,948.4,948.4,941.0,943.2,6650
2022-07-21 09:45:00+05:30,943.0,948.0,943.0,945.35,3716
2022-07-21 10:00:00+05:30,945.35,945.55,942.45,942.45,4397
2022-07-21 10:15:00+05:30,942.0,943.15,939.0,940.65,7600
2022-07-21 10:30:00+05:30,939.7,940.9,938.0,938.0,4493
2022-07-21 10:45:00+05:30,938.0,938.05,935.0,935.0,6916
2022-07-21 11:00:00+05:30,935.0,937.15,932.0,936.35,6904
2022-07-21 11:15:00+05:30,936.7,937.95,934.65,937.35,3143
2022-07-21 11:30:00+05:30,937.35,937.35,934.7,935.0,4136
2022-07-21 11:45:00+05:30,935.0,936.25,934.7,935.6,3014
2022-07-21 12:00:00+05:30,935.6,937.0,934.8,935.0,2541
2022-07-21 12:15:00+05:30,935.05,935.65,934.9,935.1,2545
2022-07-21 12:30:00+05:30,935.05,935.65,934.7,934.95,3559
2022-07-21 12:45:00+05:30,934.95,936.0,934.95,935.05,3254
2022-07-21 13:00:00+05:30,935.1,935.85,934.9,935.85,2238
2022-07-21 13:15:00+05:30,935.85,935.85,934.5,935.0,5511
2022-07-21 13:30:00+05:30,935.0,935.0,927.2,927.25,8590
2022-07-21 13:45:00+05:30,927.25,929.55,927.1,929.55,4550
2022-07-21 14:00:00+05:30,929.55,929.55,920.1,922.65,7584
2022-07-21 14:15:00+05:30,922.7,930.75,922.7,929.2,7395
2022-07-21 14:30:00+05:30,929.2,936.0,928.5,935.6,12477
2022-07-21 14:45:00+05:30,935.6,936.5,935.0,935.0,6185
2022-07-21 15:00:00+05:30,935.0,937.4,935.0,935.4,6176
2022-07-21 15:15:00+05:30,935.15,939.2,935.0,935.7,12034
2022-07-21 15:30:00+05:30,935.75,935.75,929.55,931.0,12814
2022-07-22 09:30:00+05:30,935.9,944.7,935.3,938.75,9151
2022-07-22 09:45:00+05:30,938.75,940.25,934.0,934.25,3607
2022-07-22 10:00:00+05:30,933.0,938.0,932.45,937.5,2719
2022-07-22 10:15:00+05:30,937.5,938.5,935.7,937.0,1369
2022-07-22 10:30:00+05:30,937.0,938.45,935.75,936.4,627
2022-07-22 10:45:00+05:30,936.4,940.65,936.4,938.3,3660
2022-07-22 11:00:00+05:30,938.3,940.95,938.25,940.25,1328
2022-07-22 11:15:00+05:30,940.25,945.0,940.25,943.5,4025
2022-07-22 11:30:00+05:30,943.5,943.5,938.75,942.1,2914
2022-07-22 11:45:00+05:30,942.1,946.8,942.0,945.6,4528
2022-07-22 12:00:00+05:30,945.6,947.0,944.2,945.8,4905
2022-07-22 12:15:00+05:30,945.2,946.55,943.0,946.55,6161
2022-07-22 12:30:00+05:30,946.55,946.7,945.0,946.7,3204
2022-07-22 12:45:00+05:30,946.7,947.7,945.6,946.35,4386
2022-07-22 13:00:00+05:30,946.35,947.25,945.75,946.0,2072
2022-07-22 13:15:00+05:30,946.0,946.45,943.3,944.0,3812
2022-07-22 13:30:00+05:30,944.0,946.7,943.05,944.85,2404
2022-07-22 13:45:00+05:30,946.05,947.0,944.65,946.4,2593
2022-07-22 14:00:00+05:30,946.0,948.4,946.0,947.1,4617
2022-07-22 14:15:00+05:30,946.85,947.15,946.0,946.0,767
2022-07-22 14:30:00+05:30,946.65,947.0,946.0,946.5,1157
2022-07-22 14:45:00+05:30,946.05,946.75,944.0,945.25,2733
2022-07-22 15:00:00+05:30,945.25,945.25,943.0,943.4,4003
2022-07-22 15:15:00+05:30,944.25,944.9,943.0,944.0,4728
2022-07-22 15:30:00+05:30,944.35,944.5,942.05,942.1,6380
2022-07-25 09:30:00+05:30,943.45,955.0,940.15,950.15,14128
2022-07-25 09:45:00+05:30,950.15,953.4,947.55,948.0,17757
2022-07-25 10:00:00+05:30,948.0,949.9,948.0,948.0,5942
2022-07-25 10:15:00+05:30,948.0,950.1,948.0,949.55,28308
2022-07-25 10:30:00+05:30,949.55,950.0,948.0,948.5,5274
2022-07-25 10:45:00+05:30,948.5,948.75,946.1,946.8,1258
2022-07-25 11:00:00+05:30,946.8,949.5,946.15,949.5,1669
2022-07-25 11:15:00+05:30,949.5,950.0,947.3,948.35,4836
2022-07-25 11:30:00+05:30,948.2,965.9,948.2,965.6,52863
2022-07-25 11:45:00+05:30,965.7,976.0,965.0,967.5,48146
2022-07-25 12:00:00+05:30,967.6,968.65,957.4,960.0,20789
2022-07-25 12:15:00+05:30,960.0,960.45,956.0,956.0,11574
2022-07-25 12:30:00+05:30,956.0,956.5,951.0,951.05,10459
2022-07-25 12:45:00+05:30,951.05,953.7,949.0,949.6,10352
2022-07-25 13:00:00+05:30,949.6,952.3,948.05,950.05,10274
2022-07-25 13:15:00+05:30,950.05,952.0,949.7,952.0,9041
2022-07-25 13:30:00+05:30,952.0,964.75,952.0,962.15,19518
2022-07-25 13:45:00+05:30,963.0,967.0,961.1,963.0,14909
2022-07-25 14:00:00+05:30,963.0,966.5,963.0,965.0,8002
2022-07-25 14:15:00+05:30,965.5,966.6,964.0,965.45,8401
2022-07-25 14:30:00+05:30,965.45,968.0,964.5,966.0,7921
2022-07-25 14:45:00+05:30,966.0,972.0,965.0,970.0,11088
2022-07-25 15:00:00+05:30,970.0,971.95,969.0,970.0,9970
2022-07-25 15:15:00+05:30,970.05,972.9,970.0,971.0,15626
2022-07-25 15:30:00+05:30,971.0,973.0,969.1,969.1,29940
2022-07-26 09:30:00+05:30,971.35,976.95,962.0,970.85,22385
2022-07-26 09:45:00+05:30,970.85,970.85,964.5,966.45,6393
2022-07-26 10:00:00+05:30,966.0,969.0,966.0,966.05,4540
2022-07-26 10:15:00+05:30,966.1,972.0,963.0,970.7,5970
2022-07-26 10:30:00+05:30,970.95,981.0,970.2,979.05,20303
2022-07-26 10:45:00+05:30,978.9,979.1,974.0,977.1,13308
2022-07-26 11:00:00+05:30,977.9,979.95,977.1,978.35,6787
2022-07-26 11:15:00+05:30,979.0,979.0,977.5,978.85,5583
2022-07-26 11:30:00+05:30,978.85,982.0,978.0,981.0,9357
2022-07-26 11:45:00+05:30,981.0,983.0,979.0,980.5,6372
2022-07-26 12:00:00+05:30,979.8,982.0,978.0,979.25,6669
2022-07-26 12:15:00+05:30,978.45,979.6,978.05,979.45,3331
2022-07-26 12:30:00+05:30,979.05,979.5,978.05,979.1,6503
2022-07-26 12:45:00+05:30,979.1,979.5,978.25,978.5,5505
2022-07-26 13:00:00+05:30,978.5,979.5,977.1,978.9,3642
2022-07-26 13:15:00+05:30,978.9,979.55,976.2,976.9,3345
2022-07-26 13:30:00+05:30,976.9,978.0,976.1,978.0,3015
2022-07-26 13:45:00+05:30,978.8,978.8,975.1,976.0,2899
2022-07-26 14:00:00+05:30,975.1,976.65,972.9,973.45,3580
2022-07-26 14:15:00+05:30,973.45,973.7,970.0,970.0,8675
2022-07-26 14:30:00+05:30,970.0,975.0,970.0,975.0,7553
2022-07-26 14:45:00+05:30,975.0,975.5,973.5,974.0,5662
2022-07-26 15:00:00+05:30,974.0,975.5,973.75,975.45,4419
2022-07-26 15:15:00+05:30,975.45,979.9,975.0,976.5,10437
2022-07-26 15:30:00+05:30,976.5,980.0,975.5,975.5,10608
2022-07-27 09:30:00+05:30,977.5,979.0,963.45,965.65,13230
2022-07-27 09:45:00+05:30,965.85,967.0,965.0,966.6,6839
2022-07-27 10:00:00+05:30,966.6,971.3,965.8,971.0,5717
2022-07-27 10:15:00+05:30,970.75,974.25,970.55,972.2,3035
2022-07-27 10:30:00+05:30,972.2,973.7,967.4,968.0,18935
2022-07-27 10:45:00+05:30,968.0,970.0,966.35,970.0,17333
2022-07-27 11:00:00+05:30,970.0,970.0,964.2,965.05,7523
2022-07-27 11:15:00+05:30,965.05,966.95,965.0,966.3,1934
2022-07-27 11:30:00+05:30,966.3,968.45,966.0,968.4,657
2022-07-27 11:45:00+05:30,968.4,968.5,965.05,965.8,3034
2022-07-27 12:00:00+05:30,965.8,966.0,963.0,963.8,3774
2022-07-27 12:15:00+05:30,963.75,964.55,959.0,960.0,8485
2022-07-27 12:30:00+05:30,960.0,960.0,958.0,959.3,4324
2022-07-27 12:45:00+05:30,959.3,960.45,958.25,959.3,1260
2022-07-27 13:00:00+05:30,959.3,960.0,957.0,957.0,6488
2022-07-27 13:15:00+05:30,957.0,961.75,957.0,960.2,4828
2022-07-27 13:30:00+05:30,960.2,962.9,960.2,962.15,2250
2022-07-27 13:45:00+05:30,962.0,962.0,960.0,960.8,1772
2022-07-27 14:00:00+05:30,960.8,962.0,960.3,962.0,8410
2022-07-27 14:15:00+05:30,962.0,963.55,962.0,962.0,874
2022-07-27 14:30:00+05:30,962.0,966.55,961.05,966.55,10647
2022-07-27 14:45:00+05:30,966.55,966.55,965.0,966.0,2155
2022-07-27 15:00:00+05:30,966.0,966.35,964.0,965.7,81536
2022-07-27 15:15:00+05:30,965.55,973.0,964.0,970.05,40689
2022-07-27 15:30:00+05:30,970.05,975.65,957.95,961.0,44021
2022-07-28 09:30:00+05:30,967.0,967.0,958.1,958.1,8913
2022-07-28 09:45:00+05:30,958.1,965.0,958.1,963.45,8152
2022-07-28 10:00:00+05:30,963.95,970.0,963.45,968.95,4989
2022-07-28 10:15:00+05:30,968.95,974.0,968.95,973.0,8446
2022-07-28 10:30:00+05:30,973.0,978.65,973.0,975.15,10274
2022-07-28 10:45:00+05:30,975.15,977.5,973.0,975.05,9297
2022-07-28 11:00:00+05:30,975.05,976.35,975.05,975.05,3943
2022-07-28 11:15:00+05:30,975.05,975.45,974.0,974.0,4567
2022-07-28 11:30:00+05:30,974.0,974.7,973.0,974.5,592470
2022-07-28 11:45:00+05:30,974.5,984.0,973.85,975.75,18405
2022-07-28 12:00:00+05:30,975.75,977.05,975.0,975.0,4583
2022-07-28 12:15:00+05:30,975.0,975.0,973.0,973.0,7481
2022-07-28 12:30:00+05:30,973.0,973.5,968.0,968.15,6069
2022-07-28 12:45:00+05:30,968.15,972.0,965.1,966.0,5836
2022-07-28 13:00:00+05:30,966.0,967.6,963.0,963.05,9465
2022-07-28 13:15:00+05:30,963.1,964.85,961.05,962.9,15492
2022-07-28 13:30:00+05:30,962.9,964.15,960.0,960.45,5918
2022-07-28 13:45:00+05:30,960.45,961.35,959.0,959.15,6922
2022-07-28 14:00:00+05:30,959.15,960.35,959.0,959.0,4431
2022-07-28 14:15:00+05:30,959.0,959.35,957.0,958.0,7547
2022-07-28 14:30:00+05:30,958.0,960.0,957.0,959.5,5367
2022-07-28 14:45:00+05:30,959.6,960.0,956.0,956.8,4823
2022-07-28 15:00:00+05:30,956.8,957.75,955.1,956.15,3078
2022-07-28 15:15:00+05:30,957.0,960.0,957.0,959.9,15083
2022-07-28 15:30:00+05:30,959.9,971.0,959.85,969.65,54618
2022-07-29 09:30:00+05:30,968.3,970.0,964.6,967.55,10884
2022-07-29 09:45:00+05:30,967.55,971.0,965.5,968.95,9598
2022-07-29 10:00:00+05:30,968.95,977.95,966.35,970.8,11241
2022-07-29 10:15:00+05:30,970.8,971.0,963.05,965.05,20178
2022-07-29 10:30:00+05:30,965.05,972.0,956.5,958.9,18950
2022-07-29 10:45:00+05:30,958.9,959.5,955.1,955.95,5079
2022-07-29 11:00:00+05:30,956.55,958.8,955.25,958.8,3884
2022-07-29 11:15:00+05:30,958.8,959.35,954.0,954.6,5651
2022-07-29 11:30:00+05:30,954.6,955.0,953.0,954.5,5497
2022-07-29 11:45:00+05:30,954.5,956.0,954.45,955.0,8141
2022-07-29 12:00:00+05:30,955.0,957.65,954.2,957.05,9532
2022-07-29 12:15:00+05:30,957.05,958.45,954.0,955.0,7176
2022-07-29 12:30:00+05:30,954.55,956.0,953.2,954.9,9804
2022-07-29 12:45:00+05:30,954.9,956.0,952.5,955.45,5543
2022-07-29 13:00:00+05:30,955.45,955.8,954.0,955.0,6695
2022-07-29 13:15:00+05:30,955.0,956.0,954.4,955.45,3791
2022-07-29 13:30:00+05:30,955.65,957.25,955.0,957.25,2759
2022-07-29 13:45:00+05:30,957.25,957.25,954.0,954.3,11919
2022-07-29 14:00:00+05:30,954.3,954.35,952.7,954.35,2202
2022-07-29 14:15:00+05:30,954.4,954.4,947.5,948.5,10323
2022-07-29 14:30:00+05:30,948.5,949.2,940.25,943.05,14090
2022-07-29 14:45:00+05:30,943.5,944.35,942.0,943.55,6332
2022-07-29 15:00:00+05:30,944.1,945.05,942.2,944.45,10583
2022-07-29 15:15:00+05:30,944.45,944.45,939.0,940.2,20712
2022-07-29 15:30:00+05:30,941.0,943.0,939.0,941.0,26465
2022-08-01 09:30:00+05:30,940.0,954.9,940.0,951.35,15774
2022-08-01 09:45:00+05:30,951.25,951.3,940.8,941.85,24055
2022-08-01 10:00:00+05:30,942.15,945.45,940.0,943.3,9613
2022-08-01 10:15:00+05:30,942.4,944.0,942.1,943.05,3755
2022-08-01 10:30:00+05:30,943.05,945.0,942.6,943.0,3701
2022-08-01 10:45:00+05:30,943.0,944.0,942.7,943.95,4049
2022-08-01 11:00:00+05:30,943.95,944.0,942.7,942.7,5872
2022-08-01 11:15:00+05:30,942.75,943.4,942.7,943.4,1265
2022-08-01 11:30:00+05:30,943.4,945.0,942.4,944.9,17928
2022-08-01 11:45:00+05:30,944.0,944.75,941.0,941.8,4523
2022-08-01 12:00:00+05:30,941.8,943.0,941.2,941.75,1428
2022-08-01 12:15:00+05:30,942.4,942.7,934.3,935.55,10632
2022-08-01 12:30:00+05:30,935.55,938.35,931.85,937.05,7948
2022-08-01 12:45:00+05:30,937.05,939.2,936.65,938.55,1099
2022-08-01 13:00:00+05:30,938.55,939.5,935.65,936.15,3713
2022-08-01 13:15:00+05:30,936.15,938.9,935.15,938.0,1738
2022-08-01 13:30:00+05:30,938.0,941.5,937.45,941.35,6492
2022-08-01 13:45:00+05:30,941.3,943.75,941.25,941.5,4313
2022-08-01 14:00:00+05:30,941.5,942.5,941.5,942.5,1469
2022-08-01 14:15:00+05:30,941.5,944.0,940.6,943.05,6558
2022-08-01 14:30:00+05:30,943.05,944.0,943.0,943.0,5612
2022-08-01 14:45:00+05:30,943.0,944.9,943.0,944.0,1852
2022-08-01 15:00:00+05:30,943.95,944.25,943.0,944.25,4812
2022-08-01 15:15:00+05:30,944.25,944.45,942.65,943.3,4399
2022-08-01 15:30:00+05:30,943.3,943.95,936.3,940.0,20338
2022-08-02 09:30:00+05:30,939.9,941.0,934.05,935.95,10287
2022-08-02 09:45:00+05:30,935.95,936.25,933.05,934.4,4867
2022-08-02 10:00:00+05:30,934.4,935.9,931.1,932.3,3081
2022-08-02 10:15:00+05:30,932.3,935.0,926.0,927.0,22356
2022-08-02 10:30:00+05:30,927.6,933.8,927.25,932.55,5412
2022-08-02 10:45:00+05:30,932.55,936.45,932.0,935.4,7090
2022-08-02 11:00:00+05:30,935.4,935.4,931.5,934.25,4328
2022-08-02 11:15:00+05:30,934.2,934.65,932.15,933.0,1502
2022-08-02 11:30:00+05:30,934.0,934.65,932.9,932.9,987
2022-08-02 11:45:00+05:30,932.65,934.65,932.2,933.5,2018
2022-08-02 12:00:00+05:30,933.5,933.95,928.0,929.0,5792
2022-08-02 12:15:00+05:30,929.0,929.95,927.05,927.5,3784
2022-08-02 12:30:00+05:30,927.5,929.95,927.5,929.85,3443
2022-08-02 12:45:00+05:30,929.85,929.85,926.6,926.6,4367
2022-08-02 13:00:00+05:30,926.5,930.0,926.3,928.9,2787
2022-08-02 13:15:00+05:30,928.9,928.95,926.2,926.65,4052
2022-08-02 13:30:00+05:30,926.65,927.0,926.65,926.65,843
2022-08-02 13:45:00+05:30,926.65,927.0,926.25,926.85,854
2022-08-02 14:00:00+05:30,926.85,927.9,926.85,927.85,3012
2022-08-02 14:15:00+05:30,927.9,929.45,927.05,928.0,2236
2022-08-02 14:30:00+05:30,928.0,930.0,927.65,929.2,3140
2022-08-02 14:45:00+05:30,929.2,931.95,929.05,930.95,2684
2022-08-02 15:00:00+05:30,930.95,931.0,928.85,930.7,4203
2022-08-02 15:15:00+05:30,930.7,936.8,930.3,935.25,10926
2022-08-02 15:30:00+05:30,935.25,936.25,928.1,930.75,8362
2022-08-03 09:30:00+05:30,927.5,934.35,925.35,927.25,14081
2022-08-03 09:45:00+05:30,927.25,928.2,918.45,920.5,12349
2022-08-03 10:00:00+05:30,920.0,927.0,920.0,926.0,10373
2022-08-03 10:15:00+05:30,926.0,929.45,925.45,926.7,7900
2022-08-03 10:30:00+05:30,927.0,928.3,918.45,919.05,6138
2022-08-03 10:45:00+05:30,919.05,923.15,918.0,921.6,5468
2022-08-03 11:00:00+05:30,921.6,922.8,918.1,918.1,3310
2022-08-03 11:15:00+05:30,918.55,921.0,918.1,918.15,2852
2022-08-03 11:30:00+05:30,918.15,918.75,912.65,915.65,5519
2022-08-03 11:45:00+05:30,915.65,916.75,914.2,916.15,2709
2022-08-03 12:00:00+05:30,916.15,916.15,915.0,915.15,3275
2022-08-03 12:15:00+05:30,915.15,916.35,914.75,915.15,2830
2022-08-03 12:30:00+05:30,915.15,916.55,915.0,915.05,2199
2022-08-03 12:45:00+05:30,916.1,919.0,915.5,918.5,849
2022-08-03 13:00:00+05:30,918.5,922.5,918.3,920.75,1572
2022-08-03 13:15:00+05:30,920.75,920.75,918.05,919.2,1767
2022-08-03 13:30:00+05:30,919.8,921.0,919.0,920.5,1295
2022-08-03 13:45:00+05:30,920.5,922.0,918.7,919.0,1204
2022-08-03 14:00:00+05:30,919.0,920.0,918.5,920.0,214
2022-08-03 14:15:00+05:30,920.0,924.25,918.65,923.7,2297
2022-08-03 14:30:00+05:30,923.7,927.0,923.1,924.5,4918
2022-08-03 14:45:00+05:30,924.5,927.05,923.0,926.0,5575
2022-08-03 15:00:00+05:30,926.0,927.85,923.5,926.35,4533
2022-08-03 15:15:00+05:30,926.35,931.5,925.9,929.75,14632
2022-08-03 15:30:00+05:30,929.75,931.2,927.0,931.2,7346
2022-08-04 09:30:00+05:30,933.25,939.95,933.25,937.9,6348
2022-08-04 09:45:00+05:30,937.9,938.0,926.05,929.0,18652
2022-08-04 10:00:00+05:30,929.0,930.9,928.25,929.1,4393
2022-08-04 10:15:00+05:30,929.1,929.8,923.95,925.0,6676
2022-08-04 10:30:00+05:30,925.0,926.95,924.05,925.35,1508
2022-08-04 10:45:00+05:30,926.0,935.0,921.95,934.95,14774
2022-08-04 11:00:00+05:30,935.0,938.5,927.1,929.15,23847
2022-08-04 11:15:00+05:30,929.15,933.0,928.25,930.0,1880
2022-08-04 11:30:00+05:30,930.0,930.0,925.4,926.25,7597
2022-08-04 11:45:00+05:30,926.65,927.3,923.0,923.05,10492
2022-08-04 12:00:00+05:30,922.95,926.35,919.3,920.6,13841
2022-08-04 12:15:00+05:30,920.6,924.45,919.2,922.05,6016
2022-08-04 12:30:00+05:30,922.35,923.05,920.5,921.15,1310
2022-08-04 12:45:00+05:30,921.15,923.05,921.0,922.15,1857
2022-08-04 13:00:00+05:30,922.15,924.0,922.0,923.3,561
2022-08-04 13:15:00+05:30,923.3,924.0,922.85,922.9,1890
2022-08-04 13:30:00+05:30,922.9,925.0,922.2,923.9,570
2022-08-04 13:45:00+05:30,923.9,924.0,922.05,922.85,1411
2022-08-04 14:00:00+05:30,922.85,923.65,922.15,922.6,2425
2022-08-04 14:15:00+05:30,922.6,925.0,921.2,921.6,3657
2022-08-04 14:30:00+05:30,921.6,923.0,920.75,921.0,4535
2022-08-04 14:45:00+05:30,921.15,922.0,921.0,922.0,1664
2022-08-04 15:00:00+05:30,922.0,924.5,921.6,922.0,3793
2022-08-04 15:15:00+05:30,922.0,924.2,920.6,922.25,7777
2022-08-04 15:30:00+05:30,922.25,923.9,915.1,923.5,18888
2022-08-05 09:30:00+05:30,929.2,932.6,923.0,930.55,8836
2022-08-05 09:45:00+05:30,930.55,931.55,925.3,925.7,3567
2022-08-05 10:00:00+05:30,925.55,927.6,924.65,927.6,2168
2022-08-05 10:15:00+05:30,927.6,928.5,923.45,926.45,3923
2022-08-05 10:30:00+05:30,926.45,928.0,924.9,927.0,992
2022-08-05 10:45:00+05:30,927.0,927.5,925.0,926.45,1112
2022-08-05 11:00:00+05:30,925.55,925.95,924.5,925.8,476
2022-08-05 11:15:00+05:30,925.9,927.0,925.0,925.65,888
2022-08-05 11:30:00+05:30,925.6,928.6,919.05,921.95,9308
2022-08-05 11:45:00+05:30,921.95,924.2,918.2,923.4,9215
2022-08-05 12:00:00+05:30,923.4,923.4,922.0,922.0,2361
2022-08-05 12:15:00+05:30,922.0,922.0,920.0,920.85,1001
2022-08-05 12:30:00+05:30,920.85,921.75,918.95,920.9,2694
2022-08-05 12:45:00+05:30,920.9,921.95,920.85,921.05,702
2022-08-05 13:00:00+05:30,921.05,921.85,920.05,920.9,1829
2022-08-05 13:15:00+05:30,920.9,921.95,918.65,919.6,2045
2022-08-05 13:30:00+05:30,919.6,920.0,918.75,919.25,647
2022-08-05 13:45:00+05:30,919.25,920.0,918.8,919.6,950
2022-08-05 14:00:00+05:30,919.6,920.0,919.0,919.25,942
2022-08-05 14:15:00+05:30,919.25,920.0,919.25,919.6,1399
2022-08-05 14:30:00+05:30,919.25,919.55,918.25,919.0,1372
2022-08-05 14:45:00+05:30,919.0,919.0,918.0,918.65,1155
2022-08-05 15:00:00+05:30,918.65,922.05,918.1,920.0,2870
2022-08-05 15:15:00+05:30,920.25,922.05,918.25,920.85,4589
2022-08-05 15:30:00+05:30,920.85,925.1,919.45,922.6,6427
2022-08-08 09:30:00+05:30,926.0,928.75,915.3,915.3,9787
2022-08-08 09:45:00+05:30,915.3,916.0,913.85,915.0,6326
2022-08-08 10:00:00+05:30,915.0,916.0,914.95,915.05,2929
2022-08-08 10:15:00+05:30,915.05,919.3,914.95,916.0,19014
2022-08-08 10:30:00+05:30,916.0,917.0,915.35,916.0,6108
2022-08-08 10:45:00+05:30,915.95,916.6,915.05,915.55,1973
2022-08-08 11:00:00+05:30,915.55,916.7,913.4,913.45,3496
2022-08-08 11:15:00+05:30,913.45,922.9,913.4,921.4,13947
2022-08-08 11:30:00+05:30,921.4,923.25,916.15,920.0,4634
2022-08-08 11:45:00+05:30,920.0,920.0,916.0,916.45,3517
2022-08-08 12:00:00+05:30,916.45,916.9,916.0,916.4,963
2022-08-08 12:15:00+05:30,916.4,916.4,914.05,915.0,2224
2022-08-08 12:30:00+05:30,915.0,917.0,914.25,916.75,985
2022-08-08 12:45:00+05:30,916.75,917.0,914.1,916.45,2957
2022-08-08 13:00:00+05:30,916.45,917.65,915.5,916.0,5204
2022-08-08 13:15:00+05:30,916.0,917.0,915.0,916.4,3453
2022-08-08 13:30:00+05:30,916.4,916.95,914.85,914.85,2564
2022-08-08 13:45:00+05:30,914.85,915.0,914.05,914.05,827
2022-08-08 14:00:00+05:30,914.05,916.0,912.0,913.45,11683
2022-08-08 14:15:00+05:30,914.15,914.8,911.45,913.8,6714
2022-08-08 14:30:00+05:30,913.8,914.8,912.8,913.9,1070
2022-08-08 14:45:00+05:30,913.5,916.0,912.85,916.0,7618
2022-08-08 15:00:00+05:30,916.0,919.55,915.0,917.05,5084
2022-08-08 15:15:00+05:30,917.05,917.7,915.05,915.05,4780
2022-08-08 15:30:00+05:30,915.5,918.9,913.25,918.9,8722
2022-08-10 09:30:00+05:30,920.0,925.0,918.9,918.95,8903
2022-08-10 09:45:00+05:30,918.9,923.05,913.1,914.05,13701
2022-08-10 10:00:00+05:30,914.05,914.55,910.05,910.05,6377
2022-08-10 10:15:00+05:30,910.75,913.95,908.25,913.95,3325
2022-08-10 10:30:00+05:30,913.35,914.0,910.45,913.3,3041
2022-08-10 10:45:00+05:30,913.4,914.3,908.65,908.65,4504
2022-08-10 11:00:00+05:30,908.65,915.0,908.65,912.0,16891
2022-08-10 11:15:00+05:30,912.25,926.0,911.4,925.0,28914
2022-08-10 11:30:00+05:30,925.1,928.0,918.2,919.95,18929
2022-08-10 11:45:00+05:30,920.0,920.0,918.0,918.4,3439
2022-08-10 12:00:00+05:30,918.4,918.4,916.0,916.0,1981
2022-08-10 12:15:00+05:30,916.65,921.75,916.05,918.75,5036
2022-08-10 12:30:00+05:30,918.75,919.45,917.15,917.25,2705
2022-08-10 12:45:00+05:30,917.25,919.9,916.2,919.9,3256
2022-08-10 13:00:00+05:30,919.9,922.0,919.0,920.85,5043
2022-08-10 13:15:00+05:30,920.85,922.0,919.25,919.65,3001
2022-08-10 13:30:00+05:30,919.65,919.65,916.05,917.3,2204
2022-08-10 13:45:00+05:30,917.3,921.9,915.25,919.95,22844
2022-08-10 14:00:00+05:30,919.95,921.85,918.15,918.4,2174
2022-08-10 14:15:00+05:30,919.45,920.0,913.0,913.4,5265
2022-08-10 14:30:00+05:30,913.4,914.9,913.0,913.35,3364
2022-08-10 14:45:00+05:30,914.1,914.85,912.85,913.9,1510
2022-08-10 15:00:00+05:30,913.9,917.55,912.5,916.1,2421
2022-08-10 15:15:00+05:30,916.1,917.95,914.25,914.3,2875
2022-08-10 15:30:00+05:30,915.3,915.95,911.0,913.0,7988
2022-08-11 09:30:00+05:30,913.5,930.0,913.5,924.9,28911
2022-08-11 09:45:00+05:30,924.85,929.85,922.85,923.8,35137
2022-08-11 10:00:00+05:30,924.0,928.9,923.05,924.8,14913
2022-08-11 10:15:00+05:30,924.9,929.95,924.9,927.0,7190
2022-08-11 10:30:00+05:30,927.0,932.95,926.5,928.75,5570
2022-08-11 10:45:00+05:30,928.75,928.75,923.0,924.0,11806
2022-08-11 11:00:00+05:30,924.2,926.0,920.25,924.55,11718
2022-08-11 11:15:00+05:30,924.55,928.3,923.0,928.0,6622
2022-08-11 11:30:00+05:30,928.0,936.85,928.0,933.95,45750
2022-08-11 11:45:00+05:30,934.0,936.75,932.2,936.0,8959
2022-08-11 12:00:00+05:30,936.0,939.7,932.6,932.6,17976
2022-08-11 12:15:00+05:30,932.6,935.5,932.6,935.4,10110
2022-08-11 12:30:00+05:30,935.4,940.6,934.95,940.0,25104
2022-08-11 12:45:00+05:30,940.0,942.0,938.15,939.4,23923
2022-08-11 13:00:00+05:30,939.4,940.8,934.95,937.8,21339
2022-08-11 13:15:00+05:30,937.8,943.3,936.75,942.65,19972
2022-08-11 13:30:00+05:30,943.4,949.0,943.1,948.25,25550
2022-08-11 13:45:00+05:30,948.0,956.9,947.35,952.35,61032
2022-08-11 14:00:00+05:30,952.35,953.75,947.0,949.25,13890
2022-08-11 14:15:00+05:30,949.35,949.9,947.55,948.95,11654
2022-08-11 14:30:00+05:30,948.3,955.15,948.3,953.25,26114
2022-08-11 14:45:00+05:30,953.85,956.0,952.55,954.0,16344
2022-08-11 15:00:00+05:30,953.95,955.1,941.2,945.35,40008
2022-08-11 15:15:00+05:30,945.85,951.85,942.0,945.0,27737
2022-08-11 15:30:00+05:30,944.45,948.55,942.0,947.95,16658
2022-08-12 09:30:00+05:30,946.65,957.6,946.1,953.35,31290
2022-08-12 09:45:00+05:30,953.25,953.25,947.0,947.0,9968
2022-08-12 10:00:00+05:30,947.0,949.85,946.1,946.1,9291
2022-08-12 10:15:00+05:30,946.6,949.95,940.4,949.95,18069
2022-08-12 10:30:00+05:30,949.95,953.15,948.7,951.45,15656
2022-08-12 10:45:00+05:30,951.45,952.0,950.0,951.0,2910
2022-08-12 11:00:00+05:30,951.5,955.45,951.0,951.1,12152
2022-08-12 11:15:00+05:30,951.1,952.0,949.3,951.35,11581
2022-08-12 11:30:00+05:30,951.7,951.7,949.55,950.45,1624
2022-08-12 11:45:00+05:30,950.45,950.5,946.5,947.45,22637
2022-08-12 12:00:00+05:30,947.45,955.35,947.3,953.0,12641
2022-08-12 12:15:00+05:30,953.0,954.45,951.0,951.9,4952
2022-08-12 12:30:00+05:30,951.9,955.0,951.05,954.6,2485
2022-08-12 12:45:00+05:30,954.6,958.0,952.55,957.55,5981
2022-08-12 13:00:00+05:30,956.6,961.0,953.05,955.0,20331
2022-08-12 13:15:00+05:30,955.0,960.0,953.9,954.8,17069
2022-08-12 13:30:00+05:30,954.85,957.05,954.0,956.35,1274
2022-08-12 13:45:00+05:30,956.35,956.4,954.25,955.1,3049
2022-08-12 14:00:00+05:30,955.1,956.9,948.2,949.0,21513
2022-08-12 14:15:00+05:30,949.0,950.95,948.6,950.5,1157
2022-08-12 14:30:00+05:30,950.5,950.5,945.1,946.5,3520
2022-08-12 14:45:00+05:30,945.5,946.3,942.8,944.85,4566
2022-08-12 15:00:00+05:30,944.85,945.85,942.8,943.95,3852
2022-08-12 15:15:00+05:30,943.95,944.7,940.7,941.65,4648
2022-08-12 15:30:00+05:30,941.5,942.45,928.45,931.95,27430
2022-08-16 09:30:00+05:30,935.0,944.9,931.0,944.85,19720
2022-08-16 09:45:00+05:30,944.75,944.95,935.3,936.35,19189
2022-08-16 10:00:00+05:30,936.35,937.8,934.75,936.95,15572
2022-08-16 10:15:00+05:30,937.0,938.0,937.0,937.5,6571
2022-08-16 10:30:00+05:30,937.5,939.2,936.05,936.7,19603
2022-08-16 10:45:00+05:30,936.65,936.9,930.0,934.35,15319
2022-08-16 11:00:00+05:30,935.1,935.8,932.05,933.5,4860
2022-08-16 11:15:00+05:30,933.9,943.8,933.45,942.7,11661
2022-08-16 11:30:00+05:30,942.7,943.0,941.75,942.65,1167
2022-08-16 11:45:00+05:30,942.65,948.0,941.75,947.35,7603
2022-08-16 12:00:00+05:30,947.35,949.7,944.1,949.45,5714
2022-08-16 12:15:00+05:30,949.45,957.9,948.95,953.05,22144
2022-08-16 12:30:00+05:30,953.05,956.0,951.3,952.4,6242
2022-08-16 12:45:00+05:30,952.85,953.3,948.4,948.7,2516
2022-08-16 13:00:00+05:30,948.4,951.0,948.4,950.3,820
2022-08-16 13:15:00+05:30,950.3,951.0,948.15,948.8,849
2022-08-16 13:30:00+05:30,948.8,948.8,946.0,946.0,1444
2022-08-16 13:45:00+05:30,946.35,946.85,945.0,946.85,1813
2022-08-16 14:00:00+05:30,946.85,947.0,943.5,946.15,2816
2022-08-16 14:15:00+05:30,946.15,955.85,945.95,952.8,22448
2022-08-16 14:30:00+05:30,952.8,953.8,949.25,953.8,5748
2022-08-16 14:45:00+05:30,953.8,955.75,953.0,954.4,4436
2022-08-16 15:00:00+05:30,954.2,955.0,951.25,952.75,5153
2022-08-16 15:15:00+05:30,952.7,955.0,951.85,952.0,6800
2022-08-16 15:30:00+05:30,952.0,955.75,948.3,954.0,14108
2022-08-17 09:30:00+05:30,959.95,967.8,945.45,948.0,48186
2022-08-17 09:45:00+05:30,948.8,952.0,944.75,951.05,20820
2022-08-17 10:00:00+05:30,952.0,952.0,950.45,952.0,9843
2022-08-17 10:15:00+05:30,952.0,952.0,950.45,951.95,4915
2022-08-17 10:30:00+05:30,951.95,954.0,950.15,951.35,10313
2022-08-17 10:45:00+05:30,951.35,954.0,950.25,951.45,19764
2022-08-17 11:00:00+05:30,951.5,952.95,948.85,950.2,8472
2022-08-17 11:15:00+05:30,950.2,950.2,945.65,948.2,4902
2022-08-17 11:30:00+05:30,948.2,952.65,945.1,952.0,12543
2022-08-17 11:45:00+05:30,952.0,952.0,945.25,948.3,5342
2022-08-17 12:00:00+05:30,948.3,950.45,947.3,950.45,991
2022-08-17 12:15:00+05:30,950.45,950.95,948.45,949.5,1478
2022-08-17 12:30:00+05:30,949.5,950.6,948.15,948.95,1688
2022-08-17 12:45:00+05:30,949.15,950.2,948.15,948.85,1685
2022-08-17 13:00:00+05:30,949.05,950.0,945.75,946.75,3440
2022-08-17 13:15:00+05:30,946.05,947.85,946.0,946.6,1929
2022-08-17 13:30:00+05:30,946.6,947.8,946.15,947.05,1557
2022-08-17 13:45:00+05:30,947.05,949.75,946.25,947.0,3887
2022-08-17 14:00:00+05:30,947.0,947.0,945.0,947.0,3283
2022-08-17 14:15:00+05:30,947.0,947.0,942.55,944.0,5225
2022-08-17 14:30:00+05:30,944.0,945.0,942.95,944.0,2177
2022-08-17 14:45:00+05:30,944.0,946.75,943.0,943.85,3733
2022-08-17 15:00:00+05:30,943.95,946.9,943.95,946.9,1881
2022-08-17 15:15:00+05:30,946.9,947.7,944.0,945.0,4816
2022-08-17 15:30:00+05:30,945.0,947.4,943.0,945.0,10740
2022-08-18 09:30:00+05:30,946.0,949.0,941.0,942.7,12002
2022-08-18 09:45:00+05:30,942.7,950.0,941.15,949.0,5757
2022-08-18 10:00:00+05:30,949.5,960.5,948.0,959.8,43098
2022-08-18 10:15:00+05:30,959.8,969.7,959.8,967.2,46155
2022-08-18 10:30:00+05:30,967.2,967.2,960.0,962.8,22815
2022-08-18 10:45:00+05:30,962.8,964.95,957.35,958.0,11984
2022-08-18 11:00:00+05:30,958.0,959.35,957.2,958.5,3688
2022-08-18 11:15:00+05:30,958.45,959.3,957.7,958.0,2837
2022-08-18 11:30:00+05:30,958.0,958.0,955.5,956.05,3143
2022-08-18 11:45:00+05:30,956.2,957.95,955.0,957.0,2439
2022-08-18 12:00:00+05:30,957.0,958.75,955.65,956.15,4307
2022-08-18 12:15:00+05:30,957.1,957.1,953.6,955.25,3608
2022-08-18 12:30:00+05:30,955.25,957.9,955.25,956.85,1069
2022-08-18 12:45:00+05:30,956.85,957.6,955.6,956.95,2243
2022-08-18 13:00:00+05:30,956.95,958.65,955.95,958.65,1100
2022-08-18 13:15:00+05:30,958.95,960.0,956.8,958.75,5207
2022-08-18 13:30:00+05:30,958.75,964.0,955.75,963.95,32308
2022-08-18 13:45:00+05:30,963.95,964.75,960.7,962.05,7474
2022-08-18 14:00:00+05:30,962.0,963.0,958.0,960.65,3229
2022-08-18 14:15:00+05:30,960.65,961.5,960.0,960.0,4292
2022-08-18 14:30:00+05:30,960.0,962.9,960.0,960.6,3618
2022-08-18 14:45:00+05:30,960.1,962.75,960.0,961.9,2954
2022-08-18 15:00:00+05:30,961.9,964.6,958.4,958.4,9887
2022-08-18 15:15:00+05:30,959.1,961.95,958.1,960.0,10303
2022-08-18 15:30:00+05:30,960.0,963.0,958.55,963.0,9271
2022-08-19 09:30:00+05:30,963.4,968.1,960.9,966.2,14819
2022-08-19 09:45:00+05:30,966.2,971.0,962.15,967.75,21541
2022-08-19 10:00:00+05:30,967.55,969.4,965.0,965.15,7565
2022-08-19 10:15:00+05:30,966.3,966.5,958.95,959.95,8955
2022-08-19 10:30:00+05:30,959.0,963.0,958.55,961.25,4127
2022-08-19 10:45:00+05:30,961.25,962.75,961.25,962.4,1320
2022-08-19 11:00:00+05:30,962.75,963.0,960.15,960.15,2637
2022-08-19 11:15:00+05:30,960.15,962.0,958.0,959.8,14205
2022-08-19 11:30:00+05:30,959.75,960.0,958.0,959.5,3264
2022-08-19 11:45:00+05:30,959.5,959.5,953.0,953.55,4412
2022-08-19 12:00:00+05:30,953.0,956.0,951.6,953.55,3536
2022-08-19 12:15:00+05:30,953.55,954.65,951.0,954.0,2574
2022-08-19 12:30:00+05:30,954.0,955.6,953.5,953.9,2865
2022-08-19 12:45:00+05:30,954.0,958.15,951.55,957.35,12713
2022-08-19 13:00:00+05:30,957.35,958.9,955.0,955.8,3057
2022-08-19 13:15:00+05:30,955.8,959.95,955.8,959.0,1470
2022-08-19 13:30:00+05:30,959.0,959.8,956.0,957.05,741
2022-08-19 13:45:00+05:30,957.05,959.65,957.0,957.0,2077
2022-08-19 14:00:00+05:30,957.0,958.75,954.35,957.6,4743
2022-08-19 14:15:00+05:30,957.6,958.35,955.3,956.65,2336
2022-08-19 14:30:00+05:30,955.7,957.85,955.35,956.75,1773
2022-08-19 14:45:00+05:30,956.75,960.35,955.9,957.35,3129
2022-08-19 15:00:00+05:30,957.35,958.0,956.1,956.1,1328
2022-08-19 15:15:00+05:30,956.65,961.75,956.1,956.3,5894
2022-08-19 15:30:00+05:30,956.3,960.0,951.55,951.55,8974
2022-08-22 09:30:00+05:30,950.0,956.15,942.65,948.2,9417
2022-08-22 09:45:00+05:30,947.5,952.5,947.05,950.1,6017
2022-08-22 10:00:00+05:30,950.1,960.0,950.1,958.0,6640
2022-08-22 10:15:00+05:30,958.0,962.8,956.7,960.0,9215
2022-08-22 10:30:00+05:30,959.05,968.5,956.0,968.0,14533
2022-08-22 10:45:00+05:30,968.0,971.8,964.65,968.7,21562
2022-08-22 11:00:00+05:30,968.0,971.7,965.0,965.05,6518
2022-08-22 11:15:00+05:30,965.9,967.3,964.75,967.15,6377
2022-08-22 11:30:00+05:30,967.15,967.2,964.25,964.6,5670
2022-08-22 11:45:00+05:30,964.6,966.3,962.8,966.3,3316
2022-08-22 12:00:00+05:30,966.9,974.4,966.45,973.1,24098
2022-08-22 12:15:00+05:30,972.85,972.85,970.15,970.6,4506
2022-08-22 12:30:00+05:30,971.05,974.25,970.05,971.4,8268
2022-08-22 12:45:00+05:30,971.4,973.0,967.0,970.05,10586
2022-08-22 13:00:00+05:30,970.45,971.3,967.8,968.5,4190
2022-08-22 13:15:00+05:30,968.5,969.25,966.65,967.4,6526
2022-08-22 13:30:00+05:30,968.1,968.9,966.0,966.65,2417
2022-08-22 13:45:00+05:30,966.6,967.0,964.0,966.0,3800
2022-08-22 14:00:00+05:30,966.45,966.5,963.15,963.35,1668
2022-08-22 14:15:00+05:30,963.95,965.3,962.05,963.25,3419
2022-08-22 14:30:00+05:30,963.25,966.15,962.75,963.5,6565
2022-08-22 14:45:00+05:30,963.5,963.5,957.9,958.5,7978
2022-08-22 15:00:00+05:30,958.5,962.0,956.0,960.0,9226
2022-08-22 15:15:00+05:30,960.0,964.3,956.3,962.1,9153
2022-08-22 15:30:00+05:30,962.2,969.5,962.2,965.0,12844
2022-08-23 09:30:00+05:30,963.5,988.0,957.15,987.35,42811
2022-08-23 09:45:00+05:30,988.05,989.0,981.0,986.1,35719
2022-08-23 10:00:00+05:30,984.45,985.1,981.0,983.1,23021
2022-08-23 10:15:00+05:30,983.1,987.95,983.1,985.0,15542
2022-08-23 10:30:00+05:30,985.0,986.0,981.15,981.15,11860
2022-08-23 10:45:00+05:30,981.15,984.95,978.35,981.45,14647
2022-08-23 11:00:00+05:30,981.5,982.0,976.6,982.0,19429
2022-08-23 11:15:00+05:30,982.0,982.0,979.25,980.15,7703
2022-08-23 11:30:00+05:30,980.15,981.15,977.2,977.5,6815
2022-08-23 11:45:00+05:30,977.5,980.0,977.5,978.55,2529
2022-08-23 12:00:00+05:30,978.55,980.0,977.95,979.9,17528
2022-08-23 12:15:00+05:30,979.9,980.95,978.05,980.95,4088
2022-08-23 12:30:00+05:30,979.5,983.0,979.5,982.25,4634
2022-08-23 12:45:00+05:30,982.25,983.0,981.5,983.0,3569
2022-08-23 13:00:00+05:30,983.0,984.0,982.1,984.0,3243
2022-08-23 13:15:00+05:30,984.0,985.0,981.1,984.1,4260
2022-08-23 13:30:00+05:30,984.1,985.0,982.35,984.0,3261
2022-08-23 13:45:00+05:30,982.8,994.7,982.75,992.05,47567
2022-08-23 14:00:00+05:30,992.8,994.0,990.25,993.25,25991
2022-08-23 14:15:00+05:30,993.65,998.0,992.3,993.05,33939
2022-08-23 14:30:00+05:30,993.65,997.0,993.25,994.95,19737
2022-08-23 14:45:00+05:30,994.95,995.8,991.4,993.85,15475
2022-08-23 15:00:00+05:30,993.85,995.0,992.5,992.55,11017
2022-08-23 15:15:00+05:30,992.55,993.45,988.3,989.25,22813
2022-08-23 15:30:00+05:30,989.25,995.3,988.05,994.9,31390
2022-08-24 09:30:00+05:30,1000.0,1024.6,1000.0,1013.95,140952
2022-08-24 09:45:00+05:30,1013.5,1015.8,1004.75,1009.15,44708
2022-08-24 10:00:00+05:30,1009.25,1010.0,1005.0,1009.8,18004
2022-08-24 10:15:00+05:30,1009.8,1014.0,1009.1,1012.5,23882
2022-08-24 10:30:00+05:30,1012.65,1013.85,1009.3,1009.95,7450
2022-08-24 10:45:00+05:30,1009.95,1013.95,1009.3,1012.65,8357
2022-08-24 11:00:00+05:30,1012.65,1021.0,1011.7,1015.1,43354
2022-08-24 11:15:00+05:30,1015.1,1016.7,1015.0,1015.5,9635
2022-08-24 11:30:00+05:30,1016.0,1037.7,1015.0,1036.0,133825
2022-08-24 11:45:00+05:30,1036.0,1039.75,1026.05,1029.4,88380
2022-08-24 12:00:00+05:30,1029.4,1033.6,1028.05,1028.55,21606
2022-08-24 12:15:00+05:30,1028.55,1030.4,1025.75,1027.3,15438
2022-08-24 12:30:00+05:30,1027.3,1031.0,1023.05,1027.85,27457
2022-08-24 12:45:00+05:30,1027.85,1028.65,1025.0,1026.15,6138
2022-08-24 13:00:00+05:30,1026.15,1036.5,1025.5,1032.5,48715
2022-08-24 13:15:00+05:30,1031.0,1031.95,1024.25,1025.95,21663
2022-08-24 13:30:00+05:30,1025.95,1026.25,1022.0,1023.4,9616
2022-08-24 13:45:00+05:30,1023.45,1027.8,1022.35,1024.2,11582
2022-08-24 14:00:00+05:30,1024.2,1025.0,1020.35,1020.5,11494
2022-08-24 14:15:00+05:30,1020.5,1025.0,1020.5,1024.45,7642
2022-08-24 14:30:00+05:30,1024.45,1025.95,1023.05,1025.45,12059
2022-08-24 14:45:00+05:30,1025.45,1028.2,1024.0,1025.0,11898
2022-08-24 15:00:00+05:30,1025.0,1035.9,1025.0,1034.35,27787
2022-08-24 15:15:00+05:30,1034.35,1036.5,1030.5,1035.0,33146
2022-08-24 15:30:00+05:30,1034.8,1035.5,1020.35,1031.0,61462
2022-08-25 09:30:00+05:30,1047.0,1069.15,1046.0,1065.3,189769
2022-08-25 09:45:00+05:30,1065.0,1065.7,1049.5,1053.1,76992
2022-08-25 10:00:00+05:30,1053.1,1054.8,1039.4,1048.75,44251
2022-08-25 10:15:00+05:30,1048.75,1055.0,1048.75,1053.85,169242
2022-08-25 10:30:00+05:30,1052.85,1054.0,1045.0,1045.95,22464
2022-08-25 10:45:00+05:30,1045.95,1046.85,1042.0,1044.85,14304
2022-08-25 11:00:00+05:30,1044.85,1051.9,1044.45,1049.25,39943
2022-08-25 11:15:00+05:30,1049.25,1049.65,1042.05,1046.0,6620
2022-08-25 11:30:00+05:30,1045.65,1046.75,1041.0,1042.0,14158
2022-08-25 11:45:00+05:30,1042.0,1046.0,1041.7,1044.0,3514
2022-08-25 12:00:00+05:30,1044.0,1045.3,1043.0,1043.8,5670
2022-08-25 12:15:00+05:30,1044.25,1045.0,1042.75,1044.0,6302
2022-08-25 12:30:00+05:30,1044.0,1044.95,1043.0,1043.85,2914
2022-08-25 12:45:00+05:30,1042.55,1044.3,1031.25,1034.2,22984
2022-08-25 13:00:00+05:30,1034.2,1037.75,1034.2,1036.4,3316
2022-08-25 13:15:00+05:30,1036.4,1040.0,1036.0,1039.15,11982
2022-08-25 13:30:00+05:30,1037.85,1039.0,1036.3,1037.1,2324
2022-08-25 13:45:00+05:30,1037.2,1039.15,1037.2,1038.8,1588
2022-08-25 14:00:00+05:30,1039.0,1044.85,1038.25,1044.0,7634
2022-08-25 14:15:00+05:30,1044.0,1045.25,1040.4,1041.0,9850
2022-08-25 14:30:00+05:30,1041.0,1043.8,1040.0,1040.05,8780
2022-08-25 14:45:00+05:30,1040.85,1042.55,1040.0,1042.0,8692
2022-08-25 15:00:00+05:30,1042.0,1042.35,1036.0,1037.6,12300
2022-08-25 15:15:00+05:30,1037.45,1039.9,1036.0,1037.15,17646
2022-08-25 15:30:00+05:30,1036.0,1041.15,1035.0,1039.0,28112
2022-08-26 09:30:00+05:30,1045.0,1051.55,1032.0,1036.0,29804
2022-08-26 09:45:00+05:30,1036.7,1036.85,1033.0,1035.8,15544
2022-08-26 10:00:00+05:30,1036.0,1038.5,1032.0,1033.05,13632
2022-08-26 10:15:00+05:30,1033.0,1035.35,1030.0,1030.0,31277
2022-08-26 10:30:00+05:30,1030.0,1030.5,1028.0,1028.65,8975
2022-08-26 10:45:00+05:30,1028.45,1030.85,1028.0,1029.65,4115
2022-08-26 11:00:00+05:30,1029.65,1030.5,1028.0,1028.35,3860
2022-08-26 11:15:00+05:30,1029.0,1030.65,1028.0,1028.8,7829
2022-08-26 11:30:00+05:30,1027.0,1031.9,1026.0,1031.9,7843
2022-08-26 11:45:00+05:30,1031.9,1037.0,1031.0,1036.5,17467
2022-08-26 12:00:00+05:30,1036.5,1036.5,1031.7,1033.6,8585
2022-08-26 12:15:00+05:30,1033.6,1033.6,1027.55,1029.2,6818
2022-08-26 12:30:00+05:30,1030.0,1040.0,1028.85,1039.0,12505
2022-08-26 12:45:00+05:30,1038.95,1047.55,1038.0,1045.7,31335
2022-08-26 13:00:00+05:30,1045.7,1046.95,1040.0,1041.4,20493
2022-08-26 13:15:00+05:30,1041.4,1041.95,1036.05,1037.15,9575
2022-08-26 13:30:00+05:30,1037.75,1039.75,1035.5,1036.75,9174
2022-08-26 13:45:00+05:30,1036.05,1037.05,1035.05,1035.05,4827
2022-08-26 14:00:00+05:30,1035.05,1036.6,1034.75,1034.75,7136
2022-08-26 14:15:00+05:30,1034.75,1035.75,1033.05,1033.05,4265
2022-08-26 14:30:00+05:30,1033.05,1034.0,1029.0,1029.55,9420
2022-08-26 14:45:00+05:30,1029.55,1032.65,1029.55,1030.25,7947
2022-08-26 15:00:00+05:30,1030.25,1033.35,1028.0,1029.8,7499
2022-08-26 15:15:00+05:30,1028.65,1044.0,1028.0,1040.6,15566
2022-08-26 15:30:00+05:30,1042.0,1042.0,1033.0,1033.0,22883
2022-08-29 09:30:00+05:30,996.1,1018.0,996.1,1017.1,34856
2022-08-29 09:45:00+05:30,1017.1,1031.45,1016.65,1028.25,22973
2022-08-29 10:00:00+05:30,1030.75,1036.15,1021.9,1032.0,36906
2022-08-29 10:15:00+05:30,1031.0,1034.8,1030.0,1030.8,23449
2022-08-29 10:30:00+05:30,1030.8,1034.25,1030.0,1032.0,6366
2022-08-29 10:45:00+05:30,1032.0,1035.9,1030.0,1035.9,2771
2022-08-29 11:00:00+05:30,1035.9,1037.7,1034.25,1035.35,5072
2022-08-29 11:15:00+05:30,1035.35,1044.0,1035.35,1040.0,8581
2022-08-29 11:30:00+05:30,1040.0,1064.5,1038.65,1060.7,54108
2022-08-29 11:45:00+05:30,1060.65,1063.5,1041.95,1046.9,46580
2022-08-29 12:00:00+05:30,1046.9,1047.75,1042.0,1046.45,9732
2022-08-29 12:15:00+05:30,1046.45,1053.15,1046.45,1052.0,8893
2022-08-29 12:30:00+05:30,1052.0,1065.0,1052.0,1062.0,42752
2022-08-29 12:45:00+05:30,1062.0,1062.0,1055.1,1056.1,13674
2022-08-29 13:00:00+05:30,1056.1,1059.75,1056.1,1057.0,3980
2022-08-29 13:15:00+05:30,1057.0,1061.85,1056.75,1060.05,14449
2022-08-29 13:30:00+05:30,1060.05,1062.35,1056.35,1057.65,9834
2022-08-29 13:45:00+05:30,1056.75,1058.0,1047.2,1049.0,20433
2022-08-29 14:00:00+05:30,1049.15,1054.3,1045.05,1054.0,8888
2022-08-29 14:15:00+05:30,1054.0,1063.0,1048.5,1060.4,29141
2022-08-29 14:30:00+05:30,1060.55,1061.25,1051.9,1057.0,3971
2022-08-29 14:45:00+05:30,1057.3,1057.3,1047.0,1048.05,15656
2022-08-29 15:00:00+05:30,1049.05,1052.85,1048.05,1050.1,18932
2022-08-29 15:15:00+05:30,1050.1,1057.95,1050.1,1052.4,14375
2022-08-29 15:30:00+05:30,1050.25,1060.0,1050.1,1056.25,25690
2022-08-30 09:30:00+05:30,1067.65,1067.65,1050.1,1051.95,28868
2022-08-30 09:45:00+05:30,1051.7,1055.0,1051.0,1051.1,19240
2022-08-30 10:00:00+05:30,1051.1,1052.8,1050.1,1050.35,5359
2022-08-30 10:15:00+05:30,1050.35,1052.6,1047.0,1047.2,19066
2022-08-30 10:30:00+05:30,1048.0,1049.95,1047.0,1048.3,1896
2022-08-30 10:45:00+05:30,1048.3,1049.85,1046.0,1047.65,8129
2022-08-30 11:00:00+05:30,1047.65,1048.3,1047.0,1047.2,4334
2022-08-30 11:15:00+05:30,1047.2,1051.15,1047.0,1050.8,3789
2022-08-30 11:30:00+05:30,1050.8,1053.0,1046.3,1047.45,6675
2022-08-30 11:45:00+05:30,1047.45,1049.9,1047.45,1048.75,2820
2022-08-30 12:00:00+05:30,1048.75,1055.6,1048.75,1052.3,7657
2022-08-30 12:15:00+05:30,1051.65,1053.75,1050.2,1050.25,47219
2022-08-30 12:30:00+05:30,1050.25,1050.75,1046.0,1048.0,3136
2022-08-30 12:45:00+05:30,1048.0,1048.8,1045.2,1046.45,4703
2022-08-30 13:00:00+05:30,1046.45,1047.95,1045.0,1046.15,5378
2022-08-30 13:15:00+05:30,1046.15,1049.95,1045.75,1049.75,6654
2022-08-30 13:30:00+05:30,1049.1,1050.2,1045.0,1045.65,6720
2022-08-30 13:45:00+05:30,1045.65,1049.0,1044.9,1048.05,3310
2022-08-30 14:00:00+05:30,1048.05,1049.5,1046.2,1048.75,2605
2022-08-30 14:15:00+05:30,1049.15,1052.5,1048.6,1051.4,10233
2022-08-30 14:30:00+05:30,1051.4,1051.5,1047.25,1049.5,4917
2022-08-30 14:45:00+05:30,1049.5,1049.9,1046.0,1047.5,5679
2022-08-30 15:00:00+05:30,1047.5,1049.85,1046.75,1048.9,2489
2022-08-30 15:15:00+05:30,1048.9,1048.9,1045.15,1047.75,10094
2022-08-30 15:30:00+05:30,1048.0,1048.85,1044.0,1048.0,15425
2022-09-01 09:30:00+05:30,1045.0,1055.55,1042.0,1047.45,27126
2022-09-01 09:45:00+05:30,1047.1,1053.65,1046.05,1046.05,11191
2022-09-01 10:00:00+05:30,1046.05,1046.3,1040.0,1041.55,10179
2022-09-01 10:15:00+05:30,1042.3,1052.55,1038.4,1050.0,13677
2022-09-01 10:30:00+05:30,1050.0,1055.85,1050.0,1053.2,6944
2022-09-01 10:45:00+05:30,1054.4,1061.6,1053.25,1055.45,15320
2022-09-01 11:00:00+05:30,1055.45,1057.0,1054.2,1054.25,4230
2022-09-01 11:15:00+05:30,1054.25,1056.9,1054.2,1054.75,7936
2022-09-01 11:30:00+05:30,1054.75,1057.9,1053.85,1054.95,32019
2022-09-01 11:45:00+05:30,1054.95,1055.0,1048.4,1049.95,6335
2022-09-01 12:00:00+05:30,1050.7,1052.0,1048.0,1048.9,2381
2022-09-01 12:15:00+05:30,1049.95,1051.8,1048.3,1049.7,2580
2022-09-01 12:30:00+05:30,1049.95,1050.0,1047.3,1048.95,1687
2022-09-01 12:45:00+05:30,1048.95,1050.0,1047.9,1049.3,1345
2022-09-01 13:00:00+05:30,1049.3,1051.95,1043.9,1044.4,9057
2022-09-01 13:15:00+05:30,1044.4,1044.4,1038.05,1040.2,8038
2022-09-01 13:30:00+05:30,1040.2,1042.25,1032.25,1038.25,8369
2022-09-01 13:45:00+05:30,1038.25,1038.8,1033.2,1035.5,5226
2022-09-01 14:00:00+05:30,1035.5,1036.15,1030.95,1032.45,4173
2022-09-01 14:15:00+05:30,1032.45,1033.0,1030.35,1032.0,3612
2022-09-01 14:30:00+05:30,1031.0,1031.0,1024.95,1025.7,8378
2022-09-01 14:45:00+05:30,1025.75,1034.0,1024.7,1032.95,8343
2022-09-01 15:00:00+05:30,1032.95,1042.35,1032.15,1037.7,8975
2022-09-01 15:15:00+05:30,1037.7,1039.95,1035.0,1036.7,8188
2022-09-01 15:30:00+05:30,1035.45,1046.45,1030.1,1046.0,19080
2022-09-02 09:30:00+05:30,1043.9,1050.0,1038.6,1042.65,9339
2022-09-02 09:45:00+05:30,1043.4,1045.0,1031.7,1036.65,8394
2022-09-02 10:00:00+05:30,1036.15,1037.55,1030.0,1033.45,8549
2022-09-02 10:15:00+05:30,1033.5,1033.5,1030.0,1030.65,2778
2022-09-02 10:30:00+05:30,1030.65,1034.0,1030.0,1032.05,3899
2022-09-02 10:45:00+05:30,1032.05,1033.85,1030.0,1032.75,2785
2022-09-02 11:00:00+05:30,1032.7,1032.7,1028.1,1030.4,3919
2022-09-02 11:15:00+05:30,1030.15,1033.4,1029.0,1032.15,3359
2022-09-02 11:30:00+05:30,1032.15,1033.0,1030.3,1031.55,2063
2022-09-02 11:45:00+05:30,1031.55,1032.2,1029.0,1030.9,1581
2022-09-02 12:00:00+05:30,1030.9,1032.8,1029.3,1030.6,1261
2022-09-02 12:15:00+05:30,1030.1,1032.8,1030.0,1032.0,1488
2022-09-02 12:30:00+05:30,1032.0,1032.55,1030.5,1031.75,859
2022-09-02 12:45:00+05:30,1031.6,1032.85,1030.05,1031.5,1366
2022-09-02 13:00:00+05:30,1031.5,1032.0,1029.0,1032.0,3620
2022-09-02 13:15:00+05:30,1032.0,1032.0,1030.1,1031.3,510
2022-09-02 13:30:00+05:30,1031.3,1031.65,1029.0,1030.9,8672
2022-09-02 13:45:00+05:30,1030.9,1031.6,1029.5,1031.05,1482
2022-09-02 14:00:00+05:30,1030.45,1030.6,1029.5,1029.5,2441
2022-09-02 14:15:00+05:30,1029.5,1031.6,1029.5,1029.5,1752
2022-09-02 14:30:00+05:30,1029.5,1030.0,1023.45,1026.05,5532
2022-09-02 14:45:00+05:30,1026.05,1029.85,1025.0,1027.5,4733
2022-09-02 15:00:00+05:30,1027.5,1027.7,1025.0,1026.0,2123
2022-09-02 15:15:00+05:30,1026.0,1033.85,1024.05,1026.95,8096
2022-09-02 15:30:00+05:30,1027.2,1029.2,1021.3,1026.0,8274
2022-09-05 09:30:00+05:30,1032.0,1036.3,1022.75,1024.7,20499
2022-09-05 09:45:00+05:30,1024.7,1034.1,1024.45,1024.45,10222
2022-09-05 10:00:00+05:30,1024.45,1031.6,1021.25,1030.0,9181
2022-09-05 10:15:00+05:30,1029.0,1034.0,1029.0,1031.7,5309
2022-09-05 10:30:00+05:30,1031.7,1034.45,1028.7,1028.75,6945
2022-09-05 10:45:00+05:30,1028.75,1029.55,1022.65,1025.6,4355
2022-09-05 11:00:00+05:30,1025.6,1027.6,1023.5,1027.15,2808
2022-09-05 11:15:00+05:30,1027.15,1033.85,1026.15,1031.0,4365
2022-09-05 11:30:00+05:30,1031.85,1034.05,1030.85,1033.55,5513
2022-09-05 11:45:00+05:30,1033.0,1034.4,1031.05,1033.0,3890
2022-09-05 12:00:00+05:30,1033.0,1033.0,1032.0,1032.4,1159
2022-09-05 12:15:00+05:30,1032.85,1033.5,1032.35,1033.5,917
2022-09-05 12:30:00+05:30,1033.5,1034.9,1032.05,1033.65,2123
2022-09-05 12:45:00+05:30,1034.35,1040.75,1034.0,1040.75,8398
2022-09-05 13:00:00+05:30,1040.75,1051.5,1040.45,1050.3,19006
2022-09-05 13:15:00+05:30,1050.0,1051.2,1045.75,1046.9,7042
2022-09-05 13:30:00+05:30,1046.9,1048.55,1045.7,1047.75,2288
2022-09-05 13:45:00+05:30,1047.75,1049.0,1045.1,1047.1,4312
2022-09-05 14:00:00+05:30,1047.9,1047.9,1043.5,1047.4,4729
2022-09-05 14:15:00+05:30,1047.4,1052.0,1041.9,1042.0,8867
2022-09-05 14:30:00+05:30,1042.0,1043.95,1042.0,1042.75,901
2022-09-05 14:45:00+05:30,1043.7,1043.95,1037.0,1037.95,2810
2022-09-05 15:00:00+05:30,1037.95,1041.85,1037.95,1040.0,2104
2022-09-05 15:15:00+05:30,1040.0,1040.9,1035.4,1038.15,7578
2022-09-05 15:30:00+05:30,1037.9,1039.65,1032.0,1038.0,8541
2022-09-06 09:30:00+05:30,1038.0,1045.55,1037.85,1042.0,6045
2022-09-06 09:45:00+05:30,1042.15,1042.15,1035.1,1037.1,6104
2022-09-06 10:00:00+05:30,1037.1,1037.95,1035.1,1035.6,3642
2022-09-06 10:15:00+05:30,1035.6,1040.95,1027.55,1029.25,8445
2022-09-06 10:30:00+05:30,1029.25,1030.0,1027.75,1028.85,3440
2022-09-06 10:45:00+05:30,1028.85,1030.0,1027.0,1029.3,5904
2022-09-06 11:00:00+05:30,1029.95,1034.1,1029.95,1032.5,1946
2022-09-06 11:15:00+05:30,1032.5,1034.0,1031.5,1033.45,1244
2022-09-06 11:30:00+05:30,1033.45,1033.7,1030.0,1030.8,1169
2022-09-06 11:45:00+05:30,1030.8,1032.35,1029.05,1030.65,4639
2022-09-06 12:00:00+05:30,1030.65,1039.0,1030.65,1037.45,3706
2022-09-06 12:15:00+05:30,1037.45,1038.0,1033.6,1034.75,1311
2022-09-06 12:30:00+05:30,1034.75,1037.6,1034.05,1035.15,732
2022-09-06 12:45:00+05:30,1035.15,1038.05,1034.9,1034.9,1585
2022-09-06 13:00:00+05:30,1034.9,1039.0,1033.95,1037.35,1785
2022-09-06 13:15:00+05:30,1038.55,1038.55,1031.3,1032.65,2144
2022-09-06 13:30:00+05:30,1034.25,1036.75,1034.05,1036.0,994
2022-09-06 13:45:00+05:30,1036.0,1036.0,1032.0,1033.6,4024
2022-09-06 14:00:00+05:30,1033.6,1033.6,1030.3,1031.95,2284
2022-09-06 14:15:00+05:30,1031.9,1032.95,1030.95,1032.95,920
2022-09-06 14:30:00+05:30,1032.95,1033.0,1032.0,1032.5,441
2022-09-06 14:45:00+05:30,1032.5,1033.0,1032.0,1032.0,1441
2022-09-06 15:00:00+05:30,1032.0,1032.7,1030.0,1030.9,1325
2022-09-06 15:15:00+05:30,1030.9,1032.65,1030.0,1032.55,2950
2022-09-06 15:30:00+05:30,1032.55,1033.5,1030.0,1031.55,3662
2022-09-07 09:30:00+05:30,1032.6,1049.8,1024.95,1040.95,21319
2022-09-07 09:45:00+05:30,1040.95,1049.0,1038.0,1047.45,15499
2022-09-07 10:00:00+05:30,1047.45,1048.0,1041.5,1041.5,6232
2022-09-07 10:15:00+05:30,1041.25,1044.25,1041.25,1044.25,2578
2022-09-07 10:30:00+05:30,1044.05,1053.8,1042.1,1048.85,10289
2022-09-07 10:45:00+05:30,1048.85,1048.85,1042.0,1042.0,3993
2022-09-07 11:00:00+05:30,1042.75,1044.55,1038.95,1039.15,3291
2022-09-07 11:15:00+05:30,1039.15,1039.15,1030.0,1034.7,10096
2022-09-07 11:30:00+05:30,1034.65,1036.05,1032.65,1035.0,2400
2022-09-07 11:45:00+05:30,1035.0,1037.25,1035.0,1035.05,806
2022-09-07 12:00:00+05:30,1035.05,1036.95,1035.0,1036.95,814
2022-09-07 12:15:00+05:30,1036.95,1038.25,1035.75,1037.05,427
2022-09-07 12:30:00+05:30,1037.05,1037.5,1035.0,1035.55,801
2022-09-07 12:45:00+05:30,1035.55,1035.95,1033.4,1035.0,1515
2022-09-07 13:00:00+05:30,1035.0,1036.0,1032.55,1034.05,2052
2022-09-07 13:15:00+05:30,1034.05,1034.95,1032.9,1033.95,1046
2022-09-07 13:30:00+05:30,1033.95,1034.8,1032.0,1033.1,1019
2022-09-07 13:45:00+05:30,1033.1,1034.9,1032.6,1034.75,503
2022-09-07 14:00:00+05:30,1034.75,1035.4,1028.0,1028.15,6479
2022-09-07 14:15:00+05:30,1028.15,1029.1,1023.2,1027.95,12153
2022-09-07 14:30:00+05:30,1027.3,1030.6,1025.4,1028.8,4597
2022-09-07 14:45:00+05:30,1028.9,1032.05,1028.1,1031.25,2262
2022-09-07 15:00:00+05:30,1031.25,1033.35,1030.05,1032.7,5604
2022-09-07 15:15:00+05:30,1033.2,1033.9,1029.0,1033.65,6861
2022-09-07 15:30:00+05:30,1032.1,1033.6,1030.15,1031.05,5295
2022-09-08 09:30:00+05:30,1032.25,1048.15,1032.25,1046.4,13912
2022-09-08 09:45:00+05:30,1047.05,1048.0,1038.9,1040.0,5434
2022-09-08 10:00:00+05:30,1039.95,1043.05,1032.1,1035.0,15704
2022-09-08 10:15:00+05:30,1035.0,1035.05,1024.0,1025.0,22232
2022-09-08 10:30:00+05:30,1025.0,1025.0,1024.25,1025.0,10941
2022-09-08 10:45:00+05:30,1024.95,1025.0,1023.95,1024.75,3774
2022-09-08 11:00:00+05:30,1024.75,1025.0,1023.55,1025.0,3729
2022-09-08 11:15:00+05:30,1024.95,1025.5,1024.6,1025.0,2224
2022-09-08 11:30:00+05:30,1025.0,1025.0,1024.0,1024.95,2961
2022-09-08 11:45:00+05:30,1024.35,1025.0,1024.3,1025.0,2152
2022-09-08 12:00:00+05:30,1025.0,1025.0,1024.8,1024.9,2139
2022-09-08 12:15:00+05:30,1024.9,1025.0,1024.1,1025.0,9526
2022-09-08 12:30:00+05:30,1025.0,1025.35,1024.0,1025.0,2119
2022-09-08 12:45:00+05:30,1025.0,1026.0,1023.3,1024.0,7681
2022-09-08 13:00:00+05:30,1024.0,1024.95,1023.0,1024.45,2807
2022-09-08 13:15:00+05:30,1024.45,1024.95,1022.0,1022.95,3560
2022-09-08 13:30:00+05:30,1022.95,1024.8,1021.25,1024.65,1927
2022-09-08 13:45:00+05:30,1024.65,1024.8,1023.05,1024.75,702
2022-09-08 14:00:00+05:30,1024.75,1024.85,1023.5,1024.8,1868
2022-09-08 14:15:00+05:30,1024.85,1025.0,1022.5,1022.5,5595
2022-09-08 14:30:00+05:30,1022.5,1029.75,1021.0,1029.2,77235
2022-09-08 14:45:00+05:30,1029.1,1029.9,1021.95,1023.3,31346
2022-09-08 15:00:00+05:30,1023.25,1024.95,1018.0,1018.75,11396
2022-09-08 15:15:00+05:30,1018.75,1022.85,1018.25,1022.85,13587
2022-09-08 15:30:00+05:30,1022.75,1024.0,1018.25,1020.0,16756
2022-09-09 09:30:00+05:30,1024.0,1034.75,1022.0,1027.0,11865
2022-09-09 09:45:00+05:30,1027.0,1038.2,1026.6,1031.95,26874
2022-09-09 10:00:00+05:30,1031.95,1031.95,1029.6,1030.1,3636
2022-09-09 10:15:00+05:30,1030.7,1041.95,1030.1,1041.0,15527
2022-09-09 10:30:00+05:30,1041.0,1041.5,1039.0,1040.5,7513
2022-09-09 10:45:00+05:30,1040.5,1041.9,1039.2,1041.5,5447
2022-09-09 11:00:00+05:30,1041.5,1048.0,1041.05,1045.65,12434
2022-09-09 11:15:00+05:30,1045.0,1053.95,1044.0,1050.9,33449
2022-09-09 11:30:00+05:30,1050.9,1069.2,1049.95,1059.5,75089
2022-09-09 11:45:00+05:30,1059.6,1068.55,1058.85,1061.45,46315
2022-09-09 12:00:00+05:30,1061.95,1061.95,1056.0,1061.9,25910
2022-09-09 12:15:00+05:30,1061.1,1064.9,1059.4,1059.5,17382
2022-09-09 12:30:00+05:30,1059.9,1065.95,1058.0,1061.05,18671
2022-09-09 12:45:00+05:30,1061.05,1065.0,1060.0,1063.0,10009
2022-09-09 13:00:00+05:30,1063.0,1072.0,1061.0,1069.0,48836
2022-09-09 13:15:00+05:30,1067.9,1077.5,1067.05,1072.85,100906
2022-09-09 13:30:00+05:30,1071.75,1074.05,1066.55,1069.7,39775
2022-09-09 13:45:00+05:30,1069.7,1076.2,1068.0,1070.45,30823
2022-09-09 14:00:00+05:30,1070.45,1075.15,1068.0,1070.35,21960
2022-09-09 14:15:00+05:30,1070.35,1075.0,1069.25,1070.45,19335
2022-09-09 14:30:00+05:30,1070.45,1083.5,1070.4,1073.0,68913
2022-09-09 14:45:00+05:30,1073.4,1076.85,1067.95,1075.75,34853
2022-09-09 15:00:00+05:30,1075.6,1075.6,1070.4,1071.05,20716
2022-09-09 15:15:00+05:30,1071.65,1073.75,1064.0,1065.55,30407
2022-09-09 15:30:00+05:30,1064.65,1068.95,1062.0,1067.85,40631
2022-09-12 09:30:00+05:30,1084.8,1102.45,1072.0,1094.35,121976
2022-09-12 09:45:00+05:30,1093.5,1109.0,1090.15,1103.75,59472
2022-09-12 10:00:00+05:30,1105.0,1123.0,1103.85,1122.05,107871
2022-09-12 10:15:00+05:30,1123.0,1124.2,1112.3,1113.7,82229
2022-09-12 10:30:00+05:30,1113.7,1121.0,1113.0,1116.1,46842
2022-09-12 10:45:00+05:30,1116.5,1129.0,1115.5,1123.75,88820
2022-09-12 11:00:00+05:30,1122.4,1127.65,1114.35,1126.0,63956
2022-09-12 11:15:00+05:30,1125.2,1129.65,1124.0,1128.0,63583
2022-09-12 11:30:00+05:30,1128.0,1129.35,1121.0,1122.95,130499
2022-09-12 11:45:00+05:30,1122.7,1122.7,1115.15,1117.9,23944
2022-09-12 12:00:00+05:30,1117.9,1120.0,1115.0,1115.65,17942
2022-09-12 12:15:00+05:30,1116.2,1119.55,1115.75,1119.0,8717
2022-09-12 12:30:00+05:30,1119.0,1119.95,1116.0,1116.15,18635
2022-09-12 12:45:00+05:30,1116.15,1118.95,1114.0,1116.6,16610
2022-09-12 13:00:00+05:30,1117.45,1117.55,1113.0,1113.5,13661
2022-09-12 13:15:00+05:30,1113.6,1123.95,1113.6,1123.15,39779
2022-09-12 13:30:00+05:30,1123.15,1126.0,1119.05,1121.3,40331
2022-09-12 13:45:00+05:30,1121.3,1125.55,1119.75,1125.0,20639
2022-09-12 14:00:00+05:30,1125.0,1133.0,1122.7,1132.05,51090
2022-09-12 14:15:00+05:30,1132.05,1135.0,1125.0,1125.0,47774
2022-09-12 14:30:00+05:30,1125.5,1128.55,1124.5,1125.1,30248
2022-09-12 14:45:00+05:30,1125.95,1128.55,1125.0,1127.0,12840
2022-09-12 15:00:00+05:30,1126.6,1129.0,1126.2,1128.6,17177
2022-09-12 15:15:00+05:30,1127.85,1134.75,1126.8,1130.95,42805
2022-09-12 15:30:00+05:30,1130.5,1143.8,1130.0,1138.35,112277
2022-09-13 09:30:00+05:30,1135.25,1138.35,1116.0,1125.2,90647
2022-09-13 09:45:00+05:30,1125.65,1134.0,1122.85,1126.0,59754
2022-09-13 10:00:00+05:30,1125.6,1126.2,1120.1,1122.85,17869
2022-09-13 10:15:00+05:30,1122.85,1124.0,1116.05,1117.65,17455
2022-09-13 10:30:00+05:30,1117.65,1127.55,1117.5,1126.95,15356
2022-09-13 10:45:00+05:30,1126.95,1127.85,1119.05,1120.0,9962
2022-09-13 11:00:00+05:30,1120.0,1124.0,1115.0,1124.0,18376
2022-09-13 11:15:00+05:30,1124.0,1124.15,1120.2,1121.85,5652
2022-09-13 11:30:00+05:30,1121.85,1122.3,1116.3,1118.25,5841
2022-09-13 11:45:00+05:30,1118.25,1120.0,1115.0,1119.0,9327
2022-09-13 12:00:00+05:30,1119.0,1121.0,1116.4,1119.95,4401
2022-09-13 12:15:00+05:30,1120.0,1121.15,1118.4,1120.0,3148
2022-09-13 12:30:00+05:30,1120.0,1120.0,1117.4,1118.95,2691
2022-09-13 12:45:00+05:30,1118.75,1120.95,1117.0,1119.05,4822
2022-09-13 13:00:00+05:30,1119.05,1120.95,1119.0,1119.0,3523
2022-09-13 13:15:00+05:30,1119.7,1123.2,1119.0,1121.45,244707
2022-09-13 13:30:00+05:30,1121.45,1122.7,1117.15,1119.0,107074
2022-09-13 13:45:00+05:30,1119.5,1119.5,1113.1,1113.15,12147
2022-09-13 14:00:00+05:30,1113.15,1120.0,1112.0,1119.1,123599
2022-09-13 14:15:00+05:30,1119.65,1120.0,1111.6,1115.0,8439
2022-09-13 14:30:00+05:30,1114.95,1115.0,1112.5,1115.0,4830
2022-09-13 14:45:00+05:30,1114.7,1118.0,1113.4,1116.45,6998
2022-09-13 15:00:00+05:30,1116.45,1116.95,1107.4,1109.0,12679
2022-09-13 15:15:00+05:30,1109.0,1116.0,1108.0,1111.5,18560
2022-09-13 15:30:00+05:30,1111.5,1115.0,1108.05,1113.1,24733
2022-09-14 09:30:00+05:30,1100.0,1125.0,1094.8,1112.5,63592
2022-09-14 09:45:00+05:30,1113.0,1116.3,1108.0,1112.0,19175
2022-09-14 10:00:00+05:30,1112.0,1112.0,1100.1,1103.6,11970
2022-09-14 10:15:00+05:30,1104.15,1111.55,1103.8,1109.0,6395
2022-09-14 10:30:00+05:30,1109.0,1112.0,1102.0,1103.25,15164
2022-09-14 10:45:00+05:30,1104.35,1107.7,1102.0,1105.25,2672
2022-09-14 11:00:00+05:30,1105.25,1106.9,1102.6,1105.5,3847
2022-09-14 11:15:00+05:30,1105.5,1108.3,1104.25,1106.0,3812
2022-09-14 11:30:00+05:30,1107.2,1108.75,1103.8,1106.5,4538
2022-09-14 11:45:00+05:30,1105.6,1106.65,1103.0,1106.65,1429
2022-09-14 12:00:00+05:30,1107.3,1109.1,1100.1,1106.65,10714
2022-09-14 12:15:00+05:30,1107.85,1108.35,1105.3,1106.2,1883
2022-09-14 12:30:00+05:30,1106.2,1107.55,1104.2,1105.55,3669
2022-09-14 12:45:00+05:30,1105.55,1108.1,1104.95,1106.7,1236
2022-09-14 13:00:00+05:30,1106.7,1110.0,1106.7,1107.25,3574
2022-09-14 13:15:00+05:30,1108.0,1109.0,1103.8,1106.1,5056
2022-09-14 13:30:00+05:30,1106.1,1107.2,1103.95,1107.15,2007
2022-09-14 13:45:00+05:30,1107.15,1108.05,1095.9,1098.0,10143
2022-09-14 14:00:00+05:30,1098.65,1098.95,1096.0,1097.55,8656
2022-09-14 14:15:00+05:30,1097.55,1098.45,1095.5,1098.0,21204
2022-09-14 14:30:00+05:30,1098.0,1098.0,1092.25,1092.3,8555
2022-09-14 14:45:00+05:30,1092.0,1094.0,1087.55,1091.6,11163
2022-09-14 15:00:00+05:30,1092.0,1096.0,1091.2,1093.95,3806
2022-09-14 15:15:00+05:30,1093.75,1102.0,1090.15,1091.85,11480
2022-09-14 15:30:00+05:30,1091.95,1100.0,1087.0,1095.05,31844
2022-09-15 09:30:00+05:30,1106.0,1108.9,1097.0,1099.3,12132
2022-09-15 09:45:00+05:30,1099.3,1100.3,1090.55,1093.9,6649
2022-09-15 10:00:00+05:30,1093.9,1095.8,1086.0,1086.95,4863
2022-09-15 10:15:00+05:30,1086.95,1088.0,1082.0,1083.3,7927
2022-09-15 10:30:00+05:30,1083.3,1085.0,1079.85,1083.85,6771
2022-09-15 10:45:00+05:30,1083.85,1083.85,1079.15,1079.95,4147
2022-09-15 11:00:00+05:30,1078.0,1087.0,1075.0,1084.15,13890
2022-09-15 11:15:00+05:30,1084.15,1085.15,1080.0,1080.0,7572
2022-09-15 11:30:00+05:30,1080.0,1083.55,1080.0,1083.0,1589
2022-09-15 11:45:00+05:30,1083.0,1086.25,1082.5,1085.0,3097
2022-09-15 12:00:00+05:30,1085.0,1086.4,1082.75,1082.75,455
2022-09-15 12:15:00+05:30,1082.75,1083.85,1080.0,1082.7,2094
2022-09-15 12:30:00+05:30,1082.7,1082.7,1080.0,1082.3,1260
2022-09-15 12:45:00+05:30,1082.3,1084.3,1081.1,1083.85,2233
2022-09-15 13:00:00+05:30,1083.85,1086.3,1083.85,1085.7,1637
2022-09-15 13:15:00+05:30,1085.7,1092.0,1085.05,1089.8,2694
2022-09-15 13:30:00+05:30,1089.8,1092.0,1087.8,1091.9,1988
2022-09-15 13:45:00+05:30,1091.9,1091.9,1086.55,1086.7,1105
2022-09-15 14:00:00+05:30,1086.7,1096.1,1086.2,1096.1,3247
2022-09-15 14:15:00+05:30,1096.1,1097.0,1092.8,1096.3,3641
2022-09-15 14:30:00+05:30,1096.3,1096.3,1090.55,1092.7,2636
2022-09-15 14:45:00+05:30,1093.3,1094.95,1090.55,1094.1,1561
2022-09-15 15:00:00+05:30,1093.3,1094.15,1089.35,1089.35,2149
2022-09-15 15:15:00+05:30,1089.6,1090.6,1086.0,1086.8,4279
2022-09-15 15:30:00+05:30,1086.8,1104.0,1080.05,1093.0,12137
2022-09-16 09:30:00+05:30,1097.05,1104.85,1088.0,1101.25,16954
2022-09-16 09:45:00+05:30,1101.0,1105.0,1100.0,1100.5,30487
2022-09-16 10:00:00+05:30,1100.5,1102.1,1084.0,1086.05,12582
2022-09-16 10:15:00+05:30,1086.0,1095.9,1084.85,1092.6,10742
2022-09-16 10:30:00+05:30,1092.6,1103.0,1092.0,1100.0,9263
2022-09-16 10:45:00+05:30,1100.55,1105.0,1100.0,1105.0,11833
2022-09-16 11:00:00+05:30,1105.0,1105.7,1100.65,1102.3,7037
2022-09-16 11:15:00+05:30,1102.85,1104.95,1101.5,1104.0,3227
2022-09-16 11:30:00+05:30,1103.95,1104.3,1100.05,1101.5,4646
2022-09-16 11:45:00+05:30,1101.5,1102.15,1099.55,1100.25,4691
2022-09-16 12:00:00+05:30,1100.25,1104.05,1100.25,1103.15,9325
2022-09-16 12:15:00+05:30,1103.15,1105.0,1100.0,1100.0,3775
2022-09-16 12:30:00+05:30,1100.0,1103.0,1099.3,1100.05,2687
2022-09-16 12:45:00+05:30,1100.0,1100.7,1099.95,1099.95,2611
2022-09-16 13:00:00+05:30,1099.95,1101.0,1098.8,1100.0,4637
2022-09-16 13:15:00+05:30,1100.0,1100.45,1090.15,1091.3,17685
2022-09-16 13:30:00+05:30,1091.1,1091.3,1086.05,1089.3,7120
2022-09-16 13:45:00+05:30,1089.7,1089.7,1084.05,1084.4,9514
2022-09-16 14:00:00+05:30,1084.75,1084.9,1067.0,1076.2,18613
2022-09-16 14:15:00+05:30,1077.85,1088.55,1072.2,1075.65,17556
2022-09-16 14:30:00+05:30,1075.65,1086.5,1074.2,1086.5,7725
2022-09-16 14:45:00+05:30,1086.0,1094.7,1085.45,1091.95,6125
2022-09-16 15:00:00+05:30,1091.95,1098.9,1091.1,1097.9,7364
2022-09-16 15:15:00+05:30,1097.9,1099.0,1075.9,1081.65,27957
2022-09-16 15:30:00+05:30,1081.0,1081.55,1075.05,1080.25,24092
2022-09-19 09:30:00+05:30,1086.0,1086.0,1052.05,1057.25,16794
2022-09-19 09:45:00+05:30,1058.35,1068.8,1057.25,1059.05,15772
2022-09-19 10:00:00+05:30,1059.05,1068.4,1059.05,1063.1,8768
2022-09-19 10:15:00+05:30,1063.1,1064.0,1055.65,1056.0,3396
2022-09-19 10:30:00+05:30,1056.0,1060.0,1055.2,1059.0,3330
2022-09-19 10:45:00+05:30,1059.45,1071.45,1058.4,1071.0,7143
2022-09-19 11:00:00+05:30,1071.7,1072.25,1070.25,1072.25,3846
2022-09-19 11:15:00+05:30,1072.4,1076.0,1072.4,1075.15,4484
2022-09-19 11:30:00+05:30,1075.15,1082.1,1070.8,1073.75,11217
2022-09-19 11:45:00+05:30,1073.75,1073.75,1062.2,1063.65,6735
2022-09-19 12:00:00+05:30,1064.15,1066.0,1058.15,1059.9,8032
2022-09-19 12:15:00+05:30,1059.8,1062.5,1059.0,1062.2,1875
2022-09-19 12:30:00+05:30,1062.2,1063.75,1059.65,1061.3,1592
2022-09-19 12:45:00+05:30,1061.25,1061.9,1056.9,1058.4,1527
2022-09-19 13:00:00+05:30,1058.4,1066.1,1058.4,1064.45,3446
2022-09-19 13:15:00+05:30,1064.45,1066.9,1061.3,1063.0,2540
2022-09-19 13:30:00+05:30,1062.65,1063.9,1061.0,1061.35,1143
2022-09-19 13:45:00+05:30,1061.35,1061.35,1058.9,1060.4,2435
2022-09-19 14:00:00+05:30,1060.4,1062.4,1059.05,1061.75,2257
2022-09-19 14:15:00+05:30,1061.75,1065.4,1061.75,1063.0,1173
2022-09-19 14:30:00+05:30,1063.0,1064.1,1060.5,1060.5,1995
2022-09-19 14:45:00+05:30,1060.5,1062.0,1056.85,1057.0,5225
2022-09-19 15:00:00+05:30,1056.7,1057.75,1053.0,1056.0,5593
2022-09-19 15:15:00+05:30,1056.35,1057.5,1051.1,1051.1,14414
2022-09-19 15:30:00+05:30,1051.0,1051.0,1043.25,1047.0,16461
2022-09-20 09:30:00+05:30,1064.4,1071.0,1057.0,1058.05,9422
2022-09-20 09:45:00+05:30,1058.05,1064.0,1058.0,1060.45,4690
2022-09-20 10:00:00+05:30,1060.45,1067.4,1059.15,1067.2,5362
2022-09-20 10:15:00+05:30,1067.3,1070.0,1065.75,1068.25,8422
2022-09-20 10:30:00+05:30,1068.15,1069.15,1064.15,1066.2,2404
2022-09-20 10:45:00+05:30,1066.2,1067.5,1061.2,1061.7,4802
2022-09-20 11:00:00+05:30,1061.7,1064.0,1061.0,1063.9,2518
2022-09-20 11:15:00+05:30,1063.95,1063.95,1060.0,1062.0,780
2022-09-20 11:30:00+05:30,1062.0,1062.0,1059.9,1060.0,1743
2022-09-20 11:45:00+05:30,1060.0,1064.0,1059.8,1063.15,1878
2022-09-20 12:00:00+05:30,1063.15,1065.35,1060.55,1061.65,7590
2022-09-20 12:15:00+05:30,1061.65,1063.55,1061.6,1061.9,466
2022-09-20 12:30:00+05:30,1061.9,1063.9,1061.9,1063.8,443
2022-09-20 12:45:00+05:30,1063.8,1066.7,1062.4,1065.05,4817
2022-09-20 13:00:00+05:30,1065.05,1068.05,1065.0,1065.5,4285
2022-09-20 13:15:00+05:30,1066.0,1078.65,1065.0,1075.3,29324
2022-09-20 13:30:00+05:30,1075.3,1077.45,1074.4,1075.3,5476
2022-09-20 13:45:00+05:30,1075.35,1077.0,1074.5,1075.05,9552
2022-09-20 14:00:00+05:30,1076.25,1076.25,1070.65,1071.5,4051
2022-09-20 14:15:00+05:30,1072.2,1075.9,1072.2,1075.35,4819
2022-09-20 14:30:00+05:30,1075.35,1075.5,1074.85,1075.5,2581
2022-09-20 14:45:00+05:30,1075.5,1077.75,1075.0,1076.25,2942
2022-09-20 15:00:00+05:30,1076.85,1078.0,1075.0,1075.85,4352
2022-09-20 15:15:00+05:30,1075.85,1084.7,1074.0,1081.05,9369
2022-09-20 15:30:00+05:30,1081.0,1084.25,1078.25,1081.0,9503
2022-09-21 09:30:00+05:30,1079.8,1107.55,1071.25,1101.85,27056
2022-09-21 09:45:00+05:30,1102.85,1116.9,1094.2,1116.9,47113
2022-09-21 10:00:00+05:30,1116.1,1134.0,1113.8,1124.65,156204
2022-09-21 10:15:00+05:30,1124.65,1128.0,1117.55,1123.15,56950
2022-09-21 10:30:00+05:30,1123.15,1128.0,1119.0,1123.6,58358
2022-09-21 10:45:00+05:30,1121.8,1130.0,1121.8,1126.15,47047
2022-09-21 11:00:00+05:30,1126.15,1128.25,1121.6,1122.2,23716
2022-09-21 11:15:00+05:30,1122.85,1124.4,1116.1,1119.0,30436
2022-09-21 11:30:00+05:30,1119.0,1119.0,1116.0,1117.45,24418
2022-09-21 11:45:00+05:30,1118.3,1118.9,1111.1,1113.05,32765
2022-09-21 12:00:00+05:30,1113.0,1113.85,1108.85,1111.25,30626
2022-09-21 12:15:00+05:30,1111.55,1112.9,1108.45,1112.5,14677
2022-09-21 12:30:00+05:30,1112.5,1113.5,1106.15,1106.45,21857
2022-09-21 12:45:00+05:30,1106.45,1111.0,1106.05,1110.6,9033
2022-09-21 13:00:00+05:30,1110.6,1113.5,1109.85,1111.0,16854
2022-09-21 13:15:00+05:30,1111.0,1112.5,1109.0,1110.9,4775
2022-09-21 13:30:00+05:30,1110.95,1112.8,1110.7,1111.05,6336
2022-09-21 13:45:00+05:30,1111.05,1113.45,1111.0,1112.25,6391
2022-09-21 14:00:00+05:30,1112.25,1122.45,1112.15,1120.0,22984
2022-09-21 14:15:00+05:30,1119.3,1124.95,1116.35,1124.9,14341
2022-09-21 14:30:00+05:30,1124.9,1128.55,1118.1,1120.6,19921
2022-09-21 14:45:00+05:30,1120.1,1121.75,1117.0,1117.0,9865
2022-09-21 15:00:00+05:30,1117.0,1118.95,1112.0,1112.85,17104
2022-09-21 15:15:00+05:30,1112.85,1118.65,1107.45,1108.85,19301
2022-09-21 15:30:00+05:30,1108.85,1117.5,1108.1,1113.0,31337
2022-09-22 09:30:00+05:30,1112.9,1112.9,1096.0,1102.25,22280
2022-09-22 09:45:00+05:30,1101.05,1112.35,1097.0,1107.15,20688
2022-09-22 10:00:00+05:30,1107.15,1112.0,1105.0,1110.0,15178
2022-09-22 10:15:00+05:30,1110.0,1111.25,1098.0,1101.85,11478
2022-09-22 10:30:00+05:30,1102.15,1102.15,1088.0,1091.15,12532
2022-09-22 10:45:00+05:30,1091.0,1091.95,1076.25,1081.0,22647
2022-09-22 11:00:00+05:30,1080.05,1085.0,1080.05,1083.45,11864
2022-09-22 11:15:00+05:30,1083.75,1088.5,1083.55,1087.55,5295
2022-09-22 11:30:00+05:30,1087.8,1089.0,1087.0,1087.0,4651
2022-09-22 11:45:00+05:30,1087.0,1087.95,1082.5,1084.75,4543
2022-09-22 12:00:00+05:30,1084.75,1087.5,1082.5,1085.15,3176
2022-09-22 12:15:00+05:30,1085.15,1091.5,1084.95,1090.0,2873
2022-09-22 12:30:00+05:30,1090.05,1094.0,1090.0,1092.45,23033
2022-09-22 12:45:00+05:30,1092.05,1102.0,1090.5,1100.8,26023
2022-09-22 13:00:00+05:30,1100.25,1104.0,1100.0,1101.9,6706
2022-09-22 13:15:00+05:30,1101.0,1101.5,1092.85,1095.05,6866
2022-09-22 13:30:00+05:30,1095.05,1098.3,1095.05,1096.15,1113
2022-09-22 13:45:00+05:30,1096.15,1102.45,1096.15,1098.8,3512
2022-09-22 14:00:00+05:30,1098.55,1100.75,1097.0,1097.0,2585
2022-09-22 14:15:00+05:30,1097.0,1100.9,1097.0,1097.95,2232
2022-09-22 14:30:00+05:30,1097.95,1101.15,1096.0,1099.4,3000
2022-09-22 14:45:00+05:30,1099.4,1100.0,1096.55,1098.5,1530
2022-09-22 15:00:00+05:30,1098.5,1099.0,1093.2,1097.4,3085
2022-09-22 15:15:00+05:30,1097.65,1101.4,1096.15,1098.1,6746
2022-09-22 15:30:00+05:30,1098.1,1099.7,1096.0,1097.0,16183
2022-09-23 09:30:00+05:30,1101.0,1109.65,1096.05,1098.1,27908
2022-09-23 09:45:00+05:30,1098.0,1106.85,1092.6,1104.5,20087
2022-09-23 10:00:00+05:30,1104.0,1106.9,1095.0,1099.5,26564
2022-09-23 10:15:00+05:30,1098.95,1101.4,1095.2,1097.35,4014
2022-09-23 10:30:00+05:30,1097.35,1098.75,1090.65,1094.95,2907
2022-09-23 10:45:00+05:30,1094.95,1100.1,1091.6,1100.0,6196
2022-09-23 11:00:00+05:30,1100.0,1112.7,1098.6,1111.7,14530
2022-09-23 11:15:00+05:30,1112.0,1112.0,1100.0,1102.8,5895
2022-09-23 11:30:00+05:30,1103.9,1103.95,1099.5,1101.3,5705
2022-09-23 11:45:00+05:30,1100.5,1102.2,1100.0,1100.95,2242
2022-09-23 12:00:00+05:30,1100.95,1102.2,1100.0,1100.25,2271
2022-09-23 12:15:00+05:30,1100.25,1102.25,1100.25,1101.0,1629
2022-09-23 12:30:00+05:30,1101.0,1102.75,1099.25,1102.75,2159
2022-09-23 12:45:00+05:30,1102.75,1102.75,1099.9,1100.0,5009
2022-09-23 13:00:00+05:30,1100.0,1101.55,1100.0,1100.0,3622
2022-09-23 13:15:00+05:30,1100.0,1100.9,1100.0,1100.0,1571
2022-09-23 13:30:00+05:30,1100.0,1102.9,1099.3,1100.8,1813
2022-09-23 13:45:00+05:30,1100.0,1102.15,1092.0,1092.15,8029
2022-09-23 14:00:00+05:30,1092.15,1093.6,1088.0,1091.9,2806
2022-09-23 14:15:00+05:30,1091.9,1093.9,1091.0,1093.9,6463
2022-09-23 14:30:00+05:30,1093.9,1101.1,1093.15,1099.65,9078
2022-09-23 14:45:00+05:30,1099.65,1101.65,1093.05,1093.05,6267
2022-09-23 15:00:00+05:30,1093.05,1100.0,1092.55,1098.3,3687
2022-09-23 15:15:00+05:30,1098.3,1098.9,1093.1,1094.65,6437
2022-09-23 15:30:00+05:30,1093.8,1094.6,1080.65,1089.0,13827
2022-09-26 09:30:00+05:30,1076.0,1080.0,1050.0,1063.3,28562
2022-09-26 09:45:00+05:30,1064.25,1065.0,1060.0,1060.0,15225
2022-09-26 10:00:00+05:30,1060.0,1065.25,1060.0,1061.25,4836
2022-09-26 10:15:00+05:30,1061.0,1061.3,1049.7,1052.0,13151
2022-09-26 10:30:00+05:30,1052.05,1053.05,1042.25,1052.2,8179
2022-09-26 10:45:00+05:30,1052.2,1052.2,1043.55,1051.8,9447
2022-09-26 11:00:00+05:30,1051.8,1052.65,1049.3,1051.15,8606
2022-09-26 11:15:00+05:30,1051.15,1052.0,1050.0,1052.0,2458
2022-09-26 11:30:00+05:30,1052.0,1054.95,1050.05,1051.4,6073
2022-09-26 11:45:00+05:30,1051.4,1053.35,1050.0,1051.55,2080
2022-09-26 12:00:00+05:30,1051.55,1053.1,1050.05,1050.05,3218
2022-09-26 12:15:00+05:30,1050.05,1054.05,1050.0,1052.95,1387
2022-09-26 12:30:00+05:30,1053.0,1055.0,1051.85,1052.4,1852
2022-09-26 12:45:00+05:30,1052.4,1060.5,1052.4,1059.25,2964
2022-09-26 13:00:00+05:30,1059.25,1068.45,1059.25,1065.8,4421
2022-09-26 13:15:00+05:30,1065.65,1070.0,1064.3,1070.0,2280
2022-09-26 13:30:00+05:30,1070.0,1074.7,1067.0,1068.1,4472
2022-09-26 13:45:00+05:30,1068.1,1070.5,1064.25,1067.45,4223
2022-09-26 14:00:00+05:30,1067.45,1068.3,1062.2,1066.6,2673
2022-09-26 14:15:00+05:30,1066.6,1066.6,1062.5,1062.5,1677
2022-09-26 14:30:00+05:30,1062.5,1066.15,1060.0,1065.0,4779
2022-09-26 14:45:00+05:30,1065.0,1084.0,1065.0,1081.05,12898
2022-09-26 15:00:00+05:30,1081.05,1088.8,1078.0,1079.15,5369
2022-09-26 15:15:00+05:30,1080.0,1080.95,1061.15,1065.0,9950
2022-09-26 15:30:00+05:30,1065.0,1076.95,1051.0,1057.6,9995
2022-09-27 09:30:00+05:30,1066.9,1074.95,1064.0,1066.65,33835
2022-09-27 09:45:00+05:30,1066.65,1093.6,1041.15,1044.15,51407
2022-09-27 10:00:00+05:30,1044.2,1049.0,1040.5,1044.5,11491
2022-09-27 10:15:00+05:30,1044.5,1045.85,1036.0,1039.6,10515
2022-09-27 10:30:00+05:30,1038.9,1042.9,1028.0,1029.4,16332
2022-09-27 10:45:00+05:30,1029.4,1045.35,1029.4,1040.55,11845
2022-09-27 11:00:00+05:30,1040.55,1047.0,1034.0,1047.0,4378
2022-09-27 11:15:00+05:30,1048.2,1049.9,1041.4,1044.45,6574
2022-09-27 11:30:00+05:30,1044.45,1046.0,1038.0,1040.95,8773
2022-09-27 11:45:00+05:30,1040.95,1044.0,1038.35,1040.0,6679
2022-09-27 12:00:00+05:30,1040.0,1044.7,1038.8,1041.0,6387
2022-09-27 12:15:00+05:30,1041.0,1043.75,1040.05,1041.0,5925
2022-09-27 12:30:00+05:30,1040.2,1047.0,1039.75,1046.6,6387
2022-09-27 12:45:00+05:30,1046.6,1052.65,1044.95,1049.6,5360
2022-09-27 13:00:00+05:30,1049.6,1053.0,1045.6,1049.8,4242
2022-09-27 13:15:00+05:30,1050.7,1052.8,1047.0,1051.7,2598
2022-09-27 13:30:00+05:30,1051.7,1052.2,1048.9,1050.5,2241
2022-09-27 13:45:00+05:30,1050.5,1051.8,1047.05,1048.9,3589
2022-09-27 14:00:00+05:30,1048.9,1051.75,1045.5,1049.8,16333
2022-09-27 14:15:00+05:30,1049.75,1052.8,1048.95,1051.95,3193
2022-09-27 14:30:00+05:30,1051.2,1062.4,1050.0,1059.65,15248
2022-09-27 14:45:00+05:30,1059.65,1061.0,1054.05,1055.0,3134
2022-09-27 15:00:00+05:30,1055.0,1057.25,1051.15,1052.15,4057
2022-09-27 15:15:00+05:30,1052.15,1057.9,1050.0,1051.5,7541
2022-09-27 15:30:00+05:30,1051.5,1055.0,1050.0,1053.0,12887
2022-09-28 09:30:00+05:30,1050.7,1051.2,1042.05,1049.2,10284
2022-09-28 09:45:00+05:30,1049.0,1055.95,1046.0,1047.55,5094
2022-09-28 10:00:00+05:30,1049.0,1057.5,1048.85,1054.7,8196
2022-09-28 10:15:00+05:30,1054.85,1056.9,1052.85,1055.9,4770
2022-09-28 10:30:00+05:30,1055.95,1056.8,1052.0,1054.85,5348
2022-09-28 10:45:00+05:30,1054.85,1057.0,1049.45,1050.0,5416
2022-09-28 11:00:00+05:30,1051.5,1055.0,1049.2,1054.0,6750
2022-09-28 11:15:00+05:30,1054.0,1060.0,1054.0,1060.0,2933
2022-09-28 11:30:00+05:30,1060.0,1060.0,1057.3,1058.95,2536
2022-09-28 11:45:00+05:30,1058.95,1066.4,1058.3,1062.1,6069
2022-09-28 12:00:00+05:30,1061.3,1064.0,1059.75,1062.4,717
2022-09-28 12:15:00+05:30,1062.4,1063.95,1060.95,1062.45,1200
2022-09-28 12:30:00+05:30,1062.45,1062.45,1060.0,1060.75,1915
2022-09-28 12:45:00+05:30,1060.75,1060.75,1058.65,1059.8,1187
2022-09-28 13:00:00+05:30,1060.0,1061.0,1058.65,1059.8,905
2022-09-28 13:15:00+05:30,1059.8,1059.8,1055.55,1058.05,1686
2022-09-28 13:30:00+05:30,1058.05,1060.2,1056.65,1060.2,2669
2022-09-28 13:45:00+05:30,1060.2,1060.4,1056.8,1057.5,2883
2022-09-28 14:00:00+05:30,1057.5,1061.9,1053.0,1053.0,5619
2022-09-28 14:15:00+05:30,1053.0,1060.2,1053.0,1056.25,5204
2022-09-28 14:30:00+05:30,1056.25,1056.25,1053.6,1055.8,1112
2022-09-28 14:45:00+05:30,1055.8,1055.8,1043.25,1043.25,6559
2022-09-28 15:00:00+05:30,1043.25,1045.85,1042.1,1042.8,2924
2022-09-28 15:15:00+05:30,1042.8,1043.95,1038.0,1039.65,9369
2022-09-28 15:30:00+05:30,1040.0,1040.7,1025.2,1026.4,17173
2022-09-29 09:30:00+05:30,1045.45,1051.85,1041.15,1044.35,17305
2022-09-29 09:45:00+05:30,1043.45,1047.9,1042.45,1047.1,5247
2022-09-29 10:00:00+05:30,1047.1,1062.95,1047.0,1060.5,14270
2022-09-29 10:15:00+05:30,1060.5,1062.4,1059.75,1061.0,13612
2022-09-29 10:30:00+05:30,1060.7,1064.45,1059.3,1060.4,27064
2022-09-29 10:45:00+05:30,1059.85,1061.0,1050.35,1052.6,13496
2022-09-29 11:00:00+05:30,1052.6,1052.6,1047.95,1049.15,3126
2022-09-29 11:15:00+05:30,1050.0,1050.0,1044.6,1045.0,3765
2022-09-29 11:30:00+05:30,1045.0,1052.6,1044.0,1050.0,5302
2022-09-29 11:45:00+05:30,1050.0,1050.0,1045.9,1047.0,587
2022-09-29 12:00:00+05:30,1047.0,1047.0,1041.5,1042.65,2223
2022-09-29 12:15:00+05:30,1042.6,1044.65,1041.6,1044.65,1334
2022-09-29 12:30:00+05:30,1044.65,1051.0,1043.25,1048.1,11014
2022-09-29 12:45:00+05:30,1048.1,1048.6,1041.5,1043.1,1314
2022-09-29 13:00:00+05:30,1043.1,1043.1,1039.05,1041.1,2299
2022-09-29 13:15:00+05:30,1041.5,1041.5,1035.25,1037.7,2559
2022-09-29 13:30:00+05:30,1037.7,1037.7,1033.3,1036.4,2503
2022-09-29 13:45:00+05:30,1036.4,1037.9,1034.2,1036.55,2164
2022-09-29 14:00:00+05:30,1035.0,1037.9,1035.0,1037.35,1461
2022-09-29 14:15:00+05:30,1037.55,1037.55,1034.45,1035.1,748
2022-09-29 14:30:00+05:30,1035.75,1042.0,1034.45,1042.0,1762
2022-09-29 14:45:00+05:30,1042.0,1046.95,1038.95,1046.1,5288
2022-09-29 15:00:00+05:30,1046.1,1046.1,1037.2,1040.1,2312
2022-09-29 15:15:00+05:30,1039.65,1040.8,1034.05,1035.4,5450
2022-09-29 15:30:00+05:30,1035.6,1045.45,1035.1,1040.0,10186
2022-09-30 09:30:00+05:30,1040.0,1042.65,1031.95,1038.65,9723
2022-09-30 09:45:00+05:30,1037.0,1044.85,1032.0,1044.25,5968
2022-09-30 10:00:00+05:30,1044.3,1046.35,1030.85,1032.2,9458
2022-09-30 10:15:00+05:30,1032.2,1034.0,1025.1,1033.5,9209
2022-09-30 10:30:00+05:30,1032.45,1040.0,1026.6,1036.75,24924
2022-09-30 10:45:00+05:30,1036.75,1040.0,1035.0,1035.0,2204
2022-09-30 11:00:00+05:30,1035.0,1037.9,1034.5,1035.4,1547
2022-09-30 11:15:00+05:30,1035.95,1039.75,1035.0,1039.3,2116
2022-09-30 11:30:00+05:30,1039.3,1043.45,1039.3,1041.5,3745
2022-09-30 11:45:00+05:30,1041.5,1042.5,1040.85,1041.95,1492
2022-09-30 12:00:00+05:30,1041.6,1042.9,1040.1,1040.75,1219
2022-09-30 12:15:00+05:30,1040.75,1041.9,1039.05,1040.45,1129
2022-09-30 12:30:00+05:30,1040.45,1043.75,1037.8,1042.15,2320
2022-09-30 12:45:00+05:30,1042.15,1043.0,1039.85,1040.7,1835
2022-09-30 13:00:00+05:30,1040.7,1042.15,1038.15,1040.8,1748
2022-09-30 13:15:00+05:30,1040.8,1043.15,1040.0,1041.0,1859
2022-09-30 13:30:00+05:30,1041.0,1043.15,1040.75,1042.45,1313
2022-09-30 13:45:00+05:30,1043.15,1043.15,1036.4,1039.3,13979
2022-09-30 14:00:00+05:30,1039.3,1040.0,1035.05,1039.5,3450
2022-09-30 14:15:00+05:30,1039.5,1043.75,1035.9,1039.5,3735
2022-09-30 14:30:00+05:30,1039.0,1048.45,1039.0,1048.0,4707
2022-09-30 14:45:00+05:30,1048.0,1055.25,1046.4,1051.45,8843
2022-09-30 15:00:00+05:30,1051.45,1052.0,1046.5,1048.5,4483
2022-09-30 15:15:00+05:30,1047.9,1048.4,1041.45,1041.7,6615
2022-09-30 15:30:00+05:30,1041.7,1048.15,1041.05,1046.0,8625
2022-10-03 09:30:00+05:30,1044.0,1063.9,1042.25,1050.65,25691
2022-10-03 09:45:00+05:30,1049.15,1075.35,1048.5,1068.75,17760
2022-10-03 10:00:00+05:30,1068.75,1073.9,1062.75,1070.85,45200
2022-10-03 10:15:00+05:30,1070.05,1070.45,1066.0,1068.45,3249
2022-10-03 10:30:00+05:30,1068.45,1069.9,1064.55,1065.5,3514
2022-10-03 10:45:00+05:30,1065.5,1066.0,1061.7,1064.85,7543
2022-10-03 11:00:00+05:30,1064.85,1079.8,1063.65,1074.85,47627
2022-10-03 11:15:00+05:30,1074.8,1074.85,1067.05,1069.85,10113
2022-10-03 11:30:00+05:30,1069.85,1073.15,1066.45,1067.0,6101
2022-10-03 11:45:00+05:30,1067.0,1071.5,1066.05,1070.15,4738
2022-10-03 12:00:00+05:30,1070.15,1078.35,1070.15,1077.0,18797
2022-10-03 12:15:00+05:30,1077.0,1078.0,1075.75,1077.8,7683
2022-10-03 12:30:00+05:30,1077.8,1078.5,1075.95,1078.0,4057
2022-10-03 12:45:00+05:30,1078.35,1081.0,1076.15,1080.9,14589
2022-10-03 13:00:00+05:30,1080.5,1082.0,1080.1,1080.65,7261
2022-10-03 13:15:00+05:30,1081.0,1082.0,1079.9,1080.1,2849
2022-10-03 13:30:00+05:30,1080.85,1082.0,1080.0,1080.7,2931
2022-10-03 13:45:00+05:30,1081.0,1081.8,1079.55,1080.75,8122
2022-10-03 14:00:00+05:30,1080.75,1082.0,1079.95,1080.15,5736
2022-10-03 14:15:00+05:30,1080.5,1085.9,1079.65,1084.15,32399
2022-10-03 14:30:00+05:30,1085.0,1085.0,1078.0,1078.75,18039
2022-10-03 14:45:00+05:30,1079.0,1080.5,1077.1,1077.1,8919
2022-10-03 15:00:00+05:30,1077.35,1078.0,1071.2,1077.0,11549
2022-10-03 15:15:00+05:30,1077.0,1083.0,1074.55,1078.8,15548
2022-10-03 15:30:00+05:30,1079.05,1081.0,1074.0,1075.75,21977
2022-10-04 09:30:00+05:30,1093.6,1095.0,1082.3,1085.9,11022
2022-10-04 09:45:00+05:30,1085.8,1087.55,1082.1,1084.05,3662
2022-10-04 10:00:00+05:30,1083.0,1083.0,1078.25,1078.9,8501
2022-10-04 10:15:00+05:30,1079.95,1080.0,1078.0,1079.0,3669
2022-10-04 10:30:00+05:30,1079.0,1080.0,1077.3,1077.7,6567
2022-10-04 10:45:00+05:30,1077.6,1082.35,1075.0,1080.05,16175
2022-10-04 11:00:00+05:30,1080.0,1082.0,1075.0,1077.05,7462
2022-10-04 11:15:00+05:30,1077.05,1082.5,1075.55,1078.15,22161
2022-10-04 11:30:00+05:30,1078.1,1079.45,1076.75,1078.45,4210
2022-10-04 11:45:00+05:30,1078.95,1079.0,1077.0,1079.0,1072
2022-10-04 12:00:00+05:30,1078.15,1078.95,1077.0,1077.0,1285
2022-10-04 12:15:00+05:30,1077.0,1078.1,1076.0,1077.45,1049
2022-10-04 12:30:00+05:30,1077.45,1079.0,1075.6,1077.55,3095
2022-10-04 12:45:00+05:30,1077.55,1079.35,1075.75,1079.35,3002
2022-10-04 13:00:00+05:30,1079.35,1080.0,1077.25,1078.0,2000
2022-10-04 13:15:00+05:30,1078.0,1079.3,1077.45,1078.5,2760
2022-10-04 13:30:00+05:30,1078.5,1078.9,1077.95,1078.0,1345
2022-10-04 13:45:00+05:30,1078.0,1078.95,1077.05,1078.0,1450
2022-10-04 14:00:00+05:30,1078.0,1079.5,1077.8,1078.7,2421
2022-10-04 14:15:00+05:30,1078.7,1079.5,1077.85,1079.0,4623
2022-10-04 14:30:00+05:30,1079.5,1079.5,1078.0,1079.0,3669
2022-10-04 14:45:00+05:30,1079.3,1079.3,1078.05,1078.65,1616
2022-10-04 15:00:00+05:30,1079.0,1079.3,1077.65,1079.0,2558
2022-10-04 15:15:00+05:30,1079.0,1080.9,1078.45,1080.6,17285
2022-10-04 15:30:00+05:30,1080.6,1080.95,1078.5,1080.5,16749
2022-10-06 09:30:00+05:30,1086.3,1095.0,1079.3,1087.85,25844
2022-10-06 09:45:00+05:30,1087.85,1093.6,1087.85,1091.05,7488
2022-10-06 10:00:00+05:30,1091.05,1092.0,1090.0,1092.0,11288
2022-10-06 10:15:00+05:30,1092.0,1094.8,1090.85,1091.85,4268
2022-10-06 10:30:00+05:30,1091.0,1100.0,1091.0,1097.8,9051
2022-10-06 10:45:00+05:30,1098.35,1098.35,1092.55,1093.65,2307
2022-10-06 11:00:00+05:30,1093.65,1095.0,1092.0,1092.55,1225
2022-10-06 11:15:00+05:30,1094.25,1095.0,1093.15,1095.0,1352
2022-10-06 11:30:00+05:30,1095.0,1095.8,1092.35,1092.7,844
2022-10-06 11:45:00+05:30,1092.7,1094.0,1092.0,1092.1,2727
2022-10-06 12:00:00+05:30,1092.1,1092.95,1090.0,1091.9,5587
2022-10-06 12:15:00+05:30,1091.9,1092.0,1089.9,1091.45,2857
2022-10-06 12:30:00+05:30,1090.05,1092.0,1090.0,1090.0,1648
2022-10-06 12:45:00+05:30,1090.0,1091.6,1089.35,1091.6,436
2022-10-06 13:00:00+05:30,1091.55,1092.0,1090.05,1091.4,293
2022-10-06 13:15:00+05:30,1091.4,1091.8,1089.8,1091.75,924
2022-10-06 13:30:00+05:30,1091.8,1091.8,1090.0,1091.05,2219
2022-10-06 13:45:00+05:30,1091.05,1091.3,1090.0,1090.0,794
2022-10-06 14:00:00+05:30,1090.0,1091.0,1090.0,1090.9,875
2022-10-06 14:15:00+05:30,1091.0,1091.15,1089.35,1090.0,2355
2022-10-06 14:30:00+05:30,1090.0,1091.8,1085.05,1085.2,3723
2022-10-06 14:45:00+05:30,1085.2,1089.7,1081.3,1085.1,2493
2022-10-06 15:00:00+05:30,1085.1,1086.75,1082.5,1083.35,2046
2022-10-06 15:15:00+05:30,1084.1,1086.65,1066.0,1071.2,14599
2022-10-06 15:30:00+05:30,1071.2,1080.0,1070.25,1074.0,6930
2022-10-07 09:30:00+05:30,1060.0,1083.7,1057.95,1077.55,13032
2022-10-07 09:45:00+05:30,1077.55,1085.0,1075.0,1081.0,15713
2022-10-07 10:00:00+05:30,1081.6,1086.85,1080.9,1086.0,2850
2022-10-07 10:15:00+05:30,1086.0,1086.0,1080.05,1080.2,4111
2022-10-07 10:30:00+05:30,1080.2,1083.45,1080.2,1082.0,597
2022-10-07 10:45:00+05:30,1082.0,1082.0,1080.0,1080.9,1594
2022-10-07 11:00:00+05:30,1080.9,1094.0,1078.55,1091.25,45076
2022-10-07 11:15:00+05:30,1091.5,1094.0,1087.9,1090.55,17083
2022-10-07 11:30:00+05:30,1089.95,1093.0,1088.5,1090.8,10816
2022-10-07 11:45:00+05:30,1090.8,1091.95,1087.0,1088.55,9470
2022-10-07 12:00:00+05:30,1088.55,1089.1,1083.2,1084.2,14816
2022-10-07 12:15:00+05:30,1084.2,1084.2,1075.0,1080.0,8462
2022-10-07 12:30:00+05:30,1080.0,1080.0,1078.1,1079.0,603
2022-10-07 12:45:00+05:30,1079.0,1084.45,1078.5,1081.3,3199
2022-10-07 13:00:00+05:30,1081.3,1082.65,1080.0,1080.0,3017
2022-10-07 13:15:00+05:30,1080.0,1081.8,1080.0,1080.0,1471
2022-10-07 13:30:00+05:30,1080.0,1082.05,1080.0,1080.15,1763
2022-10-07 13:45:00+05:30,1080.15,1081.45,1078.75,1080.45,1251
2022-10-07 14:00:00+05:30,1080.5,1081.55,1080.0,1080.05,3840
2022-10-07 14:15:00+05:30,1080.75,1081.45,1074.95,1074.95,10397
2022-10-07 14:30:00+05:30,1075.7,1078.1,1072.0,1075.0,5791
2022-10-07 14:45:00+05:30,1074.95,1075.45,1065.85,1066.0,4418
2022-10-07 15:00:00+05:30,1066.7,1069.6,1066.0,1069.45,2673
2022-10-07 15:15:00+05:30,1069.45,1071.45,1061.2,1071.25,16194
2022-10-07 15:30:00+05:30,1071.45,1071.45,1060.45,1063.0,15112
2022-10-10 09:30:00+05:30,1060.0,1065.05,1050.05,1064.75,8932
2022-10-10 09:45:00+05:30,1064.85,1073.25,1063.85,1067.7,8544
2022-10-10 10:00:00+05:30,1067.7,1068.95,1064.15,1066.8,6317
2022-10-10 10:15:00+05:30,1066.95,1067.0,1063.55,1064.5,5099
2022-10-10 10:30:00+05:30,1064.0,1064.0,1060.5,1063.7,2627
2022-10-10 10:45:00+05:30,1063.7,1064.05,1058.25,1059.15,2157
2022-10-10 11:00:00+05:30,1059.2,1061.95,1057.55,1058.0,1941
2022-10-10 11:15:00+05:30,1058.0,1062.25,1056.95,1060.75,617
2022-10-10 11:30:00+05:30,1060.75,1062.0,1056.85,1059.35,1026
2022-10-10 11:45:00+05:30,1059.5,1066.0,1059.5,1063.75,1956
2022-10-10 12:00:00+05:30,1063.75,1067.0,1061.35,1062.55,2492
2022-10-10 12:15:00+05:30,1062.45,1064.0,1060.0,1060.95,2091
2022-10-10 12:30:00+05:30,1060.95,1064.0,1060.85,1062.4,1922
2022-10-10 12:45:00+05:30,1062.4,1063.7,1061.0,1061.65,383
2022-10-10 13:00:00+05:30,1061.0,1062.85,1059.35,1061.1,1042
2022-10-10 13:15:00+05:30,1061.1,1062.75,1057.65,1058.05,1658
2022-10-10 13:30:00+05:30,1058.05,1060.2,1056.65,1057.25,1252
2022-10-10 13:45:00+05:30,1057.25,1059.8,1055.5,1059.75,366
2022-10-10 14:00:00+05:30,1059.0,1059.05,1053.65,1054.4,1897
2022-10-10 14:15:00+05:30,1054.95,1055.2,1051.2,1053.85,3269
2022-10-10 14:30:00+05:30,1053.85,1056.9,1052.55,1055.3,2435
2022-10-10 14:45:00+05:30,1055.3,1063.0,1055.3,1062.2,3458
2022-10-10 15:00:00+05:30,1062.2,1062.3,1055.9,1057.5,2876
2022-10-10 15:15:00+05:30,1057.45,1057.6,1054.0,1055.15,2921
2022-10-10 15:30:00+05:30,1055.55,1059.9,1051.0,1059.9,6060
2022-10-11 09:30:00+05:30,1060.95,1063.5,1054.0,1058.2,5933
2022-10-11 09:45:00+05:30,1058.15,1060.0,1052.35,1052.7,6083
2022-10-11 10:00:00+05:30,1052.7,1055.8,1050.8,1052.95,2609
2022-10-11 10:15:00+05:30,1052.95,1053.5,1050.1,1052.95,3195
2022-10-11 10:30:00+05:30,1052.3,1053.7,1051.85,1053.2,660
2022-10-11 10:45:00+05:30,1053.2,1054.8,1049.0,1050.0,7023
2022-10-11 11:00:00+05:30,1050.0,1052.3,1047.15,1049.8,1633
2022-10-11 11:15:00+05:30,1049.8,1051.25,1049.1,1050.05,1716
2022-10-11 11:30:00+05:30,1050.05,1050.05,1047.65,1048.55,816
2022-10-11 11:45:00+05:30,1048.9,1050.0,1048.15,1049.4,912
2022-10-11 12:00:00+05:30,1049.4,1050.2,1048.15,1049.85,924
2022-10-11 12:15:00+05:30,1049.85,1050.0,1048.0,1048.9,2467
2022-10-11 12:30:00+05:30,1048.9,1050.0,1048.35,1048.35,1468
2022-10-11 12:45:00+05:30,1048.35,1049.95,1045.05,1047.0,9182
2022-10-11 13:00:00+05:30,1047.05,1049.0,1046.0,1046.0,5360
2022-10-11 13:15:00+05:30,1046.0,1047.45,1044.5,1045.0,1354
2022-10-11 13:30:00+05:30,1045.0,1045.0,1038.5,1039.95,6976
2022-10-11 13:45:00+05:30,1039.95,1039.95,1036.1,1037.1,2200
2022-10-11 14:00:00+05:30,1037.1,1039.0,1036.3,1037.0,2658
2022-10-11 14:15:00+05:30,1037.0,1037.0,1034.0,1034.5,1558
2022-10-11 14:30:00+05:30,1034.0,1035.7,1032.0,1033.05,6026
2022-10-11 14:45:00+05:30,1033.05,1035.65,1032.0,1034.8,7642
2022-10-11 15:00:00+05:30,1034.8,1038.05,1033.25,1034.9,3084
2022-10-11 15:15:00+05:30,1035.35,1041.35,1034.0,1036.75,6772
2022-10-11 15:30:00+05:30,1036.75,1038.0,1026.1,1030.0,13739
2022-10-12 09:30:00+05:30,1025.05,1033.6,1022.0,1031.4,11825
2022-10-12 09:45:00+05:30,1031.9,1038.0,1031.0,1037.2,4616
2022-10-12 10:00:00+05:30,1036.95,1038.15,1034.95,1036.0,2752
2022-10-12 10:15:00+05:30,1036.0,1036.45,1032.1,1032.1,2402
2022-10-12 10:30:00+05:30,1032.2,1032.95,1030.7,1030.8,1257
2022-10-12 10:45:00+05:30,1030.8,1031.6,1030.0,1031.6,897
2022-10-12 11:00:00+05:30,1030.4,1031.9,1026.05,1028.05,4565
2022-10-12 11:15:00+05:30,1028.05,1035.0,1028.05,1035.0,3221
2022-10-12 11:30:00+05:30,1035.0,1037.7,1033.85,1037.1,1553
2022-10-12 11:45:00+05:30,1037.6,1038.85,1034.8,1037.95,1796
2022-10-12 12:00:00+05:30,1037.95,1037.95,1034.7,1037.5,1330
2022-10-12 12:15:00+05:30,1037.5,1041.0,1035.35,1040.0,1699
2022-10-12 12:30:00+05:30,1040.0,1040.0,1037.0,1037.5,631
2022-10-12 12:45:00+05:30,1037.5,1038.4,1035.4,1035.8,599
2022-10-12 13:00:00+05:30,1035.8,1038.95,1035.45,1037.0,851
2022-10-12 13:15:00+05:30,1037.0,1037.95,1035.0,1035.45,594
2022-10-12 13:30:00+05:30,1035.45,1036.8,1033.6,1034.55,1001
2022-10-12 13:45:00+05:30,1034.55,1038.0,1034.35,1036.3,990
2022-10-12 14:00:00+05:30,1036.3,1037.75,1035.65,1036.65,355
2022-10-12 14:15:00+05:30,1036.65,1038.65,1033.7,1036.65,1723
2022-10-12 14:30:00+05:30,1036.65,1038.45,1035.15,1038.0,950
2022-10-12 14:45:00+05:30,1038.0,1038.5,1035.8,1037.25,1052
2022-10-12 15:00:00+05:30,1037.25,1048.95,1036.35,1046.0,6314
2022-10-12 15:15:00+05:30,1046.8,1050.0,1040.55,1042.3,11302
2022-10-12 15:30:00+05:30,1042.3,1047.35,1041.65,1045.0,5734
2022-10-13 09:30:00+05:30,1050.55,1064.5,1050.55,1056.6,16577
2022-10-13 09:45:00+05:30,1056.6,1066.8,1055.1,1062.8,13630
2022-10-13 10:00:00+05:30,1062.05,1063.1,1060.1,1061.65,3494
2022-10-13 10:15:00+05:30,1061.65,1063.5,1051.05,1051.05,27622
2022-10-13 10:30:00+05:30,1051.05,1059.7,1048.0,1056.55,23497
2022-10-13 10:45:00+05:30,1057.0,1061.4,1053.35,1058.85,18195
2022-10-13 11:00:00+05:30,1058.85,1064.4,1056.25,1062.8,6596
2022-10-13 11:15:00+05:30,1063.45,1064.0,1058.25,1059.75,2161
2022-10-13 11:30:00+05:30,1059.75,1059.8,1054.05,1054.85,1580
2022-10-13 11:45:00+05:30,1054.7,1056.65,1045.75,1056.65,12502
2022-10-13 12:00:00+05:30,1056.65,1060.15,1054.3,1056.0,5602
2022-10-13 12:15:00+05:30,1056.0,1058.4,1054.6,1056.5,1374
2022-10-13 12:30:00+05:30,1056.5,1064.35,1056.5,1059.8,7972
2022-10-13 12:45:00+05:30,1059.8,1061.75,1057.95,1061.7,1463
2022-10-13 13:00:00+05:30,1061.7,1062.6,1058.0,1058.3,959
2022-10-13 13:15:00+05:30,1058.3,1061.0,1058.3,1059.45,858
2022-10-13 13:30:00+05:30,1059.45,1059.85,1058.35,1059.1,1309
2022-10-13 13:45:00+05:30,1059.1,1060.4,1058.15,1060.25,1983
2022-10-13 14:00:00+05:30,1060.25,1060.7,1056.55,1059.2,2101
2022-10-13 14:15:00+05:30,1059.95,1064.55,1058.85,1062.1,3569
2022-10-13 14:30:00+05:30,1062.15,1064.0,1060.8,1062.1,2229
2022-10-13 14:45:00+05:30,1062.65,1063.0,1060.25,1061.55,716
2022-10-13 15:00:00+05:30,1061.55,1065.05,1059.5,1064.5,3432
2022-10-13 15:15:00+05:30,1064.5,1065.9,1062.1,1064.0,3794
2022-10-13 15:30:00+05:30,1063.95,1066.8,1059.0,1061.0,6922
2022-10-14 09:30:00+05:30,1065.0,1081.25,1065.0,1070.0,10725
2022-10-14 09:45:00+05:30,1069.7,1070.0,1057.3,1068.95,36825
2022-10-14 10:00:00+05:30,1069.0,1083.0,1066.3,1080.6,67770
2022-10-14 10:15:00+05:30,1080.0,1081.0,1076.05,1076.95,16358
2022-10-14 10:30:00+05:30,1076.95,1085.0,1076.95,1083.05,15219
2022-10-14 10:45:00+05:30,1083.9,1084.0,1079.2,1080.5,8023
2022-10-14 11:00:00+05:30,1080.5,1080.5,1076.75,1078.5,3547
2022-10-14 11:15:00+05:30,1078.5,1081.6,1077.95,1079.75,1752
2022-10-14 11:30:00+05:30,1079.75,1081.15,1078.0,1081.15,2107
2022-10-14 11:45:00+05:30,1081.15,1081.15,1073.0,1073.2,7062
2022-10-14 12:00:00+05:30,1073.2,1076.5,1067.05,1069.0,8110
2022-10-14 12:15:00+05:30,1069.0,1070.0,1066.0,1066.85,4003
2022-10-14 12:30:00+05:30,1066.95,1068.0,1065.3,1066.0,2041
2022-10-14 12:45:00+05:30,1066.0,1067.5,1066.0,1066.35,902
2022-10-14 13:00:00+05:30,1066.35,1067.0,1062.0,1062.0,3146
2022-10-14 13:15:00+05:30,1062.9,1064.05,1060.0,1060.35,2673
2022-10-14 13:30:00+05:30,1060.05,1060.5,1056.5,1059.95,6184
2022-10-14 13:45:00+05:30,1059.95,1063.8,1059.3,1061.85,1590
2022-10-14 14:00:00+05:30,1061.85,1063.8,1056.0,1056.0,3582
2022-10-14 14:15:00+05:30,1055.55,1058.45,1052.05,1056.0,4987
2022-10-14 14:30:00+05:30,1056.0,1056.1,1047.85,1051.15,7001
2022-10-14 14:45:00+05:30,1051.15,1051.65,1046.0,1048.2,3000
2022-10-14 15:00:00+05:30,1048.2,1049.35,1036.55,1036.55,7850
2022-10-14 15:15:00+05:30,1037.55,1039.8,1034.6,1035.0,12016
2022-10-14 15:30:00+05:30,1034.6,1037.05,1030.05,1032.0,15585
2022-10-17 09:30:00+05:30,1034.0,1038.2,1027.25,1028.7,9891
2022-10-17 09:45:00+05:30,1028.7,1034.95,1024.0,1033.15,7122
2022-10-17 10:00:00+05:30,1033.1,1037.0,1030.0,1037.0,3145
2022-10-17 10:15:00+05:30,1037.0,1040.85,1036.35,1040.45,3975
2022-10-17 10:30:00+05:30,1040.45,1044.0,1038.95,1039.55,3600
2022-10-17 10:45:00+05:30,1039.55,1041.8,1038.45,1040.75,2179
2022-10-17 11:00:00+05:30,1040.75,1040.8,1038.0,1040.0,677
2022-10-17 11:15:00+05:30,1040.0,1040.0,1038.35,1039.95,149
2022-10-17 11:30:00+05:30,1039.95,1040.35,1038.5,1039.55,812
2022-10-17 11:45:00+05:30,1039.55,1041.2,1038.9,1038.9,1392
2022-10-17 12:00:00+05:30,1038.9,1039.0,1031.6,1034.8,3635
2022-10-17 12:15:00+05:30,1034.8,1036.85,1034.55,1036.85,392
2022-10-17 12:30:00+05:30,1036.85,1039.3,1034.6,1037.25,2430
2022-10-17 12:45:00+05:30,1037.6,1038.4,1035.95,1037.7,257
2022-10-17 13:00:00+05:30,1037.7,1037.7,1031.3,1035.9,1770
2022-10-17 13:15:00+05:30,1035.9,1035.95,1033.0,1033.6,1094
2022-10-17 13:30:00+05:30,1033.6,1038.2,1033.6,1037.85,307
2022-10-17 13:45:00+05:30,1037.85,1038.55,1035.5,1035.5,1109
2022-10-17 14:00:00+05:30,1035.5,1038.5,1034.75,1035.75,1673
2022-10-17 14:15:00+05:30,1034.95,1037.3,1034.15,1035.85,904
2022-10-17 14:30:00+05:30,1035.85,1037.45,1033.85,1037.0,1186
2022-10-17 14:45:00+05:30,1036.25,1039.95,1035.0,1039.45,1468
2022-10-17 15:00:00+05:30,1039.45,1039.5,1035.05,1036.5,2843
2022-10-17 15:15:00+05:30,1036.5,1036.5,1030.65,1030.8,3491
2022-10-17 15:30:00+05:30,1030.8,1035.35,1030.5,1034.0,6749
2022-10-18 09:30:00+05:30,1040.0,1051.95,1039.15,1045.6,9834
2022-10-18 09:45:00+05:30,1045.6,1047.55,1045.05,1046.65,2083
2022-10-18 10:00:00+05:30,1046.65,1052.0,1045.4,1049.8,3865
2022-10-18 10:15:00+05:30,1049.8,1053.45,1047.9,1050.65,3296
2022-10-18 10:30:00+05:30,1050.65,1051.95,1050.0,1050.85,1175
2022-10-18 10:45:00+05:30,1050.85,1052.05,1050.0,1052.05,1549
2022-10-18 11:00:00+05:30,1052.05,1052.9,1043.45,1044.7,4658
2022-10-18 11:15:00+05:30,1044.7,1046.95,1042.55,1043.45,1881
2022-10-18 11:30:00+05:30,1043.4,1044.45,1041.8,1043.35,1087
2022-10-18 11:45:00+05:30,1043.35,1044.95,1042.0,1044.0,667
2022-10-18 12:00:00+05:30,1044.0,1044.6,1030.6,1043.15,7642
2022-10-18 12:15:00+05:30,1043.4,1046.05,1041.4,1045.6,1604
2022-10-18 12:30:00+05:30,1045.6,1047.0,1043.5,1046.5,1228
2022-10-18 12:45:00+05:30,1046.5,1050.0,1043.45,1047.4,5909
2022-10-18 13:00:00+05:30,1047.4,1052.2,1045.0,1051.75,8714
2022-10-18 13:15:00+05:30,1051.75,1052.0,1050.0,1050.5,2328
2022-10-18 13:30:00+05:30,1050.5,1055.2,1050.5,1054.95,6336
2022-10-18 13:45:00+05:30,1054.95,1054.95,1049.55,1050.1,17905
2022-10-18 14:00:00+05:30,1050.1,1051.9,1049.95,1051.25,7125
2022-10-18 14:15:00+05:30,1051.25,1051.95,1050.0,1050.9,3769
2022-10-18 14:30:00+05:30,1050.9,1051.05,1050.45,1050.95,146
2022-10-18 14:45:00+05:30,1050.45,1051.95,1048.25,1051.9,15499
2022-10-18 15:00:00+05:30,1051.9,1052.6,1048.0,1049.95,8469
2022-10-18 15:15:00+05:30,1049.95,1054.45,1049.95,1054.0,6859
2022-10-18 15:30:00+05:30,1054.0,1060.0,1049.05,1057.7,17753
2022-10-19 09:30:00+05:30,1058.6,1058.6,1053.0,1057.75,2992
2022-10-19 09:45:00+05:30,1057.6,1057.95,1055.05,1056.3,1546
2022-10-19 10:00:00+05:30,1056.3,1057.0,1054.6,1056.95,956
2022-10-19 10:15:00+05:30,1056.95,1062.85,1056.95,1061.75,5680
2022-10-19 10:30:00+05:30,1061.75,1063.3,1060.45,1060.45,2483
2022-10-19 10:45:00+05:30,1060.45,1078.0,1060.45,1075.65,13153
2022-10-19 11:00:00+05:30,1076.65,1076.65,1067.15,1070.65,7941
2022-10-19 11:15:00+05:30,1071.0,1076.0,1070.0,1075.05,7753
2022-10-19 11:30:00+05:30,1075.05,1090.0,1072.8,1083.25,34215
2022-10-19 11:45:00+05:30,1083.25,1085.0,1076.1,1076.3,8746
2022-10-19 12:00:00+05:30,1076.3,1078.5,1072.05,1074.0,7141
2022-10-19 12:15:00+05:30,1074.0,1075.45,1072.05,1075.0,4281
2022-10-19 12:30:00+05:30,1075.0,1085.0,1075.0,1082.1,11847
2022-10-19 12:45:00+05:30,1082.1,1082.1,1073.9,1074.0,3399
2022-10-19 13:00:00+05:30,1074.0,1074.7,1065.2,1068.6,9043
2022-10-19 13:15:00+05:30,1069.0,1069.0,1062.0,1065.95,3402
2022-10-19 13:30:00+05:30,1065.95,1069.45,1065.25,1068.05,1423
2022-10-19 13:45:00+05:30,1068.05,1068.55,1062.2,1064.95,3790
2022-10-19 14:00:00+05:30,1064.95,1065.0,1061.4,1061.8,2629
2022-10-19 14:15:00+05:30,1061.8,1066.4,1061.75,1065.65,2820
2022-10-19 14:30:00+05:30,1065.65,1066.05,1062.8,1064.0,743
2022-10-19 14:45:00+05:30,1064.0,1066.0,1062.6,1065.0,2293
2022-10-19 15:00:00+05:30,1065.0,1065.0,1058.0,1061.0,4261
2022-10-19 15:15:00+05:30,1061.0,1067.4,1059.6,1062.9,5561
2022-10-19 15:30:00+05:30,1061.45,1067.0,1058.2,1063.1,8856
2022-10-20 09:30:00+05:30,1058.6,1072.0,1055.1,1071.5,9948
2022-10-20 09:45:00+05:30,1071.3,1071.85,1068.35,1069.25,6408
2022-10-20 10:00:00+05:30,1070.3,1072.75,1069.9,1071.95,2804
2022-10-20 10:15:00+05:30,1071.95,1072.0,1069.5,1070.8,1251
2022-10-20 10:30:00+05:30,1070.8,1071.55,1069.0,1070.3,4306
2022-10-20 10:45:00+05:30,1070.3,1070.3,1068.25,1069.25,3537
2022-10-20 11:00:00+05:30,1069.25,1070.85,1068.1,1069.8,5265
2022-10-20 11:15:00+05:30,1069.8,1070.65,1069.15,1069.5,912
2022-10-20 11:30:00+05:30,1069.5,1070.65,1069.3,1069.3,1641
2022-10-20 11:45:00+05:30,1069.3,1069.85,1060.05,1063.7,4786
2022-10-20 12:00:00+05:30,1063.7,1063.9,1060.05,1062.35,3419
2022-10-20 12:15:00+05:30,1062.35,1062.4,1060.0,1061.0,1668
2022-10-20 12:30:00+05:30,1061.0,1062.8,1060.6,1061.95,887
2022-10-20 12:45:00+05:30,1061.95,1061.95,1060.0,1061.45,559
2022-10-20 13:00:00+05:30,1061.45,1061.5,1060.25,1060.95,503
2022-10-20 13:15:00+05:30,1060.8,1060.95,1056.0,1057.4,2673
2022-10-20 13:30:00+05:30,1057.4,1057.95,1053.05,1055.85,4429
2022-10-20 13:45:00+05:30,1055.85,1057.7,1054.0,1054.85,663
2022-10-20 14:00:00+05:30,1054.85,1056.25,1047.1,1049.0,3676
2022-10-20 14:15:00+05:30,1049.0,1051.25,1048.05,1049.05,863
2022-10-20 14:30:00+05:30,1049.05,1051.75,1049.05,1049.65,1070
2022-10-20 14:45:00+05:30,1050.8,1051.95,1050.0,1050.2,2478
2022-10-20 15:00:00+05:30,1051.0,1056.5,1050.0,1053.7,4203
2022-10-20 15:15:00+05:30,1055.1,1055.8,1051.05,1052.7,2882
2022-10-20 15:30:00+05:30,1052.7,1057.85,1050.3,1055.8,6020
2022-10-21 09:30:00+05:30,1058.75,1064.95,1055.25,1064.8,4395
2022-10-21 09:45:00+05:30,1064.9,1065.85,1056.35,1056.5,3746
2022-10-21 10:00:00+05:30,1056.5,1056.8,1051.3,1051.75,5194
2022-10-21 10:15:00+05:30,1051.75,1052.35,1048.0,1050.75,2318
2022-10-21 10:30:00+05:30,1050.8,1058.9,1048.55,1050.85,15636
2022-10-21 10:45:00+05:30,1051.95,1053.55,1050.2,1052.1,3108
2022-10-21 11:00:00+05:30,1052.1,1053.0,1050.0,1051.1,2308
2022-10-21 11:15:00+05:30,1052.0,1053.0,1050.7,1052.6,1261
2022-10-21 11:30:00+05:30,1051.3,1052.75,1050.25,1052.75,974
2022-10-21 11:45:00+05:30,1052.75,1052.95,1050.55,1051.95,470
2022-10-21 12:00:00+05:30,1051.95,1051.95,1049.0,1049.2,952
2022-10-21 12:15:00+05:30,1050.0,1050.0,1045.5,1047.25,2970
2022-10-21 12:30:00+05:30,1047.25,1048.45,1045.4,1045.85,1265
2022-10-21 12:45:00+05:30,1045.85,1048.85,1045.85,1047.85,1140
2022-10-21 13:00:00+05:30,1047.85,1048.45,1046.5,1046.8,415
2022-10-21 13:15:00+05:30,1046.8,1049.5,1046.0,1049.0,1216
2022-10-21 13:30:00+05:30,1049.0,1049.1,1045.0,1045.0,1967
2022-10-21 13:45:00+05:30,1045.0,1045.45,1043.0,1043.25,2955
2022-10-21 14:00:00+05:30,1043.25,1046.0,1043.25,1046.0,2427
2022-10-21 14:15:00+05:30,1047.95,1048.0,1037.55,1043.4,6232
2022-10-21 14:30:00+05:30,1043.4,1045.0,1043.0,1044.05,790
2022-10-21 14:45:00+05:30,1045.0,1046.7,1039.15,1040.2,4622
2022-10-21 15:00:00+05:30,1040.2,1043.0,1040.2,1041.3,644
2022-10-21 15:15:00+05:30,1042.0,1043.6,1038.05,1041.6,3291
2022-10-21 15:30:00+05:30,1041.6,1042.85,1031.2,1032.0,16313
2022-10-24 18:30:00+05:30,1046.7,1051.0,1043.0,1049.0,6799
2022-10-24 18:45:00+05:30,1048.05,1049.5,1045.05,1045.65,4403
2022-10-24 19:00:00+05:30,1045.65,1048.7,1044.0,1046.7,3333
2022-10-24 19:15:00+05:30,1046.7,1051.0,1045.05,1047.0,2598
2022-10-25 09:30:00+05:30,1051.85,1058.45,1042.05,1053.0,16925
2022-10-25 09:45:00+05:30,1053.0,1065.0,1053.0,1058.25,12583
2022-10-25 10:00:00+05:30,1057.55,1062.9,1056.65,1059.85,12246
2022-10-25 10:15:00+05:30,1059.85,1069.0,1058.95,1066.1,14928
2022-10-25 10:30:00+05:30,1067.4,1068.55,1064.5,1065.35,3684
2022-10-25 10:45:00+05:30,1065.35,1068.0,1064.45,1065.75,2543
2022-10-25 11:00:00+05:30,1065.75,1066.1,1064.85,1065.75,2939
2022-10-25 11:15:00+05:30,1064.9,1066.0,1063.0,1063.0,3335
2022-10-25 11:30:00+05:30,1063.0,1065.6,1062.6,1065.4,2048
2022-10-25 11:45:00+05:30,1065.4,1066.2,1064.0,1065.75,2175
2022-10-25 12:00:00+05:30,1065.75,1066.8,1064.15,1066.05,7226
2022-10-25 12:15:00+05:30,1066.75,1067.0,1065.05,1066.0,3477
2022-10-25 12:30:00+05:30,1066.0,1066.5,1065.0,1065.9,2655
2022-10-25 12:45:00+05:30,1065.9,1066.0,1065.0,1065.0,1315
2022-10-25 13:00:00+05:30,1065.05,1066.0,1065.0,1065.35,1158
2022-10-25 13:15:00+05:30,1065.35,1066.0,1065.0,1066.0,832
2022-10-25 13:30:00+05:30,1066.0,1066.1,1065.0,1065.05,2851
2022-10-25 13:45:00+05:30,1065.75,1066.0,1064.95,1065.0,3800
2022-10-25 14:00:00+05:30,1065.0,1066.0,1065.0,1065.7,3529
2022-10-25 14:15:00+05:30,1065.7,1069.0,1065.0,1065.9,12623
2022-10-25 14:30:00+05:30,1066.0,1067.95,1065.0,1066.85,7337
2022-10-25 14:45:00+05:30,1066.85,1067.0,1065.0,1065.0,11941
2022-10-25 15:00:00+05:30,1065.0,1065.5,1060.1,1061.6,11404
2022-10-25 15:15:00+05:30,1061.55,1063.3,1061.0,1061.4,7419
2022-10-25 15:30:00+05:30,1061.45,1066.0,1057.4,1065.9,11114
2022-10-27 09:30:00+05:30,1063.05,1078.6,1063.05,1068.0,13982
2022-10-27 09:45:00+05:30,1068.0,1068.0,1063.45,1064.6,3036
2022-10-27 10:00:00+05:30,1064.6,1066.45,1060.1,1061.9,3820
2022-10-27 10:15:00+05:30,1061.9,1063.6,1060.0,1061.45,2923
2022-10-27 10:30:00+05:30,1061.45,1063.95,1060.15,1061.95,1541
2022-10-27 10:45:00+05:30,1061.95,1064.0,1060.15,1061.0,1552
2022-10-27 11:00:00+05:30,1061.0,1061.45,1060.0,1061.25,1792
2022-10-27 11:15:00+05:30,1061.2,1063.05,1060.55,1063.0,2394
2022-10-27 11:30:00+05:30,1063.0,1063.0,1052.65,1054.7,6913
2022-10-27 11:45:00+05:30,1054.7,1055.45,1051.0,1052.8,3245
2022-10-27 12:00:00+05:30,1052.8,1055.55,1051.0,1052.1,2210
2022-10-27 12:15:00+05:30,1052.15,1056.3,1052.1,1055.5,2092
2022-10-27 12:30:00+05:30,1055.5,1055.5,1051.05,1052.2,1974
2022-10-27 12:45:00+05:30,1052.2,1054.9,1051.45,1054.9,489
2022-10-27 13:00:00+05:30,1054.8,1055.05,1053.05,1054.0,580
2022-10-27 13:15:00+05:30,1054.0,1055.0,1053.05,1054.8,623
2022-10-27 13:30:00+05:30,1054.8,1054.9,1053.25,1054.0,699
2022-10-27 13:45:00+05:30,1054.0,1054.0,1051.25,1052.3,1014
2022-10-27 14:00:00+05:30,1052.3,1053.4,1051.0,1051.2,1065
2022-10-27 14:15:00+05:30,1051.2,1053.85,1050.0,1051.1,1370
2022-10-27 14:30:00+05:30,1052.05,1053.85,1051.1,1052.2,1183
2022-10-27 14:45:00+05:30,1052.15,1052.15,1046.5,1047.0,2431
2022-10-27 15:00:00+05:30,1047.0,1050.2,1046.5,1049.4,2245
2022-10-27 15:15:00+05:30,1049.4,1053.2,1049.4,1051.1,4317
2022-10-27 15:30:00+05:30,1052.65,1063.0,1050.05,1061.05,13348
2022-10-28 09:30:00+05:30,1065.0,1065.7,1053.25,1054.75,5788
2022-10-28 09:45:00+05:30,1054.75,1057.9,1050.55,1055.0,12894
2022-10-28 10:00:00+05:30,1055.0,1055.0,1052.0,1054.0,2458
2022-10-28 10:15:00+05:30,1054.0,1055.15,1050.55,1050.55,4491
2022-10-28 10:30:00+05:30,1051.95,1051.95,1042.6,1044.0,6239
2022-10-28 10:45:00+05:30,1044.7,1045.0,1040.2,1043.1,5451
2022-10-28 11:00:00+05:30,1041.6,1047.05,1041.6,1044.6,3480
2022-10-28 11:15:00+05:30,1044.8,1044.8,1037.75,1041.45,3960
2022-10-28 11:30:00+05:30,1041.6,1041.9,1037.35,1039.45,3166
2022-10-28 11:45:00+05:30,1039.95,1040.0,1036.0,1037.85,6116
2022-10-28 12:00:00+05:30,1037.85,1039.35,1036.25,1039.1,4464
2022-10-28 12:15:00+05:30,1039.1,1039.65,1037.15,1039.65,1203
2022-10-28 12:30:00+05:30,1039.65,1039.65,1037.35,1038.55,649
2022-10-28 12:45:00+05:30,1038.55,1040.0,1037.8,1040.0,1588
2022-10-28 13:00:00+05:30,1040.0,1040.0,1038.35,1038.85,689
2022-10-28 13:15:00+05:30,1038.85,1039.25,1036.0,1037.05,1633
2022-10-28 13:30:00+05:30,1037.65,1039.35,1035.0,1035.05,3350
2022-10-28 13:45:00+05:30,1035.05,1036.05,1032.25,1033.65,4900
2022-10-28 14:00:00+05:30,1033.65,1037.0,1033.65,1036.0,1538
2022-10-28 14:15:00+05:30,1036.0,1036.45,1034.05,1035.95,770
2022-10-28 14:30:00+05:30,1036.0,1036.95,1034.8,1036.45,1635
2022-10-28 14:45:00+05:30,1036.45,1037.0,1035.7,1037.0,1326
2022-10-28 15:00:00+05:30,1037.0,1037.0,1035.15,1036.9,2456
2022-10-28 15:15:00+05:30,1037.0,1037.0,1033.25,1036.35,10937
2022-10-28 15:30:00+05:30,1036.5,1039.0,1034.0,1039.0,11756
2022-10-31 09:30:00+05:30,1041.35,1044.55,1026.05,1027.1,14097
2022-10-31 09:45:00+05:30,1026.85,1042.45,1026.85,1041.0,11703
2022-10-31 10:00:00+05:30,1040.0,1046.55,1040.0,1044.8,7875
2022-10-31 10:15:00+05:30,1044.8,1045.15,1041.0,1043.2,6414
2022-10-31 10:30:00+05:30,1043.2,1045.15,1041.05,1044.4,3751
2022-10-31 10:45:00+05:30,1044.4,1045.0,1042.55,1042.55,7938
2022-10-31 11:00:00+05:30,1042.55,1045.15,1042.5,1044.95,6975
2022-10-31 11:15:00+05:30,1044.95,1056.65,1043.05,1056.4,14379
2022-10-31 11:30:00+05:30,1056.55,1058.05,1053.0,1054.9,5882
2022-10-31 11:45:00+05:30,1054.9,1057.0,1053.6,1054.55,4132
2022-10-31 12:00:00+05:30,1053.0,1054.8,1053.0,1054.35,1494
2022-10-31 12:15:00+05:30,1054.35,1054.35,1043.9,1051.0,6998
2022-10-31 12:30:00+05:30,1051.0,1052.75,1049.0,1049.0,16161
2022-10-31 12:45:00+05:30,1049.0,1049.4,1045.0,1045.0,5508
2022-10-31 13:00:00+05:30,1045.7,1045.95,1041.0,1041.0,3434
2022-10-31 13:15:00+05:30,1041.0,1041.9,1039.5,1040.0,4521
2022-10-31 13:30:00+05:30,1040.0,1040.65,1035.8,1035.8,2163
2022-10-31 13:45:00+05:30,1035.8,1037.45,1034.5,1035.25,3265
2022-10-31 14:00:00+05:30,1035.15,1037.85,1035.0,1036.7,2967
2022-10-31 14:15:00+05:30,1036.25,1039.75,1035.5,1038.15,2287
2022-10-31 14:30:00+05:30,1039.0,1043.85,1038.0,1042.55,3516
2022-10-31 14:45:00+05:30,1043.0,1043.9,1040.8,1042.75,4271
2022-10-31 15:00:00+05:30,1042.75,1044.0,1039.0,1041.25,5388
2022-10-31 15:15:00+05:30,1041.25,1044.0,1038.3,1039.9,9409
2022-10-31 15:30:00+05:30,1039.45,1044.0,1039.0,1044.0,12373
2022-11-01 09:30:00+05:30,1044.0,1050.0,1040.55,1047.15,7409
2022-11-01 09:45:00+05:30,1048.0,1048.35,1045.9,1047.85,1185
2022-11-01 10:00:00+05:30,1047.75,1048.1,1046.0,1047.85,1213
2022-11-01 10:15:00+05:30,1046.95,1049.05,1046.1,1047.8,2298
2022-11-01 10:30:00+05:30,1047.8,1047.95,1043.45,1044.95,1770
2022-11-01 10:45:00+05:30,1045.0,1048.4,1043.7,1047.2,4062
2022-11-01 11:00:00+05:30,1047.2,1048.4,1046.35,1047.5,2872
2022-11-01 11:15:00+05:30,1047.5,1049.0,1046.75,1047.15,6200
2022-11-01 11:30:00+05:30,1047.15,1048.2,1045.0,1048.1,1273
2022-11-01 11:45:00+05:30,1048.1,1048.1,1045.65,1046.95,662
2022-11-01 12:00:00+05:30,1046.45,1047.55,1045.55,1046.05,770
2022-11-01 12:15:00+05:30,1046.05,1048.0,1045.4,1048.0,1746
2022-11-01 12:30:00+05:30,1048.0,1048.0,1045.05,1047.35,616
2022-11-01 12:45:00+05:30,1047.35,1047.35,1045.0,1045.95,770
2022-11-01 13:00:00+05:30,1045.95,1046.05,1044.0,1044.95,1301
2022-11-01 13:15:00+05:30,1045.0,1045.0,1042.55,1044.35,953
2022-11-01 13:30:00+05:30,1044.35,1045.25,1043.55,1044.95,1399
2022-11-01 13:45:00+05:30,1044.95,1044.95,1042.0,1043.95,651
2022-11-01 14:00:00+05:30,1043.95,1043.95,1040.55,1043.45,2158
2022-11-01 14:15:00+05:30,1043.45,1043.45,1040.1,1040.75,1478
2022-11-01 14:30:00+05:30,1040.65,1041.4,1037.25,1039.4,2781
2022-11-01 14:45:00+05:30,1039.45,1046.0,1038.1,1043.15,4748
2022-11-01 15:00:00+05:30,1043.15,1050.0,1043.15,1046.75,10041
2022-11-01 15:15:00+05:30,1046.75,1050.0,1046.0,1047.9,9562
2022-11-01 15:30:00+05:30,1048.95,1054.25,1045.05,1050.95,12892
2022-11-02 09:30:00+05:30,1054.95,1057.0,1047.05,1055.9,8393
2022-11-02 09:45:00+05:30,1055.9,1062.0,1052.25,1060.0,11644
2022-11-02 10:00:00+05:30,1060.0,1067.0,1057.4,1064.7,29096
2022-11-02 10:15:00+05:30,1065.15,1067.0,1064.65,1066.0,10592
2022-11-02 10:30:00+05:30,1066.0,1068.7,1064.65,1066.9,10952
2022-11-02 10:45:00+05:30,1066.9,1071.0,1066.05,1069.2,30878
2022-11-02 11:00:00+05:30,1070.0,1085.0,1070.0,1071.35,59677
2022-11-02 11:15:00+05:30,1070.7,1072.0,1070.0,1071.9,4918
2022-11-02 11:30:00+05:30,1071.9,1072.8,1071.0,1071.0,3651
2022-11-02 11:45:00+05:30,1071.0,1072.85,1070.0,1070.0,3095
2022-11-02 12:00:00+05:30,1070.0,1071.0,1068.0,1070.05,6327
2022-11-02 12:15:00+05:30,1070.2,1070.2,1066.25,1067.85,4050
2022-11-02 12:30:00+05:30,1068.0,1071.45,1068.0,1069.95,3809
2022-11-02 12:45:00+05:30,1069.95,1071.8,1068.95,1071.8,1362
2022-11-02 13:00:00+05:30,1071.05,1071.8,1070.15,1071.5,3562
2022-11-02 13:15:00+05:30,1071.55,1077.0,1070.45,1076.0,12971
2022-11-02 13:30:00+05:30,1076.0,1077.0,1074.25,1076.0,6587
2022-11-02 13:45:00+05:30,1075.55,1076.9,1071.1,1072.0,16134
2022-11-02 14:00:00+05:30,1072.0,1076.65,1072.0,1074.0,6473
2022-11-02 14:15:00+05:30,1074.0,1076.95,1073.55,1075.0,3308
2022-11-02 14:30:00+05:30,1075.0,1076.0,1073.95,1074.0,5731
2022-11-02 14:45:00+05:30,1074.0,1075.5,1071.75,1073.0,3196
2022-11-02 15:00:00+05:30,1073.0,1075.0,1072.0,1074.75,3928
2022-11-02 15:15:00+05:30,1074.4,1074.4,1068.0,1070.1,8465
2022-11-02 15:30:00+05:30,1070.2,1070.9,1062.9,1067.0,14177
2022-11-03 09:30:00+05:30,1068.0,1079.4,1068.0,1076.7,13132
2022-11-03 09:45:00+05:30,1078.4,1080.95,1074.2,1075.3,9114
2022-11-03 10:00:00+05:30,1076.35,1077.75,1071.6,1072.5,5735
2022-11-03 10:15:00+05:30,1072.35,1075.55,1071.05,1074.3,3042
2022-11-03 10:30:00+05:30,1074.3,1074.3,1069.0,1070.15,2957
2022-11-03 10:45:00+05:30,1070.15,1072.6,1066.35,1072.6,4020
2022-11-03 11:00:00+05:30,1072.6,1078.85,1072.6,1077.35,14179
2022-11-03 11:15:00+05:30,1078.45,1082.0,1075.0,1082.0,7505
2022-11-03 11:30:00+05:30,1082.0,1082.35,1076.75,1078.5,4478
2022-11-03 11:45:00+05:30,1078.65,1083.9,1075.0,1082.95,19850
2022-11-03 12:00:00+05:30,1083.0,1083.0,1075.15,1077.55,8245
2022-11-03 12:15:00+05:30,1078.0,1080.0,1073.65,1076.35,14668
2022-11-03 12:30:00+05:30,1076.35,1080.0,1076.3,1078.8,2463
2022-11-03 12:45:00+05:30,1078.75,1079.0,1075.55,1077.3,1767
2022-11-03 13:00:00+05:30,1077.3,1077.55,1073.25,1076.0,1256
2022-11-03 13:15:00+05:30,1076.0,1077.45,1074.0,1075.0,1423
2022-11-03 13:30:00+05:30,1075.0,1076.3,1070.25,1073.35,3120
2022-11-03 13:45:00+05:30,1073.35,1076.35,1072.1,1072.2,27735
2022-11-03 14:00:00+05:30,1072.2,1073.95,1071.5,1071.65,2224
2022-11-03 14:15:00+05:30,1072.75,1074.0,1071.35,1074.0,1940
2022-11-03 14:30:00+05:30,1074.0,1074.0,1071.55,1073.05,1927
2022-11-03 14:45:00+05:30,1073.05,1073.85,1069.75,1072.7,4409
2022-11-03 15:00:00+05:30,1072.75,1073.9,1070.6,1070.6,2194
2022-11-03 15:15:00+05:30,1070.6,1072.7,1062.0,1063.55,5821
2022-11-03 15:30:00+05:30,1063.55,1070.0,1060.55,1065.15,8845
2022-11-04 09:30:00+05:30,1071.7,1071.95,1058.85,1061.25,9578
2022-11-04 09:45:00+05:30,1061.15,1070.95,1060.45,1069.35,8765
2022-11-04 10:00:00+05:30,1069.35,1070.0,1067.0,1067.9,1530
2022-11-04 10:15:00+05:30,1067.9,1067.95,1047.5,1048.0,20354
2022-11-04 10:30:00+05:30,1048.0,1049.05,1036.4,1036.55,23055
2022-11-04 10:45:00+05:30,1036.45,1038.55,1026.5,1031.0,26827
2022-11-04 11:00:00+05:30,1031.0,1033.0,1026.3,1031.0,18414
2022-11-04 11:15:00+05:30,1029.8,1035.0,1029.2,1031.05,131913
2022-11-04 11:30:00+05:30,1031.05,1032.65,1027.0,1029.95,12158
2022-11-04 11:45:00+05:30,1029.95,1033.55,1029.4,1032.0,19643
2022-11-04 12:00:00+05:30,1032.0,1034.5,1032.0,1033.05,4951
2022-11-04 12:15:00+05:30,1032.5,1034.0,1032.0,1033.2,6843
2022-11-04 12:30:00+05:30,1033.2,1034.6,1032.0,1033.1,5576
2022-11-04 12:45:00+05:30,1032.85,1034.6,1032.05,1034.0,4188
2022-11-04 13:00:00+05:30,1034.0,1034.5,1032.0,1034.0,6522
2022-11-04 13:15:00+05:30,1033.9,1034.0,1032.05,1033.4,3785
2022-11-04 13:30:00+05:30,1032.85,1034.85,1032.0,1032.7,10168
2022-11-04 13:45:00+05:30,1032.05,1037.2,1032.05,1034.4,6972
2022-11-04 14:00:00+05:30,1034.15,1036.3,1033.1,1034.25,6753
2022-11-04 14:15:00+05:30,1034.0,1036.65,1033.85,1035.7,4521
2022-11-04 14:30:00+05:30,1035.7,1036.8,1035.0,1036.0,5752
2022-11-04 14:45:00+05:30,1036.2,1036.75,1034.0,1034.2,9214
2022-11-04 15:00:00+05:30,1034.2,1035.9,1032.0,1034.2,8663
2022-11-04 15:15:00+05:30,1034.2,1036.4,1033.65,1035.35,10008
2022-11-04 15:30:00+05:30,1035.85,1044.65,1035.0,1040.05,22978
2022-11-07 09:30:00+05:30,1045.9,1057.75,1045.0,1053.85,12005
2022-11-07 09:45:00+05:30,1053.95,1055.9,1042.3,1046.4,9520
2022-11-07 10:00:00+05:30,1046.4,1046.4,1039.45,1040.75,5037
2022-11-07 10:15:00+05:30,1040.75,1043.0,1039.05,1041.65,5922
2022-11-07 10:30:00+05:30,1041.65,1043.45,1040.0,1041.0,7023
2022-11-07 10:45:00+05:30,1040.75,1043.2,1040.0,1042.35,2765
2022-11-07 11:00:00+05:30,1042.35,1043.95,1039.55,1039.9,5604
2022-11-07 11:15:00+05:30,1039.9,1040.65,1028.4,1029.0,11915
2022-11-07 11:30:00+05:30,1028.7,1028.7,1017.0,1020.0,19445
2022-11-07 11:45:00+05:30,1020.65,1023.85,1015.4,1016.45,12453
2022-11-07 12:00:00+05:30,1016.45,1017.95,1010.0,1010.65,20926
2022-11-07 12:15:00+05:30,1010.65,1010.7,1006.0,1006.0,15473
2022-11-07 12:30:00+05:30,1006.2,1007.85,1005.0,1005.5,12341
2022-11-07 12:45:00+05:30,1005.5,1013.8,1005.15,1012.0,10690
2022-11-07 13:00:00+05:30,1012.0,1019.9,1011.1,1019.15,11000
2022-11-07 13:15:00+05:30,1019.2,1022.65,1017.5,1021.35,8498
2022-11-07 13:30:00+05:30,1022.0,1024.0,1016.25,1018.55,6224
2022-11-07 13:45:00+05:30,1017.6,1020.0,1015.15,1015.6,2932
2022-11-07 14:00:00+05:30,1015.6,1019.5,1015.15,1019.5,1283
2022-11-07 14:15:00+05:30,1019.9,1021.75,1019.0,1021.7,2722
2022-11-07 14:30:00+05:30,1021.7,1023.0,1016.3,1016.3,4050
2022-11-07 14:45:00+05:30,1017.6,1019.45,1015.0,1017.35,4196
2022-11-07 15:00:00+05:30,1017.35,1019.25,1016.15,1019.25,3312
2022-11-07 15:15:00+05:30,1019.05,1027.0,1019.0,1027.0,17076
2022-11-07 15:30:00+05:30,1027.4,1029.0,1023.05,1023.05,14876
2022-11-09 09:30:00+05:30,1025.4,1041.9,1025.0,1036.95,19492
2022-11-09 09:45:00+05:30,1036.95,1041.0,1036.95,1041.0,8392
2022-11-09 10:00:00+05:30,1041.0,1047.9,1040.95,1045.95,17096
2022-11-09 10:15:00+05:30,1045.55,1047.3,1043.5,1044.35,6955
2022-11-09 10:30:00+05:30,1044.35,1047.9,1042.05,1046.8,7625
2022-11-09 10:45:00+05:30,1046.8,1047.9,1044.1,1047.85,3588
2022-11-09 11:00:00+05:30,1047.85,1047.85,1044.95,1045.25,4030
2022-11-09 11:15:00+05:30,1045.75,1047.0,1044.0,1044.0,4845
2022-11-09 11:30:00+05:30,1043.25,1047.0,1042.55,1046.9,2809
2022-11-09 11:45:00+05:30,1046.9,1047.0,1040.3,1042.6,3812
2022-11-09 12:00:00+05:30,1042.6,1047.0,1042.6,1046.0,2707
2022-11-09 12:15:00+05:30,1046.65,1047.0,1042.4,1042.85,2248
2022-11-09 12:30:00+05:30,1042.85,1045.45,1042.85,1044.8,1849
2022-11-09 12:45:00+05:30,1044.1,1045.0,1042.55,1044.3,1705
2022-11-09 13:00:00+05:30,1044.3,1044.8,1035.0,1036.9,6101
2022-11-09 13:15:00+05:30,1036.9,1038.3,1035.95,1037.9,1287
2022-11-09 13:30:00+05:30,1037.9,1038.0,1035.7,1036.95,1060
2022-11-09 13:45:00+05:30,1037.6,1038.4,1035.0,1035.5,2434
2022-11-09 14:00:00+05:30,1036.1,1036.85,1030.3,1032.2,6358
2022-11-09 14:15:00+05:30,1032.5,1032.95,1030.9,1032.95,2853
2022-11-09 14:30:00+05:30,1032.95,1035.25,1031.45,1033.05,2542
2022-11-09 14:45:00+05:30,1033.05,1034.6,1032.2,1033.15,2641
2022-11-09 15:00:00+05:30,1033.15,1036.5,1033.1,1036.35,1920
2022-11-09 15:15:00+05:30,1035.95,1044.0,1035.35,1041.55,6780
2022-11-09 15:30:00+05:30,1041.8,1044.6,1040.0,1040.0,9318
2022-11-10 09:30:00+05:30,1044.9,1047.9,1035.05,1046.8,11163
2022-11-10 09:45:00+05:30,1046.95,1051.0,1044.0,1051.0,11781
2022-11-10 10:00:00+05:30,1051.1,1055.05,1048.0,1048.05,11625
2022-11-10 10:15:00+05:30,1048.05,1054.8,1046.95,1048.0,7353
2022-11-10 10:30:00+05:30,1047.1,1048.5,1041.55,1042.8,4349
2022-11-10 10:45:00+05:30,1043.85,1043.95,1039.95,1043.5,5378
2022-11-10 11:00:00+05:30,1042.35,1043.7,1040.5,1040.5,1556
2022-11-10 11:15:00+05:30,1041.3,1041.3,1036.0,1036.45,5464
2022-11-10 11:30:00+05:30,1036.45,1038.2,1036.05,1037.15,1662
2022-11-10 11:45:00+05:30,1037.15,1038.25,1036.25,1036.25,761
2022-11-10 12:00:00+05:30,1036.25,1038.9,1036.25,1036.45,915
2022-11-10 12:15:00+05:30,1036.45,1037.65,1032.75,1032.9,2330
2022-11-10 12:30:00+05:30,1032.9,1033.85,1025.0,1027.2,6176
2022-11-10 12:45:00+05:30,1027.2,1027.2,1017.9,1018.0,6936
2022-11-10 13:00:00+05:30,1018.55,1020.0,1013.35,1014.55,6221
2022-11-10 13:15:00+05:30,1014.55,1015.0,1012.55,1014.2,4459
2022-11-10 13:30:00+05:30,1013.55,1014.4,1006.0,1010.5,27898
2022-11-10 13:45:00+05:30,1010.3,1011.0,1008.05,1009.75,3445
2022-11-10 14:00:00+05:30,1009.8,1010.05,1006.15,1008.0,7069
2022-11-10 14:15:00+05:30,1008.0,1008.1,1001.0,1001.3,86867
2022-11-10 14:30:00+05:30,1001.0,1004.65,1001.0,1002.7,6889
2022-11-10 14:45:00+05:30,1003.45,1006.65,1002.0,1005.7,9525
2022-11-10 15:00:00+05:30,1005.7,1009.4,1004.4,1008.0,13062
2022-11-10 15:15:00+05:30,1008.3,1009.0,1006.75,1008.5,13561
2022-11-10 15:30:00+05:30,1008.5,1010.0,1005.25,1007.1,21892
2022-11-11 09:30:00+05:30,1019.0,1035.7,1019.0,1027.75,21450
2022-11-11 09:45:00+05:30,1028.85,1030.7,1017.35,1018.2,8582
2022-11-11 10:00:00+05:30,1018.95,1021.0,1015.25,1019.0,4723
2022-11-11 10:15:00+05:30,1019.0,1020.0,1017.0,1019.0,4472
2022-11-11 10:30:00+05:30,1018.95,1019.2,1013.45,1014.5,7317
2022-11-11 10:45:00+05:30,1014.05,1017.45,1013.5,1014.55,2510
2022-11-11 11:00:00+05:30,1014.55,1015.9,1012.1,1013.1,7534
2022-11-11 11:15:00+05:30,1013.1,1013.75,1010.1,1012.5,79279
2022-11-11 11:30:00+05:30,1011.95,1016.0,1011.65,1013.05,25613
2022-11-11 11:45:00+05:30,1013.05,1018.0,1012.0,1012.0,12609
2022-11-11 12:00:00+05:30,1012.0,1015.0,1011.0,1014.35,3605
2022-11-11 12:15:00+05:30,1014.35,1015.0,1011.5,1011.5,4169
2022-11-11 12:30:00+05:30,1013.2,1014.0,1011.3,1012.0,3158
2022-11-11 12:45:00+05:30,1012.0,1015.0,1011.55,1012.45,3205
2022-11-11 13:00:00+05:30,1012.45,1014.0,1009.55,1012.5,10930
2022-11-11 13:15:00+05:30,1012.5,1012.5,1006.6,1006.6,3610
2022-11-11 13:30:00+05:30,1006.6,1006.6,1004.35,1004.55,5580
2022-11-11 13:45:00+05:30,1004.55,1005.0,1003.5,1004.5,2776
2022-11-11 14:00:00+05:30,1004.5,1004.65,1003.5,1004.0,4969
2022-11-11 14:15:00+05:30,1003.3,1004.0,1002.05,1002.05,5837
2022-11-11 14:30:00+05:30,1002.05,1004.5,1002.0,1004.5,4570
2022-11-11 14:45:00+05:30,1004.5,1004.5,1002.6,1003.95,5244
2022-11-11 15:00:00+05:30,1003.95,1004.0,1002.3,1003.0,6201
2022-11-11 15:15:00+05:30,1003.0,1003.9,1001.0,1002.25,7598
2022-11-11 15:30:00+05:30,1002.25,1007.95,995.0,1003.0,20699
2022-11-14 09:30:00+05:30,1004.9,1004.9,992.2,992.95,11839
2022-11-14 09:45:00+05:30,992.95,998.8,992.15,997.85,8376
2022-11-14 10:00:00+05:30,996.95,998.0,996.35,998.0,2813
2022-11-14 10:15:00+05:30,998.5,998.5,996.05,996.2,2423
2022-11-14 10:30:00+05:30,996.2,996.65,994.15,995.5,4660
2022-11-14 10:45:00+05:30,995.5,997.5,994.6,997.5,3063
2022-11-14 11:00:00+05:30,997.5,997.5,995.1,997.0,2577
2022-11-14 11:15:00+05:30,997.0,997.0,995.05,996.7,1898
2022-11-14 11:30:00+05:30,996.7,997.0,993.0,993.0,3619
2022-11-14 11:45:00+05:30,993.4,996.0,991.25,995.0,6693
2022-11-14 12:00:00+05:30,995.45,995.45,993.05,994.5,3859
2022-11-14 12:15:00+05:30,994.5,994.5,991.55,992.75,2394
2022-11-14 12:30:00+05:30,992.75,992.75,989.0,989.35,6952
2022-11-14 12:45:00+05:30,989.35,991.65,988.2,989.05,1855
2022-11-14 13:00:00+05:30,988.3,989.4,987.05,987.65,2958
2022-11-14 13:15:00+05:30,987.65,994.45,987.15,993.95,3399
2022-11-14 13:30:00+05:30,993.95,994.25,991.0,993.15,3015
2022-11-14 13:45:00+05:30,993.15,994.9,991.55,993.3,2981
2022-11-14 14:00:00+05:30,993.3,1007.85,990.05,990.9,15205
2022-11-14 14:15:00+05:30,991.0,995.2,991.0,994.45,2556
2022-11-14 14:30:00+05:30,994.45,994.45,987.0,989.2,6641
2022-11-14 14:45:00+05:30,989.2,990.0,989.0,989.75,2033
2022-11-14 15:00:00+05:30,989.8,990.0,989.1,989.35,2269
2022-11-14 15:15:00+05:30,989.95,990.0,982.1,983.05,11003
2022-11-14 15:30:00+05:30,984.25,989.85,977.2,983.0,23593
2022-11-15 09:30:00+05:30,969.9,969.9,930.0,960.6,162188
2022-11-15 09:45:00+05:30,960.0,972.65,957.7,962.65,107441
2022-11-15 10:00:00+05:30,962.65,967.0,960.0,963.0,53333
2022-11-15 10:15:00+05:30,963.65,966.3,962.15,963.8,11050
2022-11-15 10:30:00+05:30,963.8,963.8,960.05,960.5,8514
2022-11-15 10:45:00+05:30,960.5,962.85,960.0,961.6,8961
2022-11-15 11:00:00+05:30,962.75,962.75,955.0,955.2,24970
2022-11-15 11:15:00+05:30,955.25,956.75,951.2,953.0,19449
2022-11-15 11:30:00+05:30,952.3,960.8,948.0,957.15,30130
2022-11-15 11:45:00+05:30,957.45,959.85,951.0,953.65,13783
2022-11-15 12:00:00+05:30,953.3,956.75,951.1,952.15,13186
2022-11-15 12:15:00+05:30,952.15,957.0,952.15,954.05,13336
2022-11-15 12:30:00+05:30,954.0,955.8,952.25,952.25,10365
2022-11-15 12:45:00+05:30,952.5,954.9,949.25,949.45,18769
2022-11-15 13:00:00+05:30,949.4,959.25,948.0,958.0,32837
2022-11-15 13:15:00+05:30,958.0,960.0,953.3,958.0,81066
2022-11-15 13:30:00+05:30,958.0,960.0,957.0,959.0,18233
2022-11-15 13:45:00+05:30,959.0,971.0,958.35,970.0,24319
2022-11-15 14:00:00+05:30,970.0,974.3,969.4,972.5,23481
2022-11-15 14:15:00+05:30,972.5,973.65,966.35,972.45,16919
2022-11-15 14:30:00+05:30,972.45,974.25,969.35,973.5,8980
2022-11-15 14:45:00+05:30,973.45,973.45,968.3,972.7,13307
2022-11-15 15:00:00+05:30,972.7,972.95,967.1,970.5,14163
2022-11-15 15:15:00+05:30,970.5,983.15,970.5,979.0,31064
2022-11-15 15:30:00+05:30,979.0,984.8,972.0,973.7,29708
2022-11-16 09:30:00+05:30,985.0,985.0,965.0,966.5,27170
2022-11-16 09:45:00+05:30,966.5,967.0,958.0,958.75,17724
2022-11-16 10:00:00+05:30,958.75,965.0,958.0,963.4,20031
2022-11-16 10:15:00+05:30,963.4,964.5,956.7,959.85,21837
2022-11-16 10:30:00+05:30,958.75,962.9,958.35,961.7,8206
2022-11-16 10:45:00+05:30,961.7,961.7,958.1,958.4,6745
2022-11-16 11:00:00+05:30,958.25,962.0,957.05,958.25,13759
2022-11-16 11:15:00+05:30,958.25,958.95,955.0,955.3,10910
2022-11-16 11:30:00+05:30,955.6,956.25,953.0,954.4,10503
2022-11-16 11:45:00+05:30,954.35,955.45,952.25,954.05,9455
2022-11-16 12:00:00+05:30,953.8,955.0,953.65,954.15,7460
2022-11-16 12:15:00+05:30,954.0,954.9,951.25,951.65,8710
2022-11-16 12:30:00+05:30,951.9,953.95,942.65,944.9,47268
2022-11-16 12:45:00+05:30,944.9,945.0,941.4,945.0,14913
2022-11-16 13:00:00+05:30,945.0,945.9,942.55,944.55,56271
2022-11-16 13:15:00+05:30,944.55,944.9,942.0,943.0,10717
2022-11-16 13:30:00+05:30,943.0,945.0,941.1,942.0,20242
2022-11-16 13:45:00+05:30,941.95,947.15,941.5,945.0,29058
2022-11-16 14:00:00+05:30,945.0,946.1,940.7,942.0,40268
2022-11-16 14:15:00+05:30,942.0,947.9,941.9,945.4,38876
2022-11-16 14:30:00+05:30,945.1,947.35,945.1,946.85,65042
2022-11-16 14:45:00+05:30,946.05,956.7,946.0,954.1,23400
2022-11-16 15:00:00+05:30,954.0,958.0,953.0,953.0,20015
2022-11-16 15:15:00+05:30,952.5,953.7,944.95,950.35,64722
2022-11-16 15:30:00+05:30,950.05,956.0,950.0,955.0,37076
2022-11-17 09:30:00+05:30,950.95,956.2,934.55,935.05,27573
2022-11-17 09:45:00+05:30,934.0,935.35,929.3,932.6,32727
2022-11-17 10:00:00+05:30,933.0,934.05,930.1,933.25,11793
2022-11-17 10:15:00+05:30,932.8,937.9,931.3,936.0,8284
2022-11-17 10:30:00+05:30,936.0,939.9,936.0,938.2,13003
2022-11-17 10:45:00+05:30,938.85,938.85,937.95,938.0,4057
2022-11-17 11:00:00+05:30,938.05,938.95,938.0,938.0,5721
2022-11-17 11:15:00+05:30,938.55,939.45,938.0,938.75,10337
2022-11-17 11:30:00+05:30,938.5,939.75,938.0,939.5,5820
2022-11-17 11:45:00+05:30,939.05,939.3,937.95,939.0,5001
2022-11-17 12:00:00+05:30,939.0,939.55,938.25,939.1,2986
2022-11-17 12:15:00+05:30,938.55,939.85,938.25,938.5,3444
2022-11-17 12:30:00+05:30,938.5,939.45,938.0,938.75,4637
2022-11-17 12:45:00+05:30,938.75,943.3,938.0,942.0,5206
2022-11-17 13:00:00+05:30,942.0,944.7,941.95,944.0,3557
2022-11-17 13:15:00+05:30,944.0,944.7,942.5,944.7,4229
2022-11-17 13:30:00+05:30,944.7,945.5,943.2,943.95,6236
2022-11-17 13:45:00+05:30,943.95,947.5,942.55,946.0,6217
2022-11-17 14:00:00+05:30,945.8,949.75,943.6,948.85,15942
2022-11-17 14:15:00+05:30,948.85,951.5,948.2,950.75,10801
2022-11-17 14:30:00+05:30,950.75,959.0,950.5,958.65,16388
2022-11-17 14:45:00+05:30,957.7,961.95,957.7,960.65,14286
2022-11-17 15:00:00+05:30,960.65,960.65,958.0,958.55,6019
2022-11-17 15:15:00+05:30,958.05,960.0,958.0,958.0,9082
2022-11-17 15:30:00+05:30,958.0,959.9,958.0,958.5,16211
2022-11-18 09:30:00+05:30,930.3,955.9,930.3,951.9,33925
2022-11-18 09:45:00+05:30,951.75,957.4,949.0,956.65,8478
2022-11-18 10:00:00+05:30,956.65,956.65,953.15,955.5,6948
2022-11-18 10:15:00+05:30,955.5,958.8,955.0,957.05,6027
2022-11-18 10:30:00+05:30,957.05,965.0,955.8,962.0,14714
2022-11-18 10:45:00+05:30,962.0,964.0,960.35,960.95,10399
2022-11-18 11:00:00+05:30,960.95,962.95,960.0,961.25,3340
2022-11-18 11:15:00+05:30,961.25,962.0,959.0,959.45,4258
2022-11-18 11:30:00+05:30,959.45,966.1,959.45,966.0,15226
2022-11-18 11:45:00+05:30,966.0,981.95,965.1,981.9,40528
2022-11-18 12:00:00+05:30,981.9,983.0,975.9,980.5,21162
2022-11-18 12:15:00+05:30,980.5,989.0,979.75,985.0,25423
2022-11-18 12:30:00+05:30,984.95,987.95,984.4,985.8,13365
2022-11-18 12:45:00+05:30,985.05,986.65,983.75,984.0,11888
2022-11-18 13:00:00+05:30,984.0,985.0,982.0,984.25,7003
2022-11-18 13:15:00+05:30,984.2,986.0,984.0,985.0,7344
2022-11-18 13:30:00+05:30,985.0,985.8,982.7,985.4,6175
2022-11-18 13:45:00+05:30,985.4,985.4,981.0,981.2,16069
2022-11-18 14:00:00+05:30,981.1,983.95,980.0,980.9,10437
2022-11-18 14:15:00+05:30,981.3,985.4,979.6,984.2,17899
2022-11-18 14:30:00+05:30,985.0,985.0,980.0,980.0,23958
2022-11-18 14:45:00+05:30,980.0,986.0,980.0,985.3,15095
2022-11-18 15:00:00+05:30,985.3,988.5,980.6,981.2,19848
2022-11-18 15:15:00+05:30,981.2,985.0,981.2,982.5,8725
2022-11-18 15:30:00+05:30,982.0,989.9,980.0,981.75,23739
2022-11-21 09:30:00+05:30,980.35,980.95,966.0,969.45,11976
2022-11-21 09:45:00+05:30,970.35,975.7,968.25,974.65,9469
2022-11-21 10:00:00+05:30,975.0,976.0,973.3,975.0,4497
2022-11-21 10:15:00+05:30,975.0,982.0,974.15,980.0,7242
2022-11-21 10:30:00+05:30,980.35,986.75,979.55,986.2,6417
2022-11-21 10:45:00+05:30,986.2,986.3,982.0,982.95,5718
2022-11-21 11:00:00+05:30,983.0,1005.0,982.0,1004.45,38331
2022-11-21 11:15:00+05:30,1003.2,1004.3,999.85,1000.0,18195
2022-11-21 11:30:00+05:30,1000.0,1001.95,996.6,999.95,43651
2022-11-21 11:45:00+05:30,999.95,1002.0,996.0,1000.05,92442
2022-11-21 12:00:00+05:30,1000.1,1003.4,999.9,1002.15,4852
2022-11-21 12:15:00+05:30,1002.9,1003.05,1000.5,1001.65,7279
2022-11-21 12:30:00+05:30,1001.65,1005.0,1001.45,1003.9,9482
2022-11-21 12:45:00+05:30,1003.9,1004.0,1001.0,1001.4,5621
2022-11-21 13:00:00+05:30,1001.4,1001.95,1000.0,1001.95,10231
2022-11-21 13:15:00+05:30,1001.95,1012.75,1000.65,1008.2,30664
2022-11-21 13:30:00+05:30,1008.2,1011.0,1007.05,1011.0,18570
2022-11-21 13:45:00+05:30,1011.0,1011.15,1008.15,1010.05,6652
2022-11-21 14:00:00+05:30,1010.0,1010.5,1007.3,1007.3,8993
2022-11-21 14:15:00+05:30,1006.4,1020.0,1001.15,1016.75,30640
2022-11-21 14:30:00+05:30,1016.8,1016.8,1013.0,1013.0,20862
2022-11-21 14:45:00+05:30,1013.0,1020.0,1012.0,1020.0,45863
2022-11-21 15:00:00+05:30,1020.0,1020.0,1012.35,1012.35,21854
2022-11-21 15:15:00+05:30,1013.05,1019.0,1013.05,1018.9,19931
2022-11-21 15:30:00+05:30,1018.9,1022.2,1013.25,1019.95,36361
2022-11-22 09:30:00+05:30,1024.65,1029.8,1008.0,1014.8,16979
2022-11-22 09:45:00+05:30,1015.9,1019.45,1009.85,1012.2,9847
2022-11-22 10:00:00+05:30,1013.5,1015.7,1009.05,1011.1,6067
2022-11-22 10:15:00+05:30,1011.6,1019.4,1011.1,1019.05,4127
2022-11-22 10:30:00+05:30,1019.05,1019.05,1015.0,1017.7,5027
2022-11-22 10:45:00+05:30,1016.25,1018.95,1015.0,1018.1,2980
2022-11-22 11:00:00+05:30,1018.1,1019.0,1015.25,1017.65,6703
2022-11-22 11:15:00+05:30,1017.95,1021.95,1015.0,1020.15,8914
2022-11-22 11:30:00+05:30,1020.0,1022.0,1018.55,1021.15,3843
2022-11-22 11:45:00+05:30,1021.7,1026.65,1020.8,1023.8,9296
2022-11-22 12:00:00+05:30,1024.8,1026.2,1019.05,1022.6,10224
2022-11-22 12:15:00+05:30,1022.6,1025.0,1020.0,1023.0,14030
2022-11-22 12:30:00+05:30,1024.0,1024.0,1015.3,1017.45,8908
2022-11-22 12:45:00+05:30,1017.45,1020.65,1014.75,1020.65,4868
2022-11-22 13:00:00+05:30,1020.65,1025.2,1017.35,1025.2,8613
2022-11-22 13:15:00+05:30,1025.6,1025.65,1020.7,1023.75,14167
2022-11-22 13:30:00+05:30,1023.75,1025.6,1017.0,1023.8,12602
2022-11-22 13:45:00+05:30,1023.8,1025.3,1021.55,1023.75,12337
2022-11-22 14:00:00+05:30,1024.0,1024.0,1019.65,1020.65,4283
2022-11-22 14:15:00+05:30,1020.7,1022.1,1014.75,1015.0,14645
2022-11-22 14:30:00+05:30,1015.0,1015.45,1014.25,1015.0,7878
2022-11-22 14:45:00+05:30,1015.35,1016.1,1003.8,1005.0,9030
2022-11-22 15:00:00+05:30,1004.5,1012.35,997.1,1012.0,22931
2022-11-22 15:15:00+05:30,1012.05,1023.05,1010.0,1023.0,20714
2022-11-22 15:30:00+05:30,1023.0,1025.25,1021.4,1024.85,23966
2022-11-23 09:30:00+05:30,1025.0,1030.0,1016.25,1021.0,16493
2022-11-23 09:45:00+05:30,1021.0,1027.0,1020.05,1023.6,5938
2022-11-23 10:00:00+05:30,1024.4,1024.95,1016.0,1017.1,6029
2022-11-23 10:15:00+05:30,1018.45,1018.45,1015.1,1017.2,4023
2022-11-23 10:30:00+05:30,1017.2,1017.95,1015.0,1017.45,3424
2022-11-23 10:45:00+05:30,1017.45,1021.75,1016.7,1021.5,2396
2022-11-23 11:00:00+05:30,1021.5,1023.2,1020.0,1020.6,2466
2022-11-23 11:15:00+05:30,1020.6,1022.65,1020.0,1020.0,2116
2022-11-23 11:30:00+05:30,1020.0,1022.55,1019.25,1022.0,3382
2022-11-23 11:45:00+05:30,1022.95,1027.2,1022.0,1026.0,8648
2022-11-23 12:00:00+05:30,1027.0,1027.2,1025.0,1026.0,3797
2022-11-23 12:15:00+05:30,1026.15,1027.4,1026.15,1026.65,3656
2022-11-23 12:30:00+05:30,1026.65,1030.0,1026.65,1029.25,7691
2022-11-23 12:45:00+05:30,1029.1,1029.5,1026.5,1027.15,4470
2022-11-23 13:00:00+05:30,1027.35,1028.0,1026.4,1027.0,1432
2022-11-23 13:15:00+05:30,1027.5,1028.0,1026.7,1027.15,1519
2022-11-23 13:30:00+05:30,1027.15,1030.0,1027.15,1027.8,2393
2022-11-23 13:45:00+05:30,1027.8,1034.3,1027.5,1032.35,9111
2022-11-23 14:00:00+05:30,1032.35,1032.8,1030.05,1032.4,4061
2022-11-23 14:15:00+05:30,1032.0,1036.0,1030.35,1032.9,10423
2022-11-23 14:30:00+05:30,1032.9,1035.0,1031.5,1034.2,2907
2022-11-23 14:45:00+05:30,1034.05,1037.0,1030.5,1030.5,7085
2022-11-23 15:00:00+05:30,1030.5,1032.0,1026.5,1028.95,8957
2022-11-23 15:15:00+05:30,1028.75,1034.05,1028.4,1032.5,6021
2022-11-23 15:30:00+05:30,1033.0,1033.95,1025.0,1028.05,9053
2022-11-24 09:30:00+05:30,1031.5,1042.6,1031.0,1037.25,13538
2022-11-24 09:45:00+05:30,1038.05,1044.0,1037.05,1039.4,14780
2022-11-24 10:00:00+05:30,1038.95,1042.45,1037.0,1039.95,6577
2022-11-24 10:15:00+05:30,1040.0,1041.8,1039.0,1040.65,3026
2022-11-24 10:30:00+05:30,1040.65,1041.55,1038.0,1040.25,4577
2022-11-24 10:45:00+05:30,1041.05,1041.95,1040.25,1041.7,2554
2022-11-24 11:00:00+05:30,1041.7,1041.7,1040.0,1041.0,2148
2022-11-24 11:15:00+05:30,1041.0,1041.95,1038.65,1038.65,3591
2022-11-24 11:30:00+05:30,1038.65,1040.0,1037.0,1037.65,3704
2022-11-24 11:45:00+05:30,1037.65,1044.15,1037.25,1042.95,6267
2022-11-24 12:00:00+05:30,1042.95,1050.0,1040.8,1049.0,20971
2022-11-24 12:15:00+05:30,1049.0,1049.95,1045.05,1046.8,13512
2022-11-24 12:30:00+05:30,1046.8,1050.05,1045.6,1049.95,9498
2022-11-24 12:45:00+05:30,1050.0,1051.0,1047.0,1050.0,7056
2022-11-24 13:00:00+05:30,1049.7,1050.6,1049.05,1049.95,5823
2022-11-24 13:15:00+05:30,1049.6,1053.0,1048.85,1051.0,14605
2022-11-24 13:30:00+05:30,1050.5,1051.8,1049.15,1050.5,5867
2022-11-24 13:45:00+05:30,1050.5,1051.0,1050.0,1050.0,4764
2022-11-24 14:00:00+05:30,1050.2,1050.65,1050.0,1050.0,9838
2022-11-24 14:15:00+05:30,1050.0,1051.95,1050.0,1050.0,2591
2022-11-24 14:30:00+05:30,1050.0,1052.0,1049.5,1051.0,6075
2022-11-24 14:45:00+05:30,1051.0,1055.5,1051.0,1055.5,11526
2022-11-24 15:00:00+05:30,1055.5,1057.15,1047.0,1047.75,9882
2022-11-24 15:15:00+05:30,1047.75,1050.0,1047.1,1048.0,8687
2022-11-24 15:30:00+05:30,1049.2,1053.75,1045.0,1049.0,10967
2022-11-25 09:30:00+05:30,1051.0,1051.1,1042.5,1046.45,5732
2022-11-25 09:45:00+05:30,1046.45,1048.1,1044.4,1046.5,2887
2022-11-25 10:00:00+05:30,1046.5,1053.75,1046.5,1050.75,4987
2022-11-25 10:15:00+05:30,1050.75,1054.95,1050.7,1054.0,4495
2022-11-25 10:30:00+05:30,1053.5,1064.45,1052.9,1061.45,19357
2022-11-25 10:45:00+05:30,1061.9,1064.0,1058.25,1060.75,19449
2022-11-25 11:00:00+05:30,1060.75,1061.5,1053.0,1056.15,10273
2022-11-25 11:15:00+05:30,1057.95,1061.45,1055.0,1057.3,7108
2022-11-25 11:30:00+05:30,1057.0,1057.3,1055.0,1055.7,3430
2022-11-25 11:45:00+05:30,1055.7,1057.3,1055.25,1055.75,2422
2022-11-25 12:00:00+05:30,1055.75,1057.9,1055.5,1056.55,5047
2022-11-25 12:15:00+05:30,1056.55,1058.45,1056.55,1057.35,2999
2022-11-25 12:30:00+05:30,1057.35,1059.1,1057.1,1058.9,1935
2022-11-25 12:45:00+05:30,1058.9,1059.85,1055.4,1055.4,3437
2022-11-25 13:00:00+05:30,1055.4,1056.5,1054.0,1056.5,2032
2022-11-25 13:15:00+05:30,1056.5,1058.0,1056.5,1057.95,841
2022-11-25 13:30:00+05:30,1057.95,1058.65,1056.55,1057.0,2964
2022-11-25 13:45:00+05:30,1056.9,1058.75,1056.5,1056.5,2079
2022-11-25 14:00:00+05:30,1057.75,1059.5,1057.1,1057.1,2028
2022-11-25 14:15:00+05:30,1057.1,1058.6,1057.0,1057.1,1794
2022-11-25 14:30:00+05:30,1057.1,1059.0,1056.5,1058.05,2704
2022-11-25 14:45:00+05:30,1058.05,1059.9,1057.0,1058.05,6263
2022-11-25 15:00:00+05:30,1058.05,1059.0,1056.25,1056.25,4896
2022-11-25 15:15:00+05:30,1056.9,1057.0,1049.1,1050.65,9829
2022-11-25 15:30:00+05:30,1050.25,1052.8,1046.05,1047.0,7703
2022-11-28 09:30:00+05:30,1051.1,1057.95,1047.05,1057.0,9754
2022-11-28 09:45:00+05:30,1057.0,1057.25,1053.6,1056.4,4776
2022-11-28 10:00:00+05:30,1056.85,1063.0,1055.0,1063.0,7697
2022-11-28 10:15:00+05:30,1063.0,1063.9,1061.4,1062.0,8212
2022-11-28 10:30:00+05:30,1062.0,1067.8,1061.1,1067.0,10853
2022-11-28 10:45:00+05:30,1067.0,1067.05,1065.0,1066.15,2332
2022-11-28 11:00:00+05:30,1065.65,1066.2,1061.65,1061.65,5284
2022-11-28 11:15:00+05:30,1061.65,1061.65,1053.1,1054.6,5465
2022-11-28 11:30:00+05:30,1055.0,1058.3,1054.0,1054.0,2367
2022-11-28 11:45:00+05:30,1054.0,1055.0,1050.1,1053.35,6313
2022-11-28 12:00:00+05:30,1053.35,1056.65,1053.35,1056.65,2176
2022-11-28 12:15:00+05:30,1056.65,1057.0,1054.45,1054.85,2528
2022-11-28 12:30:00+05:30,1054.85,1070.7,1054.05,1069.25,25809
2022-11-28 12:45:00+05:30,1069.25,1069.45,1058.65,1061.8,5599
2022-11-28 13:00:00+05:30,1061.8,1064.45,1061.45,1063.35,2285
2022-11-28 13:15:00+05:30,1063.35,1063.8,1058.05,1059.0,3173
2022-11-28 13:30:00+05:30,1059.05,1060.95,1058.05,1058.2,1591
2022-11-28 13:45:00+05:30,1058.2,1063.15,1058.2,1062.3,922
2022-11-28 14:00:00+05:30,1062.25,1063.15,1058.15,1058.45,3428
2022-11-28 14:15:00+05:30,1058.45,1061.45,1058.45,1061.45,1700
2022-11-28 14:30:00+05:30,1061.45,1063.75,1059.0,1060.65,4735
2022-11-28 14:45:00+05:30,1060.65,1063.05,1059.4,1062.0,1144
2022-11-28 15:00:00+05:30,1062.0,1062.85,1060.4,1062.25,3137
2022-11-28 15:15:00+05:30,1062.25,1068.0,1062.25,1067.4,7183
2022-11-28 15:30:00+05:30,1067.4,1068.85,1062.0,1063.0,11634
2022-11-29 09:30:00+05:30,1066.0,1068.45,1059.95,1061.45,5963
2022-11-29 09:45:00+05:30,1062.3,1062.45,1056.85,1060.25,7288
2022-11-29 10:00:00+05:30,1060.25,1061.05,1055.75,1055.75,4002
2022-11-29 10:15:00+05:30,1055.85,1063.0,1055.85,1063.0,1777
2022-11-29 10:30:00+05:30,1063.0,1064.65,1061.0,1063.45,3813
2022-11-29 10:45:00+05:30,1064.55,1074.0,1064.55,1072.95,20186
2022-11-29 11:00:00+05:30,1072.95,1072.95,1068.5,1068.65,4225
2022-11-29 11:15:00+05:30,1068.65,1070.0,1065.25,1066.6,3370
2022-11-29 11:30:00+05:30,1066.6,1068.7,1065.15,1067.05,2747
2022-11-29 11:45:00+05:30,1067.05,1069.45,1067.05,1067.75,3390
2022-11-29 12:00:00+05:30,1068.65,1069.5,1067.65,1069.25,1446
2022-11-29 12:15:00+05:30,1069.25,1072.0,1068.65,1071.05,2405
2022-11-29 12:30:00+05:30,1071.05,1071.55,1068.5,1070.0,1863
2022-11-29 12:45:00+05:30,1070.0,1072.5,1069.0,1070.9,5125
2022-11-29 13:00:00+05:30,1070.9,1071.7,1069.2,1069.4,2983
2022-11-29 13:15:00+05:30,1069.4,1070.0,1069.1,1069.75,723
2022-11-29 13:30:00+05:30,1069.75,1070.0,1069.2,1069.35,1034
2022-11-29 13:45:00+05:30,1069.35,1072.95,1069.35,1072.9,4349
2022-11-29 14:00:00+05:30,1072.9,1072.95,1071.25,1071.3,2649
2022-11-29 14:15:00+05:30,1071.25,1071.8,1071.0,1071.05,3072
2022-11-29 14:30:00+05:30,1071.05,1073.45,1071.0,1071.8,5483
2022-11-29 14:45:00+05:30,1072.0,1072.0,1070.75,1071.0,3171
2022-11-29 15:00:00+05:30,1071.0,1073.05,1065.6,1065.9,6742
2022-11-29 15:15:00+05:30,1067.15,1067.55,1060.05,1060.05,8196
2022-11-29 15:30:00+05:30,1060.05,1066.0,1058.1,1066.0,6934
2022-11-30 09:30:00+05:30,1063.0,1071.0,1063.0,1065.3,4892
2022-11-30 09:45:00+05:30,1066.15,1069.95,1065.0,1066.95,4835
2022-11-30 10:00:00+05:30,1067.6,1071.4,1066.75,1068.65,9210
2022-11-30 10:15:00+05:30,1068.8,1073.0,1067.75,1070.1,2997
2022-11-30 10:30:00+05:30,1070.1,1071.8,1069.45,1071.75,2100
2022-11-30 10:45:00+05:30,1071.75,1071.95,1069.0,1069.05,2685
2022-11-30 11:00:00+05:30,1069.4,1070.0,1069.0,1069.35,1469
2022-11-30 11:15:00+05:30,1069.35,1069.95,1068.1,1068.9,786
2022-11-30 11:30:00+05:30,1068.9,1070.5,1068.3,1068.75,1712
2022-11-30 11:45:00+05:30,1068.75,1069.7,1065.0,1069.4,2250
2022-11-30 12:00:00+05:30,1067.2,1069.6,1066.55,1069.5,1204
2022-11-30 12:15:00+05:30,1069.5,1069.5,1067.75,1068.0,3432
2022-11-30 12:30:00+05:30,1068.0,1078.0,1068.0,1077.8,16749
2022-11-30 12:45:00+05:30,1077.8,1080.45,1075.6,1077.45,17529
2022-11-30 13:00:00+05:30,1077.45,1077.75,1073.3,1075.0,37838
2022-11-30 13:15:00+05:30,1075.0,1075.0,1072.6,1073.85,1254
2022-11-30 13:30:00+05:30,1073.85,1073.85,1070.85,1070.85,5292
2022-11-30 13:45:00+05:30,1070.85,1072.25,1069.75,1070.25,2310
2022-11-30 14:00:00+05:30,1070.25,1072.0,1068.0,1068.0,1911
2022-11-30 14:15:00+05:30,1068.0,1071.95,1068.0,1070.0,3626
2022-11-30 14:30:00+05:30,1070.0,1073.2,1067.75,1072.5,4513
2022-11-30 14:45:00+05:30,1071.5,1075.7,1071.15,1074.5,5993
2022-11-30 15:00:00+05:30,1073.95,1073.95,1068.0,1068.95,5097
2022-11-30 15:15:00+05:30,1068.95,1069.6,1060.0,1061.0,19315
2022-11-30 15:30:00+05:30,1061.75,1061.75,1049.65,1057.0,28305
2022-12-01 09:30:00+05:30,1064.6,1067.75,1056.25,1060.2,42651
2022-12-01 09:45:00+05:30,1060.2,1064.5,1060.0,1064.2,6422
2022-12-01 10:00:00+05:30,1064.2,1064.2,1060.4,1061.25,3517
2022-12-01 10:15:00+05:30,1062.1,1062.1,1060.0,1061.3,1262
2022-12-01 10:30:00+05:30,1061.3,1061.95,1058.55,1060.55,1475
2022-12-01 10:45:00+05:30,1060.55,1061.35,1059.05,1061.0,1665
2022-12-01 11:00:00+05:30,1061.0,1061.35,1058.5,1060.25,2327
2022-12-01 11:15:00+05:30,1061.4,1064.8,1061.05,1063.05,1924
2022-12-01 11:30:00+05:30,1063.75,1063.75,1058.5,1058.75,6916
2022-12-01 11:45:00+05:30,1058.75,1062.5,1058.75,1062.4,12160
2022-12-01 12:00:00+05:30,1062.4,1062.5,1060.8,1062.0,340
2022-12-01 12:15:00+05:30,1062.0,1064.85,1062.0,1063.9,1897
2022-12-01 12:30:00+05:30,1064.2,1066.0,1064.2,1064.5,4061
2022-12-01 12:45:00+05:30,1064.5,1064.95,1062.5,1064.25,1069
2022-12-01 13:00:00+05:30,1064.25,1064.8,1061.5,1062.25,6700
2022-12-01 13:15:00+05:30,1062.25,1062.8,1061.5,1062.0,5191
2022-12-01 13:30:00+05:30,1062.0,1063.95,1061.5,1061.6,7542
2022-12-01 13:45:00+05:30,1062.55,1063.2,1061.55,1061.6,4801
2022-12-01 14:00:00+05:30,1062.3,1064.6,1061.6,1064.6,3445
2022-12-01 14:15:00+05:30,1064.6,1065.9,1063.65,1065.4,4375
2022-12-01 14:30:00+05:30,1065.4,1065.85,1063.0,1064.6,2432
2022-12-01 14:45:00+05:30,1064.75,1066.0,1063.6,1065.15,2990
2022-12-01 15:00:00+05:30,1065.15,1068.7,1064.3,1067.0,8060
2022-12-01 15:15:00+05:30,1067.0,1067.0,1059.1,1060.0,3491
2022-12-01 15:30:00+05:30,1058.6,1065.05,1056.35,1065.05,6500
2022-12-02 09:30:00+05:30,1064.35,1064.9,1058.0,1059.95,5110
2022-12-02 09:45:00+05:30,1060.4,1064.5,1060.05,1062.5,3703
2022-12-02 10:00:00+05:30,1063.3,1067.6,1062.0,1063.9,4726
2022-12-02 10:15:00+05:30,1063.9,1064.95,1063.0,1063.05,856
2022-12-02 10:30:00+05:30,1063.05,1064.65,1060.0,1062.15,2124
2022-12-02 10:45:00+05:30,1062.15,1064.5,1061.3,1064.25,1288
2022-12-02 11:00:00+05:30,1064.25,1066.65,1063.55,1066.65,883
2022-12-02 11:15:00+05:30,1066.65,1070.6,1066.65,1070.0,14070
2022-12-02 11:30:00+05:30,1070.0,1070.0,1067.95,1070.0,5294
2022-12-02 11:45:00+05:30,1070.0,1070.0,1068.75,1070.0,3770
2022-12-02 12:00:00+05:30,1070.0,1071.0,1066.45,1067.85,12101
2022-12-02 12:15:00+05:30,1067.9,1068.2,1066.05,1066.85,2691
2022-12-02 12:30:00+05:30,1066.85,1068.9,1066.45,1068.9,2333
2022-12-02 12:45:00+05:30,1068.9,1070.3,1068.25,1069.9,7265
2022-12-02 13:00:00+05:30,1068.25,1070.35,1068.25,1070.0,9444
2022-12-02 13:15:00+05:30,1070.0,1070.0,1067.4,1069.2,5680
2022-12-02 13:30:00+05:30,1069.2,1070.0,1066.9,1070.0,2349
2022-12-02 13:45:00+05:30,1070.0,1070.0,1068.5,1069.8,1750
2022-12-02 14:00:00+05:30,1069.8,1074.55,1069.0,1072.0,106317
2022-12-02 14:15:00+05:30,1072.65,1113.9,1070.55,1112.6,112809
2022-12-02 14:30:00+05:30,1114.0,1150.0,1114.0,1143.5,642462
2022-12-02 14:45:00+05:30,1143.15,1150.0,1136.05,1141.0,241601
2022-12-02 15:00:00+05:30,1141.0,1141.8,1130.0,1133.1,138913
2022-12-02 15:15:00+05:30,1133.95,1140.95,1130.0,1130.4,91246
2022-12-02 15:30:00+05:30,1130.1,1137.75,1129.0,1130.0,110166
2022-12-05 09:30:00+05:30,1130.0,1130.0,1108.25,1109.0,56152
2022-12-05 09:45:00+05:30,1108.55,1111.85,1103.25,1109.4,26845
2022-12-05 10:00:00+05:30,1109.4,1109.4,1096.0,1099.4,31106
2022-12-05 10:15:00+05:30,1099.4,1105.7,1097.0,1105.7,17961
2022-12-05 10:30:00+05:30,1106.0,1106.0,1101.15,1103.5,8837
2022-12-05 10:45:00+05:30,1103.5,1104.5,1101.0,1102.0,7482
2022-12-05 11:00:00+05:30,1102.0,1104.5,1102.0,1102.0,5209
2022-12-05 11:15:00+05:30,1102.0,1102.95,1100.05,1102.95,5628
2022-12-05 11:30:00+05:30,1102.95,1103.4,1100.5,1103.4,3894
2022-12-05 11:45:00+05:30,1103.35,1103.65,1102.65,1103.2,1685
2022-12-05 12:00:00+05:30,1103.5,1112.25,1102.5,1110.3,14146
2022-12-05 12:15:00+05:30,1110.3,1113.95,1106.0,1112.55,15929
2022-12-05 12:30:00+05:30,1112.5,1113.95,1110.0,1110.5,7660
2022-12-05 12:45:00+05:30,1110.55,1119.0,1109.5,1116.55,14872
2022-12-05 13:00:00+05:30,1116.75,1118.95,1109.55,1110.15,12150
2022-12-05 13:15:00+05:30,1110.15,1111.0,1107.2,1108.3,4266
2022-12-05 13:30:00+05:30,1108.2,1108.35,1105.0,1106.0,7714
2022-12-05 13:45:00+05:30,1106.75,1110.0,1105.5,1108.0,4577
2022-12-05 14:00:00+05:30,1108.0,1109.05,1105.0,1105.8,4678
2022-12-05 14:15:00+05:30,1105.8,1109.45,1105.15,1108.5,2617
2022-12-05 14:30:00+05:30,1108.5,1111.15,1106.85,1109.5,4682
2022-12-05 14:45:00+05:30,1109.5,1117.1,1109.4,1113.75,9218
2022-12-05 15:00:00+05:30,1113.75,1113.75,1108.55,1112.85,2739
2022-12-05 15:15:00+05:30,1112.85,1113.35,1107.05,1108.0,10328
2022-12-05 15:30:00+05:30,1108.0,1113.95,1105.5,1110.0,20512
2022-12-06 09:30:00+05:30,1111.0,1118.6,1098.5,1101.8,27500
2022-12-06 09:45:00+05:30,1103.05,1105.0,1101.15,1103.1,5949
2022-12-06 10:00:00+05:30,1103.1,1105.55,1102.0,1105.55,3511
2022-12-06 10:15:00+05:30,1105.55,1109.3,1105.1,1105.95,4240
2022-12-06 10:30:00+05:30,1105.75,1105.75,1102.0,1102.15,6004
2022-12-06 10:45:00+05:30,1102.9,1106.95,1102.1,1105.1,2930
2022-12-06 11:00:00+05:30,1105.1,1107.45,1103.0,1103.0,3046
2022-12-06 11:15:00+05:30,1103.0,1104.65,1102.0,1104.0,92701
2022-12-06 11:30:00+05:30,1104.0,1104.0,1102.0,1102.35,2634
2022-12-06 11:45:00+05:30,1102.35,1104.0,1102.0,1102.95,23344
2022-12-06 12:00:00+05:30,1102.95,1103.4,1101.0,1103.15,3072
2022-12-06 12:15:00+05:30,1103.15,1103.2,1099.0,1101.85,6395
2022-12-06 12:30:00+05:30,1101.85,1102.0,1100.5,1101.0,1702
2022-12-06 12:45:00+05:30,1101.0,1102.0,1100.4,1101.9,1563
2022-12-06 13:00:00+05:30,1101.9,1101.9,1100.95,1101.6,716
2022-12-06 13:15:00+05:30,1101.6,1103.25,1101.6,1102.9,3234
2022-12-06 13:30:00+05:30,1102.2,1104.0,1101.6,1103.4,6269
2022-12-06 13:45:00+05:30,1103.95,1104.0,1103.3,1104.0,1422
2022-12-06 14:00:00+05:30,1104.0,1104.0,1095.0,1097.2,6182
2022-12-06 14:15:00+05:30,1097.2,1099.95,1094.95,1099.55,2159
2022-12-06 14:30:00+05:30,1099.55,1100.0,1093.3,1098.4,8733
2022-12-06 14:45:00+05:30,1098.4,1099.95,1096.95,1096.95,3599
2022-12-06 15:00:00+05:30,1096.95,1098.95,1095.75,1098.9,2823
2022-12-06 15:15:00+05:30,1098.95,1100.0,1095.0,1095.05,10626
2022-12-06 15:30:00+05:30,1096.2,1098.75,1090.0,1097.9,14131
2022-12-07 09:30:00+05:30,1100.0,1100.0,1090.0,1092.75,9687
2022-12-07 09:45:00+05:30,1092.0,1095.0,1091.55,1095.0,2951
2022-12-07 10:00:00+05:30,1095.0,1103.35,1095.0,1095.75,8688
2022-12-07 10:15:00+05:30,1096.2,1104.95,1095.75,1101.4,11674
2022-12-07 10:30:00+05:30,1102.4,1106.05,1097.05,1099.0,15582
2022-12-07 10:45:00+05:30,1099.0,1101.0,1095.05,1097.1,8025
2022-12-07 11:00:00+05:30,1097.65,1097.65,1085.45,1088.55,9400
2022-12-07 11:15:00+05:30,1088.7,1088.75,1084.0,1086.0,3895
2022-12-07 11:30:00+05:30,1086.0,1089.05,1085.35,1089.05,3493
2022-12-07 11:45:00+05:30,1089.05,1090.65,1088.0,1089.1,3795
2022-12-07 12:00:00+05:30,1089.1,1090.65,1088.0,1089.0,3158
2022-12-07 12:15:00+05:30,1089.0,1090.3,1088.0,1089.2,2362
2022-12-07 12:30:00+05:30,1089.2,1090.0,1086.2,1088.25,4536
2022-12-07 12:45:00+05:30,1088.25,1089.6,1087.0,1088.0,1796
2022-12-07 13:00:00+05:30,1088.0,1088.0,1086.6,1086.65,3172
2022-12-07 13:15:00+05:30,1086.65,1088.8,1083.85,1085.7,5371
2022-12-07 13:30:00+05:30,1085.7,1087.95,1085.0,1085.85,2051
2022-12-07 13:45:00+05:30,1085.85,1087.55,1084.85,1085.7,3043
2022-12-07 14:00:00+05:30,1084.85,1085.7,1083.2,1083.5,3112
2022-12-07 14:15:00+05:30,1083.5,1086.1,1077.35,1078.8,8973
2022-12-07 14:30:00+05:30,1078.8,1080.6,1071.95,1075.0,8294
2022-12-07 14:45:00+05:30,1075.0,1075.0,1068.95,1072.0,9333
2022-12-07 15:00:00+05:30,1072.0,1074.45,1069.3,1070.0,12572
2022-12-07 15:15:00+05:30,1070.95,1073.3,1067.5,1070.0,11446
2022-12-07 15:30:00+05:30,1070.0,1070.0,1061.1,1068.0,14394
2022-12-08 09:30:00+05:30,1068.0,1076.9,1068.0,1073.75,10137
2022-12-08 09:45:00+05:30,1073.75,1082.8,1072.25,1080.9,8205
2022-12-08 10:00:00+05:30,1080.9,1084.95,1076.15,1083.85,10035
2022-12-08 10:15:00+05:30,1083.85,1087.6,1080.6,1082.05,8766
2022-12-08 10:30:00+05:30,1082.05,1084.0,1080.05,1082.8,6313
2022-12-08 10:45:00+05:30,1083.25,1087.3,1082.2,1087.3,4779
2022-12-08 11:00:00+05:30,1087.3,1090.15,1085.75,1086.6,12434
2022-12-08 11:15:00+05:30,1086.6,1090.2,1085.3,1088.6,10185
2022-12-08 11:30:00+05:30,1088.6,1090.0,1087.8,1088.5,6999
2022-12-08 11:45:00+05:30,1088.5,1090.0,1088.0,1089.65,9508
2022-12-08 12:00:00+05:30,1089.55,1094.0,1089.55,1090.1,30528
2022-12-08 12:15:00+05:30,1090.1,1091.5,1089.4,1090.95,6909
2022-12-08 12:30:00+05:30,1090.95,1092.45,1089.25,1090.9,10722
2022-12-08 12:45:00+05:30,1090.9,1090.9,1089.2,1089.5,5526
2022-12-08 13:00:00+05:30,1089.1,1090.0,1089.05,1090.0,1910
2022-12-08 13:15:00+05:30,1090.0,1091.0,1087.65,1089.8,8560
2022-12-08 13:30:00+05:30,1089.8,1090.9,1088.7,1089.25,3223
2022-12-08 13:45:00+05:30,1088.75,1090.9,1088.75,1090.1,5615
2022-12-08 14:00:00+05:30,1090.1,1090.9,1089.25,1089.75,3069
2022-12-08 14:15:00+05:30,1090.4,1090.75,1089.05,1090.6,2989
2022-12-08 14:30:00+05:30,1090.6,1090.75,1087.15,1087.8,6844
2022-12-08 14:45:00+05:30,1087.8,1090.0,1086.15,1089.1,10567
2022-12-08 15:00:00+05:30,1089.1,1090.0,1089.1,1089.8,9060
2022-12-08 15:15:00+05:30,1090.0,1092.05,1083.2,1083.8,13362
2022-12-08 15:30:00+05:30,1083.8,1088.45,1069.55,1076.0,20447
2022-12-09 09:30:00+05:30,1083.9,1090.6,1083.9,1086.05,25344
2022-12-09 09:45:00+05:30,1086.45,1088.55,1084.0,1088.0,7388
2022-12-09 10:00:00+05:30,1088.15,1089.2,1085.1,1087.15,6870
2022-12-09 10:15:00+05:30,1087.15,1089.45,1087.0,1087.2,4600
2022-12-09 10:30:00+05:30,1087.2,1090.0,1087.0,1087.25,5413
2022-12-09 10:45:00+05:30,1087.8,1088.8,1087.05,1088.3,1028
2022-12-09 11:00:00+05:30,1088.0,1089.45,1087.2,1088.9,2026
2022-12-09 11:15:00+05:30,1088.9,1089.8,1086.05,1086.2,6600
2022-12-09 11:30:00+05:30,1086.2,1086.2,1080.0,1082.85,7488
2022-12-09 11:45:00+05:30,1082.55,1086.6,1081.65,1085.7,3244
2022-12-09 12:00:00+05:30,1085.7,1090.0,1084.45,1089.05,10757
2022-12-09 12:15:00+05:30,1089.0,1090.05,1088.5,1089.85,9281
2022-12-09 12:30:00+05:30,1089.85,1089.85,1085.5,1085.6,5079
2022-12-09 12:45:00+05:30,1085.6,1087.4,1080.95,1082.05,3987
2022-12-09 13:00:00+05:30,1082.05,1082.75,1077.2,1081.1,2986
2022-12-09 13:15:00+05:30,1081.1,1087.95,1079.45,1085.6,10150
2022-12-09 13:30:00+05:30,1086.55,1090.0,1085.4,1088.4,12502
2022-12-09 13:45:00+05:30,1089.45,1090.15,1086.95,1089.7,11146
2022-12-09 14:00:00+05:30,1089.7,1096.45,1088.05,1089.8,21136
2022-12-09 14:15:00+05:30,1089.4,1090.0,1087.35,1089.3,12636
2022-12-09 14:30:00+05:30,1090.0,1090.0,1085.35,1088.55,15641
2022-12-09 14:45:00+05:30,1089.75,1090.0,1087.65,1089.7,11270
2022-12-09 15:00:00+05:30,1089.75,1091.35,1088.05,1090.0,14339
2022-12-09 15:15:00+05:30,1090.0,1090.0,1088.05,1090.0,20315
2022-12-09 15:30:00+05:30,1089.1,1091.95,1081.65,1086.9,14427
2022-12-12 09:30:00+05:30,1089.45,1089.45,1060.0,1074.7,12078
2022-12-12 09:45:00+05:30,1075.05,1080.0,1074.95,1079.5,4111
2022-12-12 10:00:00+05:30,1079.5,1079.5,1072.85,1074.0,4342
2022-12-12 10:15:00+05:30,1074.0,1076.0,1073.0,1075.0,3448
2022-12-12 10:30:00+05:30,1075.0,1080.0,1075.0,1078.15,2273
2022-12-12 10:45:00+05:30,1078.15,1079.3,1076.05,1078.0,1258
2022-12-12 11:00:00+05:30,1078.0,1082.5,1078.0,1081.9,1554
2022-12-12 11:15:00+05:30,1081.85,1082.85,1076.55,1078.3,1427
2022-12-12 11:30:00+05:30,1078.3,1082.7,1078.3,1081.45,4259
2022-12-12 11:45:00+05:30,1081.45,1081.45,1079.5,1080.0,2381
2022-12-12 12:00:00+05:30,1080.0,1080.5,1078.6,1079.35,824
2022-12-12 12:15:00+05:30,1079.95,1080.0,1071.05,1073.05,7104
2022-12-12 12:30:00+05:30,1073.05,1074.9,1067.85,1071.55,3639
2022-12-12 12:45:00+05:30,1071.25,1073.0,1071.0,1072.05,2296
2022-12-12 13:00:00+05:30,1071.5,1072.0,1068.0,1068.0,3869
2022-12-12 13:15:00+05:30,1068.0,1068.0,1060.6,1062.85,14132
2022-12-12 13:30:00+05:30,1062.35,1067.4,1061.2,1064.55,3684
2022-12-12 13:45:00+05:30,1064.55,1071.6,1064.55,1071.25,5933
2022-12-12 14:00:00+05:30,1071.25,1072.95,1066.85,1072.25,7573
2022-12-12 14:15:00+05:30,1071.4,1089.0,1071.35,1084.6,21385
2022-12-12 14:30:00+05:30,1084.6,1088.8,1083.2,1086.75,14447
2022-12-12 14:45:00+05:30,1086.75,1090.0,1086.55,1086.55,16172
2022-12-12 15:00:00+05:30,1086.55,1090.0,1086.55,1089.0,10541
2022-12-12 15:15:00+05:30,1089.4,1090.0,1088.0,1089.5,10494
2022-12-12 15:30:00+05:30,1089.95,1094.9,1088.0,1090.0,22802
2022-12-13 09:30:00+05:30,1097.65,1097.9,1090.0,1090.0,10806
2022-12-13 09:45:00+05:30,1088.0,1088.95,1082.5,1086.0,7507
2022-12-13 10:00:00+05:30,1085.3,1086.0,1080.6,1082.75,4092
2022-12-13 10:15:00+05:30,1082.6,1084.35,1082.0,1082.0,3578
2022-12-13 10:30:00+05:30,1082.0,1084.0,1079.7,1083.05,2014
2022-12-13 10:45:00+05:30,1083.0,1084.5,1080.75,1081.45,7549
2022-12-13 11:00:00+05:30,1081.45,1081.45,1072.0,1076.0,12617
2022-12-13 11:15:00+05:30,1076.1,1089.1,1075.3,1082.7,9494
2022-12-13 11:30:00+05:30,1082.7,1084.5,1080.0,1082.85,12451
2022-12-13 11:45:00+05:30,1082.85,1087.85,1082.6,1084.65,5439
2022-12-13 12:00:00+05:30,1084.65,1086.45,1083.0,1085.55,5683
2022-12-13 12:15:00+05:30,1085.55,1088.95,1085.5,1088.8,10081
2022-12-13 12:30:00+05:30,1088.8,1089.5,1085.6,1085.6,3371
2022-12-13 12:45:00+05:30,1085.45,1086.3,1083.0,1086.0,2858
2022-12-13 13:00:00+05:30,1086.0,1087.1,1082.25,1082.3,1911
2022-12-13 13:15:00+05:30,1081.8,1081.9,1078.45,1079.45,4730
2022-12-13 13:30:00+05:30,1079.3,1079.7,1078.45,1079.45,1730
2022-12-13 13:45:00+05:30,1079.5,1080.0,1078.5,1079.65,2988
2022-12-13 14:00:00+05:30,1079.65,1080.0,1077.55,1078.75,3097
2022-12-13 14:15:00+05:30,1078.75,1079.6,1074.0,1074.6,5462
2022-12-13 14:30:00+05:30,1074.6,1076.45,1073.35,1075.0,2298
2022-12-13 14:45:00+05:30,1074.95,1078.55,1073.4,1073.4,2601
2022-12-13 15:00:00+05:30,1073.35,1075.0,1072.25,1074.3,6971
2022-12-13 15:15:00+05:30,1074.3,1075.95,1071.0,1072.15,7759
2022-12-13 15:30:00+05:30,1072.15,1074.25,1069.0,1073.0,15721
2022-12-14 09:30:00+05:30,1073.15,1082.5,1072.65,1074.3,7924
2022-12-14 09:45:00+05:30,1074.55,1075.0,1070.0,1074.85,4036
2022-12-14 10:00:00+05:30,1074.85,1075.0,1070.95,1072.6,3460
2022-12-14 10:15:00+05:30,1072.6,1072.6,1070.05,1071.95,2210
2022-12-14 10:30:00+05:30,1071.95,1072.0,1070.0,1071.75,1196
2022-12-14 10:45:00+05:30,1072.0,1072.0,1067.9,1070.05,5712
2022-12-14 11:00:00+05:30,1070.0,1072.0,1069.65,1071.0,3378
2022-12-14 11:15:00+05:30,1071.85,1072.0,1071.05,1071.9,4932
2022-12-14 11:30:00+05:30,1071.9,1072.0,1068.65,1068.7,2513
2022-12-14 11:45:00+05:30,1068.7,1069.7,1068.0,1069.25,1222
2022-12-14 12:00:00+05:30,1069.25,1069.65,1068.0,1068.25,1065
2022-12-14 12:15:00+05:30,1068.25,1070.0,1068.25,1069.5,673
2022-12-14 12:30:00+05:30,1069.05,1070.45,1068.45,1070.0,1953
2022-12-14 12:45:00+05:30,1070.0,1070.0,1067.95,1068.15,1016
2022-12-14 13:00:00+05:30,1068.7,1069.0,1066.0,1066.25,1737
2022-12-14 13:15:00+05:30,1066.2,1074.0,1065.0,1072.85,23722
2022-12-14 13:30:00+05:30,1072.85,1081.0,1072.85,1080.05,10776
2022-12-14 13:45:00+05:30,1080.05,1089.0,1079.8,1087.35,12877
2022-12-14 14:00:00+05:30,1086.2,1086.55,1081.3,1081.85,3336
2022-12-14 14:15:00+05:30,1081.85,1083.9,1078.05,1078.05,3692
2022-12-14 14:30:00+05:30,1078.05,1082.4,1077.95,1079.0,3862
2022-12-14 14:45:00+05:30,1079.0,1080.4,1072.85,1074.95,2798
2022-12-14 15:00:00+05:30,1074.95,1075.0,1073.8,1074.85,1064
2022-12-14 15:15:00+05:30,1074.8,1074.8,1064.8,1066.8,14205
2022-12-14 15:30:00+05:30,1066.05,1070.0,1063.0,1068.0,12524
2022-12-15 09:30:00+05:30,1071.0,1082.2,1071.0,1077.05,7957
2022-12-15 09:45:00+05:30,1076.55,1078.85,1074.35,1078.85,3687
2022-12-15 10:00:00+05:30,1079.0,1080.0,1077.9,1080.0,2431
2022-12-15 10:15:00+05:30,1079.25,1081.75,1079.0,1079.7,3149
2022-12-15 10:30:00+05:30,1079.7,1080.0,1076.6,1078.05,2745
2022-12-15 10:45:00+05:30,1078.05,1079.0,1077.1,1078.55,1047
2022-12-15 11:00:00+05:30,1078.5,1082.95,1077.15,1082.0,3203
2022-12-15 11:15:00+05:30,1082.85,1089.7,1081.55,1087.6,13077
2022-12-15 11:30:00+05:30,1087.6,1088.0,1084.95,1085.5,15765
2022-12-15 11:45:00+05:30,1085.5,1086.95,1084.0,1086.0,5602
2022-12-15 12:00:00+05:30,1086.0,1092.0,1085.0,1085.85,18126
2022-12-15 12:15:00+05:30,1085.85,1085.85,1078.05,1078.9,4407
2022-12-15 12:30:00+05:30,1078.95,1080.05,1077.1,1077.5,3442
2022-12-15 12:45:00+05:30,1077.5,1077.7,1071.5,1072.3,4784
2022-12-15 13:00:00+05:30,1072.95,1077.5,1072.0,1074.6,3968
2022-12-15 13:15:00+05:30,1074.6,1076.25,1073.0,1073.7,5198
2022-12-15 13:30:00+05:30,1073.7,1076.25,1072.25,1074.6,3313
2022-12-15 13:45:00+05:30,1074.6,1074.7,1072.0,1073.45,1874
2022-12-15 14:00:00+05:30,1073.25,1081.2,1071.4,1081.2,4340
2022-12-15 14:15:00+05:30,1082.0,1082.0,1077.0,1079.05,3920
2022-12-15 14:30:00+05:30,1078.2,1081.0,1077.75,1078.55,1956
2022-12-15 14:45:00+05:30,1078.55,1079.15,1070.45,1073.75,7091
2022-12-15 15:00:00+05:30,1073.65,1075.7,1071.6,1074.2,2475
2022-12-15 15:15:00+05:30,1074.45,1077.35,1069.0,1071.0,6545
2022-12-15 15:30:00+05:30,1071.0,1075.0,1067.05,1074.0,9079
2022-12-16 09:30:00+05:30,1070.8,1072.95,1063.0,1068.6,11499
2022-12-16 09:45:00+05:30,1068.65,1072.25,1065.75,1066.1,4737
2022-12-16 10:00:00+05:30,1067.3,1067.3,1062.35,1064.4,5065
2022-12-16 10:15:00+05:30,1064.55,1065.55,1058.1,1059.6,8014
2022-12-16 10:30:00+05:30,1059.6,1059.95,1056.0,1058.0,3826
2022-12-16 10:45:00+05:30,1058.0,1061.05,1056.1,1056.1,3054
2022-12-16 11:00:00+05:30,1056.7,1056.8,1051.0,1051.0,4932
2022-12-16 11:15:00+05:30,1050.05,1051.85,1050.0,1051.0,3832
2022-12-16 11:30:00+05:30,1051.0,1055.2,1050.85,1053.5,2176
2022-12-16 11:45:00+05:30,1053.5,1066.35,1053.5,1065.0,7984
2022-12-16 12:00:00+05:30,1065.0,1066.5,1062.0,1062.0,5396
2022-12-16 12:15:00+05:30,1062.0,1062.0,1054.95,1056.2,4247
2022-12-16 12:30:00+05:30,1056.2,1059.0,1056.15,1058.0,1679
2022-12-16 12:45:00+05:30,1058.6,1061.45,1056.25,1058.0,1911
2022-12-16 13:00:00+05:30,1058.0,1060.25,1056.2,1059.8,4262
2022-12-16 13:15:00+05:30,1059.8,1060.0,1055.0,1055.25,2233
2022-12-16 13:30:00+05:30,1055.25,1063.25,1054.0,1060.0,3606
2022-12-16 13:45:00+05:30,1060.0,1060.35,1056.25,1058.85,2591
2022-12-16 14:00:00+05:30,1058.2,1059.35,1056.8,1056.8,1351
2022-12-16 14:15:00+05:30,1057.4,1058.4,1053.8,1055.25,4938
2022-12-16 14:30:00+05:30,1055.25,1056.9,1050.1,1050.75,2442
2022-12-16 14:45:00+05:30,1050.75,1056.8,1050.45,1054.75,3616
2022-12-16 15:00:00+05:30,1054.75,1057.0,1054.1,1055.3,4147
2022-12-16 15:15:00+05:30,1055.3,1058.5,1050.8,1053.2,11092
2022-12-16 15:30:00+05:30,1054.0,1054.6,1050.0,1051.0,11110
2022-12-19 09:30:00+05:30,1054.95,1058.75,1047.8,1051.55,10035
2022-12-19 09:45:00+05:30,1050.55,1051.85,1041.0,1047.0,9520
2022-12-19 10:00:00+05:30,1047.0,1049.0,1045.65,1048.1,3141
2022-12-19 10:15:00+05:30,1048.1,1048.1,1042.8,1045.9,5630
2022-12-19 10:30:00+05:30,1045.9,1046.95,1042.0,1044.0,5107
2022-12-19 10:45:00+05:30,1044.0,1044.95,1042.15,1042.35,1752
2022-12-19 11:00:00+05:30,1043.2,1044.95,1042.55,1043.05,3625
2022-12-19 11:15:00+05:30,1043.5,1045.65,1042.0,1044.95,3182
2022-12-19 11:30:00+05:30,1044.95,1055.0,1044.6,1055.0,7521
2022-12-19 11:45:00+05:30,1055.3,1057.0,1046.25,1047.5,3951
2022-12-19 12:00:00+05:30,1047.5,1053.95,1047.0,1053.0,1897
2022-12-19 12:15:00+05:30,1053.05,1053.05,1050.0,1050.55,489
2022-12-19 12:30:00+05:30,1050.8,1051.6,1045.55,1047.25,3841
2022-12-19 12:45:00+05:30,1048.0,1048.35,1043.3,1044.7,1752
2022-12-19 13:00:00+05:30,1044.7,1045.05,1043.3,1043.8,1001
2022-12-19 13:15:00+05:30,1043.8,1045.45,1043.05,1043.6,551
2022-12-19 13:30:00+05:30,1043.6,1044.95,1042.65,1043.9,639
2022-12-19 13:45:00+05:30,1043.95,1045.95,1043.15,1044.9,888
2022-12-19 14:00:00+05:30,1044.9,1044.9,1041.0,1043.0,2764
2022-12-19 14:15:00+05:30,1042.9,1045.7,1042.5,1044.2,1480
2022-12-19 14:30:00+05:30,1044.2,1044.9,1042.0,1043.35,1600
2022-12-19 14:45:00+05:30,1043.35,1044.15,1040.25,1041.9,1608
2022-12-19 15:00:00+05:30,1041.9,1043.5,1040.1,1042.0,2043
2022-12-19 15:15:00+05:30,1042.0,1049.6,1042.0,1045.0,9741
2022-12-19 15:30:00+05:30,1045.0,1049.85,1044.5,1046.0,9054
2022-12-20 09:30:00+05:30,1049.7,1060.0,1042.4,1053.95,12406
2022-12-20 09:45:00+05:30,1054.8,1056.0,1048.1,1056.0,9141
2022-12-20 10:00:00+05:30,1056.95,1057.0,1050.15,1050.65,4120
2022-12-20 10:15:00+05:30,1050.65,1057.95,1050.0,1055.0,3292
2022-12-20 10:30:00+05:30,1055.0,1056.0,1051.25,1052.0,2296
2022-12-20 10:45:00+05:30,1052.15,1054.5,1051.4,1054.5,911
2022-12-20 11:00:00+05:30,1054.5,1054.5,1051.5,1052.55,1591
2022-12-20 11:15:00+05:30,1052.8,1052.8,1048.85,1050.0,2337
2022-12-20 11:30:00+05:30,1050.0,1050.8,1047.95,1049.15,1509
2022-12-20 11:45:00+05:30,1049.25,1050.55,1047.95,1048.15,1236
2022-12-20 12:00:00+05:30,1048.15,1048.45,1044.0,1044.1,5095
2022-12-20 12:15:00+05:30,1044.1,1048.0,1043.1,1045.05,1362
2022-12-20 12:30:00+05:30,1045.05,1049.95,1043.55,1048.95,2300
2022-12-20 12:45:00+05:30,1048.95,1050.0,1047.05,1048.85,3226
2022-12-20 13:00:00+05:30,1049.8,1050.25,1047.0,1049.75,1503
2022-12-20 13:15:00+05:30,1049.75,1050.0,1049.1,1049.1,258
2022-12-20 13:30:00+05:30,1049.1,1051.0,1049.1,1051.0,570
2022-12-20 13:45:00+05:30,1051.0,1055.6,1049.25,1053.8,5323
2022-12-20 14:00:00+05:30,1053.8,1055.0,1052.55,1054.95,2176
2022-12-20 14:15:00+05:30,1054.95,1058.0,1053.2,1054.75,5560
2022-12-20 14:30:00+05:30,1054.6,1054.6,1051.05,1053.7,2073
2022-12-20 14:45:00+05:30,1053.2,1053.7,1050.65,1052.8,546
2022-12-20 15:00:00+05:30,1052.8,1052.95,1049.1,1049.7,2358
2022-12-20 15:15:00+05:30,1050.8,1052.0,1049.1,1050.1,2246
2022-12-20 15:30:00+05:30,1055.0,1059.0,1051.6,1057.5,9309
2022-12-21 09:30:00+05:30,1058.0,1064.95,1056.05,1060.05,4559
2022-12-21 09:45:00+05:30,1060.1,1060.1,1050.4,1051.3,4121
2022-12-21 10:00:00+05:30,1051.1,1052.0,1047.6,1049.9,4429
2022-12-21 10:15:00+05:30,1049.9,1052.5,1048.8,1049.0,1527
2022-12-21 10:30:00+05:30,1048.45,1049.2,1046.0,1047.7,949
2022-12-21 10:45:00+05:30,1048.6,1049.1,1046.0,1048.05,1662
2022-12-21 11:00:00+05:30,1050.0,1051.9,1047.95,1048.1,2479
2022-12-21 11:15:00+05:30,1048.1,1052.0,1048.1,1051.95,817
2022-12-21 11:30:00+05:30,1051.95,1051.95,1049.0,1049.6,733
2022-12-21 11:45:00+05:30,1049.6,1049.95,1048.25,1048.25,515
2022-12-21 12:00:00+05:30,1048.25,1049.0,1048.25,1048.95,304
2022-12-21 12:15:00+05:30,1048.9,1049.45,1046.5,1046.9,3629
2022-12-21 12:30:00+05:30,1046.9,1046.9,1041.5,1043.15,3550
2022-12-21 12:45:00+05:30,1043.15,1043.15,1033.35,1036.05,8167
2022-12-21 13:00:00+05:30,1036.9,1037.9,1033.25,1035.1,9588
2022-12-21 13:15:00+05:30,1035.1,1037.15,1033.05,1036.0,3483
2022-12-21 13:30:00+05:30,1036.0,1036.4,1028.15,1029.75,8562
2022-12-21 13:45:00+05:30,1029.75,1034.0,1026.9,1028.7,8385
2022-12-21 14:00:00+05:30,1028.7,1028.7,1016.35,1021.0,12992
2022-12-21 14:15:00+05:30,1021.0,1031.45,1020.5,1025.0,7559
2022-12-21 14:30:00+05:30,1025.0,1042.55,1024.4,1040.65,9162
2022-12-21 14:45:00+05:30,1040.65,1041.75,1038.8,1040.0,6418
2022-12-21 15:00:00+05:30,1040.0,1041.75,1038.45,1040.0,9993
2022-12-21 15:15:00+05:30,1040.05,1043.5,1033.45,1037.7,19203
2022-12-21 15:30:00+05:30,1035.5,1039.25,1030.0,1033.65,17258
2022-12-22 09:30:00+05:30,1028.05,1041.0,1006.55,1009.75,29918
2022-12-22 09:45:00+05:30,1007.85,1010.65,1000.5,1004.15,37038
2022-12-22 10:00:00+05:30,1003.2,1022.7,1003.2,1014.1,23386
2022-12-22 10:15:00+05:30,1015.0,1015.0,1005.95,1009.85,9451
2022-12-22 10:30:00+05:30,1009.85,1009.85,997.35,999.85,24696
2022-12-22 10:45:00+05:30,1000.6,1001.2,979.05,998.7,21198
2022-12-22 11:00:00+05:30,999.4,1000.0,993.45,995.0,20133
2022-12-22 11:15:00+05:30,995.0,995.25,991.55,994.0,15884
2022-12-22 11:30:00+05:30,994.0,995.0,992.0,994.0,13584
2022-12-22 11:45:00+05:30,993.95,995.25,993.05,995.0,12166
2022-12-22 12:00:00+05:30,995.0,995.25,988.7,995.0,11266
2022-12-22 12:15:00+05:30,995.0,995.0,990.95,992.95,23052
2022-12-22 12:30:00+05:30,992.95,993.05,991.65,993.0,7451
2022-12-22 12:45:00+05:30,993.0,993.05,991.0,992.0,6738
2022-12-22 13:00:00+05:30,992.0,993.5,991.5,992.65,5864
2022-12-22 13:15:00+05:30,993.45,994.2,992.15,993.0,9141
2022-12-22 13:30:00+05:30,993.0,993.5,991.25,992.05,9711
2022-12-22 13:45:00+05:30,991.65,993.1,991.45,993.0,8500
2022-12-22 14:00:00+05:30,993.0,993.25,991.0,991.9,6757
2022-12-22 14:15:00+05:30,992.9,998.0,991.05,996.0,14441
2022-12-22 14:30:00+05:30,996.25,999.85,993.0,994.4,11962
2022-12-22 14:45:00+05:30,994.4,999.05,987.9,995.55,21244
2022-12-22 15:00:00+05:30,995.95,1016.2,992.7,1013.0,49236
2022-12-22 15:15:00+05:30,1013.0,1027.6,1012.9,1025.55,43209
2022-12-22 15:30:00+05:30,1025.55,1028.95,1020.1,1025.75,10124
2022-12-23 09:30:00+05:30,1000.0,1018.0,992.8,998.7,16335
2022-12-23 09:45:00+05:30,998.1,1004.65,997.15,1001.0,5408
2022-12-23 10:00:00+05:30,1001.05,1002.0,993.25,994.35,4856
2022-12-23 10:15:00+05:30,994.45,995.4,990.0,991.65,8510
2022-12-23 10:30:00+05:30,990.8,990.95,984.0,984.95,6858
2022-12-23 10:45:00+05:30,984.95,988.9,984.25,987.0,5189
2022-12-23 11:00:00+05:30,987.0,991.4,981.95,986.95,8703
2022-12-23 11:15:00+05:30,986.95,987.25,985.05,985.45,3029
2022-12-23 11:30:00+05:30,986.0,986.05,980.6,980.6,4834
2022-12-23 11:45:00+05:30,980.5,982.05,975.0,980.05,14170
2022-12-23 12:00:00+05:30,980.1,980.1,975.0,978.35,5080
2022-12-23 12:15:00+05:30,978.35,981.95,977.75,980.45,4234
2022-12-23 12:30:00+05:30,980.45,984.0,979.05,982.4,2958
2022-12-23 12:45:00+05:30,982.4,983.65,977.0,978.1,5723
2022-12-23 13:00:00+05:30,978.8,981.9,976.0,980.25,7185
2022-12-23 13:15:00+05:30,981.2,983.4,980.55,982.05,2428
2022-12-23 13:30:00+05:30,981.65,983.25,981.1,983.25,2273
2022-12-23 13:45:00+05:30,983.0,984.55,981.1,984.55,6310
2022-12-23 14:00:00+05:30,984.9,989.8,983.85,989.0,7017
2022-12-23 14:15:00+05:30,989.0,989.0,984.15,985.0,3755
2022-12-23 14:30:00+05:30,985.0,993.0,985.0,989.75,7137
2022-12-23 14:45:00+05:30,989.4,990.6,985.0,985.1,5120
2022-12-23 15:00:00+05:30,985.15,987.0,983.1,983.1,7350
2022-12-23 15:15:00+05:30,983.85,986.85,978.95,978.95,11355
2022-12-23 15:30:00+05:30,978.95,979.95,968.7,973.3,16606
2022-12-26 09:30:00+05:30,977.05,987.0,965.0,984.95,16839
2022-12-26 09:45:00+05:30,987.0,1003.95,982.0,1000.35,20218
2022-12-26 10:00:00+05:30,1000.35,1004.45,992.85,996.7,6863
2022-12-26 10:15:00+05:30,996.4,999.45,995.25,998.0,1618
2022-12-26 10:30:00+05:30,998.0,999.95,992.65,999.9,3415
2022-12-26 10:45:00+05:30,1000.95,1001.95,997.1,1000.2,2556
2022-12-26 11:00:00+05:30,1000.2,1001.95,999.0,999.0,1865
2022-12-26 11:15:00+05:30,999.0,1003.0,997.55,1002.0,2996
2022-12-26 11:30:00+05:30,1002.0,1005.7,1000.85,1000.85,3128
2022-12-26 11:45:00+05:30,1000.85,1005.2,1000.85,1004.6,1353
2022-12-26 12:00:00+05:30,1004.6,1004.6,1002.0,1002.95,1324
2022-12-26 12:15:00+05:30,1003.7,1009.75,1002.5,1006.4,3271
2022-12-26 12:30:00+05:30,1006.4,1006.6,1001.85,1004.25,1128
2022-12-26 12:45:00+05:30,1004.25,1004.55,1001.9,1003.1,2156
2022-12-26 13:00:00+05:30,1003.1,1004.2,1002.4,1004.0,1378
2022-12-26 13:15:00+05:30,1004.0,1005.0,1002.6,1003.0,1150
2022-12-26 13:30:00+05:30,1003.0,1004.25,1002.35,1003.75,641
2022-12-26 13:45:00+05:30,1003.75,1006.0,1003.0,1006.0,1196
2022-12-26 14:00:00+05:30,1006.0,1007.0,1002.45,1002.75,2960
2022-12-26 14:15:00+05:30,1003.7,1007.0,1003.7,1005.85,2240
2022-12-26 14:30:00+05:30,1005.85,1006.8,1004.0,1004.9,1289
2022-12-26 14:45:00+05:30,1004.9,1007.95,1004.9,1006.05,1877
2022-12-26 15:00:00+05:30,1007.0,1009.0,1004.75,1009.0,1708
2022-12-26 15:15:00+05:30,1009.0,1017.4,1009.0,1012.25,11471
2022-12-26 15:30:00+05:30,1012.25,1018.0,997.0,997.0,11259
2022-12-27 09:30:00+05:30,1019.9,1019.9,998.05,1004.0,24046
2022-12-27 09:45:00+05:30,1004.65,1007.0,996.1,1004.5,12352
2022-12-27 10:00:00+05:30,1004.0,1007.0,1002.05,1006.25,3453
2022-12-27 10:15:00+05:30,1007.0,1010.0,1004.8,1007.75,4426
2022-12-27 10:30:00+05:30,1007.75,1010.0,1006.6,1009.25,3843
2022-12-27 10:45:00+05:30,1009.35,1010.05,1007.1,1007.1,2195
2022-12-27 11:00:00+05:30,1007.1,1008.7,1006.95,1007.65,2315
2022-12-27 11:15:00+05:30,1007.65,1009.9,1007.45,1008.8,2265
2022-12-27 11:30:00+05:30,1008.8,1010.0,1000.7,1002.35,4675
2022-12-27 11:45:00+05:30,1003.15,1004.9,1002.0,1003.75,2239
2022-12-27 12:00:00+05:30,1003.75,1004.85,1002.2,1003.15,2667
2022-12-27 12:15:00+05:30,1003.85,1004.5,1002.5,1003.05,2206
2022-12-27 12:30:00+05:30,1003.05,1004.5,1002.0,1002.1,2614
2022-12-27 12:45:00+05:30,1002.1,1004.5,1002.0,1003.7,2480
2022-12-27 13:00:00+05:30,1003.7,1005.0,1003.3,1003.7,2342
2022-12-27 13:15:00+05:30,1003.7,1004.95,1002.0,1002.0,1707
2022-12-27 13:30:00+05:30,1002.0,1003.4,1000.1,1000.75,3902
2022-12-27 13:45:00+05:30,1000.75,1003.45,1000.15,1001.25,3501
2022-12-27 14:00:00+05:30,1001.25,1004.45,1001.25,1003.6,2917
2022-12-27 14:15:00+05:30,1002.9,1004.45,1002.4,1002.4,12350
2022-12-27 14:30:00+05:30,1002.4,1004.0,1002.0,1003.45,1895
2022-12-27 14:45:00+05:30,1003.45,1003.85,1001.5,1001.55,3202
2022-12-27 15:00:00+05:30,1001.55,1002.9,1001.0,1001.8,6726
2022-12-27 15:15:00+05:30,1001.8,1002.4,997.45,999.7,10242
2022-12-27 15:30:00+05:30,999.7,1000.15,991.0,999.8,17620
2022-12-28 09:30:00+05:30,998.0,998.55,985.2,988.95,7553
2022-12-28 09:45:00+05:30,988.95,991.45,986.55,988.15,7455
2022-12-28 10:00:00+05:30,988.8,992.45,987.9,991.7,4521
2022-12-28 10:15:00+05:30,992.4,994.85,991.8,994.1,1957
2022-12-28 10:30:00+05:30,994.1,995.0,992.65,992.85,2385
2022-12-28 10:45:00+05:30,993.7,996.0,993.1,995.6,2743
2022-12-28 11:00:00+05:30,995.0,997.9,994.65,996.0,4909
2022-12-28 11:15:00+05:30,996.8,996.9,995.2,995.65,3565
2022-12-28 11:30:00+05:30,995.7,996.45,993.5,993.5,3990
2022-12-28 11:45:00+05:30,993.5,994.3,990.85,993.05,3929
2022-12-28 12:00:00+05:30,993.0,994.55,990.0,990.1,4764
2022-12-28 12:15:00+05:30,990.0,992.25,990.0,990.0,6573
2022-12-28 12:30:00+05:30,990.8,991.5,990.0,990.0,2612
2022-12-28 12:45:00+05:30,990.0,993.4,990.0,990.1,3071
2022-12-28 13:00:00+05:30,990.05,991.3,985.1,986.1,18848
2022-12-28 13:15:00+05:30,986.1,987.25,985.5,985.6,2892
2022-12-28 13:30:00+05:30,986.5,987.6,985.05,985.8,3924
2022-12-28 13:45:00+05:30,987.15,987.45,985.1,985.1,3256
2022-12-28 14:00:00+05:30,985.1,991.05,985.05,986.0,6716
2022-12-28 14:15:00+05:30,986.0,987.85,984.5,985.0,4926
2022-12-28 14:30:00+05:30,985.0,987.35,984.9,987.35,3474
2022-12-28 14:45:00+05:30,987.35,988.0,986.15,987.0,2886
2022-12-28 15:00:00+05:30,987.0,987.9,985.05,985.5,2332
2022-12-28 15:15:00+05:30,985.5,988.0,984.2,984.2,8576
2022-12-28 15:30:00+05:30,984.2,987.0,982.0,986.6,10789
2022-12-29 09:30:00+05:30,985.0,993.0,982.5,993.0,8555
2022-12-29 09:45:00+05:30,993.0,995.95,988.8,989.65,6200
2022-12-29 10:00:00+05:30,989.65,993.25,988.55,993.0,2239
2022-12-29 10:15:00+05:30,993.0,993.0,990.0,990.35,781
2022-12-29 10:30:00+05:30,990.35,992.6,990.0,991.6,863
2022-12-29 10:45:00+05:30,991.6,996.0,990.6,996.0,2998
2022-12-29 11:00:00+05:30,996.0,1000.0,995.3,998.65,7226
2022-12-29 11:15:00+05:30,998.65,1006.95,998.4,1004.35,14803
2022-12-29 11:30:00+05:30,1004.35,1006.0,998.9,1004.0,13645
2022-12-29 11:45:00+05:30,1004.0,1005.45,1003.25,1003.25,2942
2022-12-29 12:00:00+05:30,1003.25,1009.5,1003.25,1004.0,7727
2022-12-29 12:15:00+05:30,1004.0,1004.5,1000.0,1002.75,5653
2022-12-29 12:30:00+05:30,1002.75,1004.2,1001.0,1001.0,1032
2022-12-29 12:45:00+05:30,1001.0,1002.8,997.05,998.0,6489
2022-12-29 13:00:00+05:30,998.0,998.0,992.0,992.0,3433
2022-12-29 13:15:00+05:30,992.0,994.5,988.0,989.95,9475
2022-12-29 13:30:00+05:30,989.95,991.5,989.1,990.0,2551
2022-12-29 13:45:00+05:30,990.0,990.05,989.0,989.0,2852
2022-12-29 14:00:00+05:30,989.0,989.9,986.0,988.75,2285
2022-12-29 14:15:00+05:30,989.95,990.0,988.15,989.2,1445
2022-12-29 14:30:00+05:30,989.2,990.0,989.2,990.0,850
2022-12-29 14:45:00+05:30,989.45,990.0,987.8,988.35,4529
2022-12-29 15:00:00+05:30,988.7,988.95,984.8,984.8,12872
2022-12-29 15:15:00+05:30,984.0,987.4,982.0,982.7,10182
2022-12-29 15:30:00+05:30,982.2,986.95,982.1,984.0,9639
2022-12-30 09:30:00+05:30,996.65,1010.0,994.65,1008.9,19212
2022-12-30 09:45:00+05:30,1008.9,1017.55,1008.9,1016.0,36012
2022-12-30 10:00:00+05:30,1016.0,1022.5,1012.3,1019.0,23027
2022-12-30 10:15:00+05:30,1019.45,1025.0,1017.65,1020.65,20510
2022-12-30 10:30:00+05:30,1020.6,1021.0,1004.1,1007.15,29852
2022-12-30 10:45:00+05:30,1007.95,1012.0,1006.0,1011.25,12511
2022-12-30 11:00:00+05:30,1012.0,1013.6,1008.6,1011.55,11878
2022-12-30 11:15:00+05:30,1011.4,1016.9,1011.4,1015.95,6920
2022-12-30 11:30:00+05:30,1015.95,1017.7,1015.0,1016.0,6401
2022-12-30 11:45:00+05:30,1016.0,1016.95,1010.6,1015.1,7993
2022-12-30 12:00:00+05:30,1015.1,1016.95,1011.15,1011.15,6176
2022-12-30 12:15:00+05:30,1011.45,1015.05,1010.15,1013.15,10009
2022-12-30 12:30:00+05:30,1013.15,1016.0,1013.15,1013.85,5292
2022-12-30 12:45:00+05:30,1013.45,1015.95,1011.0,1015.45,13103
2022-12-30 13:00:00+05:30,1015.45,1016.5,1011.1,1014.1,16104
2022-12-30 13:15:00+05:30,1013.45,1014.85,1011.0,1013.05,6865
2022-12-30 13:30:00+05:30,1012.45,1015.25,1011.3,1015.25,4797
2022-12-30 13:45:00+05:30,1015.25,1017.0,1012.35,1013.4,7096
2022-12-30 14:00:00+05:30,1013.4,1015.0,1011.2,1011.7,6165
2022-12-30 14:15:00+05:30,1011.85,1014.35,1003.0,1008.05,24682
2022-12-30 14:30:00+05:30,1008.05,1010.25,1003.6,1003.6,16117
2022-12-30 14:45:00+05:30,1003.0,1004.95,994.15,1002.5,24071
2022-12-30 15:00:00+05:30,1003.0,1003.9,1001.2,1003.9,8756
2022-12-30 15:15:00+05:30,1003.85,1016.8,1000.1,1014.95,95537
2022-12-30 15:30:00+05:30,1014.95,1020.6,1013.45,1014.05,62727
2023-01-02 09:30:00+05:30,1024.0,1030.15,1018.05,1019.95,27294
2023-01-02 09:45:00+05:30,1020.75,1023.2,1017.0,1021.7,6936
2023-01-02 10:00:00+05:30,1023.2,1029.8,1021.25,1028.1,7886
2023-01-02 10:15:00+05:30,1028.3,1029.55,1027.55,1028.25,8137
2023-01-02 10:30:00+05:30,1028.1,1028.95,1027.65,1028.1,3005
2023-01-02 10:45:00+05:30,1028.1,1032.85,1028.0,1031.0,6956
2023-01-02 11:00:00+05:30,1031.5,1032.4,1028.0,1028.05,4046
2023-01-02 11:15:00+05:30,1028.95,1029.0,1027.5,1028.65,2156
2023-01-02 11:30:00+05:30,1029.0,1029.75,1028.1,1029.3,1846
2023-01-02 11:45:00+05:30,1029.45,1030.85,1028.1,1029.55,2609
2023-01-02 12:00:00+05:30,1029.55,1029.55,1028.2,1028.25,748
2023-01-02 12:15:00+05:30,1028.95,1034.0,1028.1,1030.85,5367
2023-01-02 12:30:00+05:30,1030.05,1031.75,1025.8,1026.35,3353
2023-01-02 12:45:00+05:30,1026.35,1027.6,1025.0,1025.95,1702
2023-01-02 13:00:00+05:30,1025.95,1026.2,1022.05,1023.0,2602
2023-01-02 13:15:00+05:30,1023.0,1024.95,1023.0,1024.65,683
2023-01-02 13:30:00+05:30,1024.65,1025.05,1023.55,1024.95,718
2023-01-02 13:45:00+05:30,1025.0,1026.7,1024.0,1024.75,1310
2023-01-02 14:00:00+05:30,1024.75,1024.75,1020.05,1021.55,3029
2023-01-02 14:15:00+05:30,1021.55,1022.7,1020.35,1022.05,1868
2023-01-02 14:30:00+05:30,1022.05,1023.6,1018.65,1022.05,11375
2023-01-02 14:45:00+05:30,1022.05,1031.45,1022.05,1028.5,7304
2023-01-02 15:00:00+05:30,1028.5,1032.85,1026.2,1026.2,5963
2023-01-02 15:15:00+05:30,1027.3,1029.0,1019.1,1026.4,8094
2023-01-02 15:30:00+05:30,1026.35,1029.7,1023.1,1028.0,6566
2023-01-03 09:30:00+05:30,1030.45,1032.75,1021.05,1024.25,8352
2023-01-03 09:45:00+05:30,1024.65,1041.95,1023.5,1035.35,27761
2023-01-03 10:00:00+05:30,1035.1,1035.35,1025.0,1028.25,15646
2023-01-03 10:15:00+05:30,1028.55,1047.75,1028.55,1038.5,24983
2023-01-03 10:30:00+05:30,1038.05,1038.5,1033.65,1035.9,8462
2023-01-03 10:45:00+05:30,1035.9,1037.7,1034.0,1034.05,8571
2023-01-03 11:00:00+05:30,1034.05,1034.9,1030.0,1032.0,5272
2023-01-03 11:15:00+05:30,1032.0,1033.35,1030.0,1030.55,6689
2023-01-03 11:30:00+05:30,1031.05,1035.9,1030.6,1035.15,3893
2023-01-03 11:45:00+05:30,1035.95,1044.95,1035.95,1037.5,17652
2023-01-03 12:00:00+05:30,1038.05,1038.85,1031.1,1031.2,6969
2023-01-03 12:15:00+05:30,1031.2,1034.6,1031.2,1032.8,3232
2023-01-03 12:30:00+05:30,1032.8,1038.05,1032.0,1037.25,5960
2023-01-03 12:45:00+05:30,1038.45,1040.1,1034.25,1036.0,6756
2023-01-03 13:00:00+05:30,1036.0,1036.9,1035.0,1035.5,2576
2023-01-03 13:15:00+05:30,1035.5,1036.8,1035.0,1036.05,2204
2023-01-03 13:30:00+05:30,1036.05,1039.2,1036.0,1038.3,3973
2023-01-03 13:45:00+05:30,1038.3,1040.2,1035.05,1036.05,14032
2023-01-03 14:00:00+05:30,1036.8,1040.8,1036.55,1039.0,5359
2023-01-03 14:15:00+05:30,1039.0,1042.9,1037.5,1040.0,7734
2023-01-03 14:30:00+05:30,1040.55,1046.0,1040.0,1043.55,7796
2023-01-03 14:45:00+05:30,1043.55,1046.0,1041.0,1041.0,8992
2023-01-03 15:00:00+05:30,1041.0,1044.15,1040.0,1043.5,4505
2023-01-03 15:15:00+05:30,1043.5,1044.2,1042.0,1042.1,5187
2023-01-03 15:30:00+05:30,1042.1,1046.0,1038.0,1040.0,12264
2023-01-04 09:30:00+05:30,1040.05,1040.05,1026.35,1028.0,12101
2023-01-04 09:45:00+05:30,1028.2,1029.1,1022.75,1023.0,14247
2023-01-04 10:00:00+05:30,1023.05,1034.65,1023.0,1028.95,5981
2023-01-04 10:15:00+05:30,1028.7,1036.0,1027.65,1036.0,8168
2023-01-04 10:30:00+05:30,1034.8,1044.95,1033.9,1039.5,13456
2023-01-04 10:45:00+05:30,1039.5,1040.9,1035.2,1035.25,3921
2023-01-04 11:00:00+05:30,1035.25,1039.0,1034.0,1037.05,3897
2023-01-04 11:15:00+05:30,1037.05,1037.8,1034.3,1036.55,3494
2023-01-04 11:30:00+05:30,1036.55,1039.85,1036.55,1036.55,2471
2023-01-04 11:45:00+05:30,1036.55,1036.95,1035.0,1035.0,1642
2023-01-04 12:00:00+05:30,1035.0,1038.35,1035.0,1036.0,3059
2023-01-04 12:15:00+05:30,1036.55,1036.55,1033.55,1034.0,2953
2023-01-04 12:30:00+05:30,1034.0,1037.85,1033.95,1036.5,3427
2023-01-04 12:45:00+05:30,1036.5,1037.0,1034.3,1034.9,2285
2023-01-04 13:00:00+05:30,1034.85,1039.0,1034.3,1037.65,2675
2023-01-04 13:15:00+05:30,1037.65,1041.8,1036.95,1039.05,5303
2023-01-04 13:30:00+05:30,1039.05,1042.0,1039.0,1039.6,3607
2023-01-04 13:45:00+05:30,1039.6,1041.0,1039.0,1040.5,2078
2023-01-04 14:00:00+05:30,1039.95,1043.3,1039.9,1042.25,6192
2023-01-04 14:15:00+05:30,1042.85,1047.0,1042.75,1046.0,13261
2023-01-04 14:30:00+05:30,1046.0,1046.95,1040.8,1040.95,8366
2023-01-04 14:45:00+05:30,1040.95,1044.85,1040.95,1042.95,4359
2023-01-04 15:00:00+05:30,1042.2,1052.65,1042.0,1050.45,17047
2023-01-04 15:15:00+05:30,1050.9,1050.9,1046.5,1046.9,13642
2023-01-04 15:30:00+05:30,1047.5,1050.0,1046.75,1048.9,13730
2023-01-05 09:30:00+05:30,1050.0,1055.7,1045.0,1050.7,7483
2023-01-05 09:45:00+05:30,1050.7,1053.4,1044.0,1044.0,6598
2023-01-05 10:00:00+05:30,1044.0,1045.35,1037.0,1038.0,7643
2023-01-05 10:15:00+05:30,1038.0,1038.7,1032.2,1038.3,9318
2023-01-05 10:30:00+05:30,1038.25,1038.75,1034.0,1034.45,3448
2023-01-05 10:45:00+05:30,1034.45,1034.85,1031.05,1033.15,2858
2023-01-05 11:00:00+05:30,1032.35,1033.7,1026.35,1027.95,5681
2023-01-05 11:15:00+05:30,1028.0,1028.0,1027.0,1027.15,1258
2023-01-05 11:30:00+05:30,1027.15,1028.0,1026.0,1026.95,1418
2023-01-05 11:45:00+05:30,1026.95,1027.0,1025.05,1027.0,2332
2023-01-05 12:00:00+05:30,1027.0,1027.0,1025.55,1027.0,1881
2023-01-05 12:15:00+05:30,1027.0,1027.0,1025.5,1026.9,1040
2023-01-05 12:30:00+05:30,1026.9,1027.0,1026.0,1027.0,1939
2023-01-05 12:45:00+05:30,1027.0,1027.0,1021.75,1024.4,5746
2023-01-05 13:00:00+05:30,1024.4,1025.0,1021.5,1023.5,3595
2023-01-05 13:15:00+05:30,1023.85,1024.85,1022.45,1023.1,679
2023-01-05 13:30:00+05:30,1023.1,1027.4,1017.0,1017.9,6987
2023-01-05 13:45:00+05:30,1017.9,1019.95,1017.0,1019.1,3583
2023-01-05 14:00:00+05:30,1019.1,1019.5,1016.1,1018.0,4619
2023-01-05 14:15:00+05:30,1017.05,1018.45,1016.0,1017.85,3937
2023-01-05 14:30:00+05:30,1017.95,1017.95,1013.3,1015.6,6421
2023-01-05 14:45:00+05:30,1015.0,1015.5,1008.15,1008.8,11318
2023-01-05 15:00:00+05:30,1009.05,1014.9,1008.15,1012.15,9242
2023-01-05 15:15:00+05:30,1012.15,1018.5,1010.55,1012.95,13307
2023-01-05 15:30:00+05:30,1012.95,1016.3,1009.7,1014.95,21377
2023-01-06 09:30:00+05:30,1014.9,1030.6,1014.85,1022.25,27734
2023-01-06 09:45:00+05:30,1022.85,1029.75,1021.3,1028.35,8610
2023-01-06 10:00:00+05:30,1028.35,1028.6,1025.0,1025.7,5395
2023-01-06 10:15:00+05:30,1025.05,1026.0,1021.65,1024.35,29388
2023-01-06 10:30:00+05:30,1024.35,1027.0,1023.45,1026.25,2278
2023-01-06 10:45:00+05:30,1026.25,1028.0,1025.55,1027.5,1613
2023-01-06 11:00:00+05:30,1027.5,1033.65,1027.45,1033.65,10390
2023-01-06 11:15:00+05:30,1032.6,1046.0,1032.4,1045.05,73202
2023-01-06 11:30:00+05:30,1045.05,1052.8,1045.0,1050.9,78909
2023-01-06 11:45:00+05:30,1051.0,1062.0,1050.0,1060.8,71815
2023-01-06 12:00:00+05:30,1064.4,1065.65,1057.5,1061.0,46503
2023-01-06 12:15:00+05:30,1062.0,1063.5,1059.0,1060.5,25089
2023-01-06 12:30:00+05:30,1060.5,1062.0,1059.0,1062.0,17024
2023-01-06 12:45:00+05:30,1060.75,1064.0,1059.5,1062.95,19359
2023-01-06 13:00:00+05:30,1063.95,1068.65,1060.1,1061.2,56025
2023-01-06 13:15:00+05:30,1061.2,1063.1,1055.0,1060.0,51447
2023-01-06 13:30:00+05:30,1060.45,1064.05,1059.0,1062.45,14265
2023-01-06 13:45:00+05:30,1062.45,1063.6,1060.0,1060.65,9926
2023-01-06 14:00:00+05:30,1060.7,1071.0,1060.65,1065.0,50819
2023-01-06 14:15:00+05:30,1065.0,1065.35,1060.0,1060.45,18334
2023-01-06 14:30:00+05:30,1060.0,1065.95,1060.0,1061.85,21625
2023-01-06 14:45:00+05:30,1061.85,1063.0,1060.0,1060.0,22533
2023-01-06 15:00:00+05:30,1060.0,1065.0,1059.0,1061.2,24262
2023-01-06 15:15:00+05:30,1061.8,1069.85,1060.25,1069.0,36656
2023-01-06 15:30:00+05:30,1069.0,1084.8,1065.0,1068.0,88155
2023-01-09 09:30:00+05:30,1065.0,1067.55,1055.0,1056.35,19648
2023-01-09 09:45:00+05:30,1056.3,1061.25,1055.05,1057.6,10991
2023-01-09 10:00:00+05:30,1057.55,1060.5,1057.0,1058.7,5509
2023-01-09 10:15:00+05:30,1059.2,1059.65,1055.6,1055.65,3858
2023-01-09 10:30:00+05:30,1055.65,1056.45,1050.0,1052.1,7700
2023-01-09 10:45:00+05:30,1052.0,1061.0,1052.0,1058.55,7634
2023-01-09 11:00:00+05:30,1058.55,1059.0,1055.05,1056.6,3040
2023-01-09 11:15:00+05:30,1056.65,1057.15,1054.5,1055.95,808
2023-01-09 11:30:00+05:30,1055.95,1056.75,1054.05,1056.2,3716
2023-01-09 11:45:00+05:30,1056.2,1056.65,1054.0,1056.65,2171
2023-01-09 12:00:00+05:30,1056.55,1056.55,1051.0,1052.65,3641
2023-01-09 12:15:00+05:30,1053.05,1054.7,1050.55,1054.15,2006
2023-01-09 12:30:00+05:30,1054.15,1058.0,1053.45,1055.55,3416
2023-01-09 12:45:00+05:30,1055.55,1056.5,1055.05,1056.5,957
2023-01-09 13:00:00+05:30,1056.3,1059.75,1055.4,1057.7,7745
2023-01-09 13:15:00+05:30,1061.95,1063.8,1060.05,1063.0,7566
2023-01-09 13:30:00+05:30,1062.2,1070.1,1061.0,1061.1,13433
2023-01-09 13:45:00+05:30,1061.1,1062.25,1056.45,1057.45,4543
2023-01-09 14:00:00+05:30,1057.45,1059.15,1055.0,1059.15,9152
2023-01-09 14:15:00+05:30,1059.15,1061.5,1057.35,1060.15,2401
2023-01-09 14:30:00+05:30,1060.5,1061.55,1059.1,1059.15,2157
2023-01-09 14:45:00+05:30,1059.15,1061.9,1059.15,1060.4,1641
2023-01-09 15:00:00+05:30,1061.1,1063.8,1059.15,1060.0,6611
2023-01-09 15:15:00+05:30,1061.1,1070.0,1061.1,1067.35,12127
2023-01-09 15:30:00+05:30,1067.95,1068.95,1060.1,1064.0,9853
2023-01-10 09:30:00+05:30,1065.0,1066.7,1052.0,1065.5,14117
2023-01-10 09:45:00+05:30,1066.75,1073.95,1063.0,1069.6,13866
2023-01-10 10:00:00+05:30,1069.6,1069.6,1061.9,1063.0,3098
2023-01-10 10:15:00+05:30,1063.0,1063.0,1060.25,1062.0,2061
2023-01-10 10:30:00+05:30,1062.0,1063.35,1060.1,1061.55,1937
2023-01-10 10:45:00+05:30,1061.55,1062.4,1060.1,1061.75,724
2023-01-10 11:00:00+05:30,1061.75,1062.7,1060.3,1060.5,2152
2023-01-10 11:15:00+05:30,1060.5,1061.15,1056.4,1057.8,1968
2023-01-10 11:30:00+05:30,1057.8,1058.45,1056.0,1056.75,1901
2023-01-10 11:45:00+05:30,1056.75,1060.0,1055.75,1056.7,2651
2023-01-10 12:00:00+05:30,1056.7,1059.95,1056.7,1059.9,925
2023-01-10 12:15:00+05:30,1059.9,1059.9,1057.85,1058.85,1980
2023-01-10 12:30:00+05:30,1058.85,1062.95,1057.85,1062.05,877
2023-01-10 12:45:00+05:30,1063.8,1067.0,1058.85,1059.0,3978
2023-01-10 13:00:00+05:30,1059.0,1062.1,1058.65,1059.0,1095
2023-01-10 13:15:00+05:30,1059.0,1063.95,1057.75,1062.65,3091
2023-01-10 13:30:00+05:30,1062.65,1062.65,1059.95,1062.6,2701
2023-01-10 13:45:00+05:30,1062.6,1062.6,1058.55,1060.0,3448
2023-01-10 14:00:00+05:30,1060.0,1072.0,1059.0,1071.65,16287
2023-01-10 14:15:00+05:30,1071.8,1071.8,1068.45,1070.2,9439
2023-01-10 14:30:00+05:30,1070.2,1071.0,1069.15,1070.6,4737
2023-01-10 14:45:00+05:30,1070.6,1079.35,1070.0,1076.95,19535
2023-01-10 15:00:00+05:30,1076.95,1079.75,1072.1,1073.0,6627
2023-01-10 15:15:00+05:30,1073.7,1078.4,1072.0,1073.3,11568
2023-01-10 15:30:00+05:30,1073.9,1075.95,1071.4,1075.95,13800
2023-01-11 09:30:00+05:30,1079.0,1079.0,1068.0,1070.05,14819
2023-01-11 09:45:00+05:30,1070.05,1071.85,1066.4,1069.8,3788
2023-01-11 10:00:00+05:30,1069.8,1071.75,1068.85,1069.45,2207
2023-01-11 10:15:00+05:30,1068.75,1069.85,1067.0,1068.6,2466
2023-01-11 10:30:00+05:30,1068.6,1068.9,1067.5,1068.0,1135
2023-01-11 10:45:00+05:30,1068.0,1069.05,1067.65,1068.65,860
2023-01-11 11:00:00+05:30,1068.65,1068.65,1065.0,1067.05,4636
2023-01-11 11:15:00+05:30,1066.2,1072.0,1066.0,1071.5,12372
2023-01-11 11:30:00+05:30,1070.8,1074.0,1070.0,1070.35,2383
2023-01-11 11:45:00+05:30,1070.35,1072.0,1070.0,1071.35,1302
2023-01-11 12:00:00+05:30,1071.35,1072.95,1070.65,1071.25,1354
2023-01-11 12:15:00+05:30,1071.25,1073.0,1070.3,1071.25,1044
2023-01-11 12:30:00+05:30,1071.25,1072.55,1071.1,1071.1,626
2023-01-11 12:45:00+05:30,1071.55,1073.0,1071.1,1071.35,2514
2023-01-11 13:00:00+05:30,1071.35,1072.85,1071.35,1071.8,1127
2023-01-11 13:15:00+05:30,1071.8,1072.95,1071.45,1072.85,293
2023-01-11 13:30:00+05:30,1072.85,1074.5,1071.0,1071.0,1540
2023-01-11 13:45:00+05:30,1071.0,1073.7,1071.0,1073.15,1935
2023-01-11 14:00:00+05:30,1073.15,1073.5,1070.8,1072.65,1011
2023-01-11 14:15:00+05:30,1072.65,1073.9,1072.0,1072.9,1003
2023-01-11 14:30:00+05:30,1072.9,1073.5,1071.7,1072.0,2040
2023-01-11 14:45:00+05:30,1072.0,1074.0,1072.0,1073.0,1060
2023-01-11 15:00:00+05:30,1072.7,1073.75,1070.1,1070.1,2358
2023-01-11 15:15:00+05:30,1070.1,1073.0,1070.0,1072.0,9213
2023-01-11 15:30:00+05:30,1072.0,1074.0,1070.05,1074.0,10430
2023-01-12 09:30:00+05:30,1075.0,1075.0,1066.55,1073.75,3977
2023-01-12 09:45:00+05:30,1073.75,1075.0,1071.0,1071.9,3475
2023-01-12 10:00:00+05:30,1071.9,1074.0,1066.7,1068.95,68023
2023-01-12 10:15:00+05:30,1068.35,1069.1,1058.15,1059.0,7186
2023-01-12 10:30:00+05:30,1059.0,1060.95,1055.45,1060.95,3887
2023-01-12 10:45:00+05:30,1060.95,1062.3,1057.55,1061.5,4159
2023-01-12 11:00:00+05:30,1061.55,1064.0,1059.0,1063.2,4462
2023-01-12 11:15:00+05:30,1063.2,1065.95,1061.55,1062.5,2264
2023-01-12 11:30:00+05:30,1062.5,1068.0,1062.05,1068.0,1963
2023-01-12 11:45:00+05:30,1068.0,1072.0,1066.8,1067.05,3060
2023-01-12 12:00:00+05:30,1067.05,1069.0,1065.65,1067.35,1886
2023-01-12 12:15:00+05:30,1067.35,1070.3,1066.2,1069.4,2801
2023-01-12 12:30:00+05:30,1069.4,1071.0,1068.0,1069.05,1582
2023-01-12 12:45:00+05:30,1069.05,1071.0,1066.0,1068.0,1555
2023-01-12 13:00:00+05:30,1068.0,1068.95,1066.0,1067.0,2124
2023-01-12 13:15:00+05:30,1067.0,1069.0,1067.0,1068.0,875
2023-01-12 13:30:00+05:30,1068.0,1068.5,1066.0,1066.4,1981
2023-01-12 13:45:00+05:30,1066.4,1069.7,1064.75,1069.4,2753
2023-01-12 14:00:00+05:30,1069.4,1071.3,1067.0,1071.3,1494
2023-01-12 14:15:00+05:30,1071.3,1071.45,1068.45,1069.4,1282
2023-01-12 14:30:00+05:30,1069.4,1072.0,1069.2,1070.1,3784
2023-01-12 14:45:00+05:30,1070.1,1070.9,1067.65,1068.45,839
2023-01-12 15:00:00+05:30,1068.45,1069.1,1065.8,1066.2,1816
2023-01-12 15:15:00+05:30,1066.15,1069.1,1065.55,1066.0,1957
2023-01-12 15:30:00+05:30,1066.15,1069.0,1061.8,1062.0,5613
2023-01-13 09:30:00+05:30,1060.0,1071.0,1060.0,1068.0,6330
2023-01-13 09:45:00+05:30,1068.0,1071.25,1067.15,1068.3,2568
2023-01-13 10:00:00+05:30,1068.3,1072.0,1068.3,1070.5,5411
2023-01-13 10:15:00+05:30,1070.5,1072.0,1069.65,1071.3,3165
2023-01-13 10:30:00+05:30,1071.8,1072.0,1070.0,1070.1,2159
2023-01-13 10:45:00+05:30,1070.1,1071.0,1069.4,1069.4,950
2023-01-13 11:00:00+05:30,1069.4,1069.4,1063.0,1063.35,3018
2023-01-13 11:15:00+05:30,1063.35,1066.35,1063.35,1066.35,860
2023-01-13 11:30:00+05:30,1066.35,1067.7,1065.0,1066.7,535
2023-01-13 11:45:00+05:30,1066.7,1068.9,1064.85,1067.55,1735
2023-01-13 12:00:00+05:30,1067.55,1069.0,1066.9,1069.0,869
2023-01-13 12:15:00+05:30,1069.0,1069.05,1066.55,1068.1,210
2023-01-13 12:30:00+05:30,1068.1,1068.95,1067.0,1067.0,560
2023-01-13 12:45:00+05:30,1066.95,1074.45,1066.85,1072.65,17616
2023-01-13 13:00:00+05:30,1072.65,1074.45,1070.55,1072.9,2502
2023-01-13 13:15:00+05:30,1072.9,1084.0,1071.85,1083.8,14729
2023-01-13 13:30:00+05:30,1083.05,1083.95,1080.25,1080.5,1419
2023-01-13 13:45:00+05:30,1081.45,1087.0,1080.25,1085.95,5006
2023-01-13 14:00:00+05:30,1085.95,1085.95,1079.9,1080.4,7623
2023-01-13 14:15:00+05:30,1080.4,1080.95,1076.95,1078.45,2032
2023-01-13 14:30:00+05:30,1078.45,1078.5,1074.8,1076.95,2234
2023-01-13 14:45:00+05:30,1076.95,1076.95,1073.45,1073.7,2662
2023-01-13 15:00:00+05:30,1073.7,1074.6,1072.25,1074.5,1647
2023-01-13 15:15:00+05:30,1074.5,1075.65,1071.0,1071.95,4898
2023-01-13 15:30:00+05:30,1071.95,1071.95,1064.0,1067.95,9769
2023-01-16 09:30:00+05:30,1070.0,1076.9,1065.05,1075.05,9858
2023-01-16 09:45:00+05:30,1076.3,1076.9,1070.0,1074.4,2860
2023-01-16 10:00:00+05:30,1074.4,1082.0,1072.15,1081.3,6724
2023-01-16 10:15:00+05:30,1080.55,1082.45,1076.55,1078.1,7880
2023-01-16 10:30:00+05:30,1078.1,1078.45,1076.3,1077.65,1563
2023-01-16 10:45:00+05:30,1077.8,1077.9,1076.2,1077.85,868
2023-01-16 11:00:00+05:30,1077.85,1077.9,1076.1,1076.1,489
2023-01-16 11:15:00+05:30,1076.1,1076.95,1071.0,1071.0,2399
2023-01-16 11:30:00+05:30,1071.0,1072.3,1070.0,1071.0,1816
2023-01-16 11:45:00+05:30,1071.0,1072.7,1070.35,1070.6,322
2023-01-16 12:00:00+05:30,1070.6,1072.75,1069.55,1069.55,92668
2023-01-16 12:15:00+05:30,1069.55,1072.45,1069.5,1070.0,1419
2023-01-16 12:30:00+05:30,1070.0,1072.2,1070.0,1070.6,674
2023-01-16 12:45:00+05:30,1070.6,1073.95,1068.85,1069.95,423290
2023-01-16 13:00:00+05:30,1069.95,1071.0,1067.0,1070.0,1942
2023-01-16 13:15:00+05:30,1070.0,1076.9,1070.0,1075.4,2162
2023-01-16 13:30:00+05:30,1075.45,1076.4,1071.0,1071.85,4313
2023-01-16 13:45:00+05:30,1071.85,1072.8,1069.9,1070.95,3462
2023-01-16 14:00:00+05:30,1070.95,1073.95,1070.0,1073.95,2017
2023-01-16 14:15:00+05:30,1073.5,1074.85,1072.05,1074.1,1239
2023-01-16 14:30:00+05:30,1074.1,1074.8,1071.4,1073.0,2050
2023-01-16 14:45:00+05:30,1073.0,1073.0,1070.0,1071.3,492
2023-01-16 15:00:00+05:30,1071.3,1072.55,1069.85,1070.6,1418
2023-01-16 15:15:00+05:30,1071.95,1071.95,1067.4,1068.75,4937
2023-01-16 15:30:00+05:30,1068.75,1070.9,1065.0,1065.0,18633
2023-01-17 09:30:00+05:30,1070.4,1074.95,1068.45,1070.35,3756
2023-01-17 09:45:00+05:30,1070.35,1072.4,1070.0,1071.2,886
2023-01-17 10:00:00+05:30,1071.3,1084.45,1070.45,1081.8,14988
2023-01-17 10:15:00+05:30,1081.2,1108.5,1081.2,1093.85,50491
2023-01-17 10:30:00+05:30,1093.85,1102.5,1093.0,1100.5,22904
2023-01-17 10:45:00+05:30,1100.0,1100.0,1094.05,1098.55,7200
2023-01-17 11:00:00+05:30,1099.6,1109.9,1099.6,1107.0,27442
2023-01-17 11:15:00+05:30,1107.4,1114.05,1104.05,1109.9,36616
2023-01-17 11:30:00+05:30,1109.9,1111.0,1102.1,1103.0,20302
2023-01-17 11:45:00+05:30,1103.0,1112.95,1102.0,1112.0,19369
2023-01-17 12:00:00+05:30,1112.0,1115.95,1107.2,1107.75,121671
2023-01-17 12:15:00+05:30,1108.0,1108.5,1104.0,1105.15,9604
2023-01-17 12:30:00+05:30,1105.65,1106.5,1102.15,1103.2,7708
2023-01-17 12:45:00+05:30,1103.2,1103.65,1100.0,1102.4,6266
2023-01-17 13:00:00+05:30,1102.4,1105.8,1101.15,1102.1,7512
2023-01-17 13:15:00+05:30,1101.25,1106.95,1101.0,1104.7,8615
2023-01-17 13:30:00+05:30,1104.7,1106.25,1103.0,1105.45,6246
2023-01-17 13:45:00+05:30,1105.3,1107.25,1104.0,1105.0,6809
2023-01-17 14:00:00+05:30,1105.0,1106.25,1104.0,1104.6,4388
2023-01-17 14:15:00+05:30,1104.05,1104.55,1101.05,1101.75,9581
2023-01-17 14:30:00+05:30,1102.05,1106.8,1100.2,1101.2,17453
2023-01-17 14:45:00+05:30,1102.0,1104.95,1101.0,1104.15,4424
2023-01-17 15:00:00+05:30,1104.15,1104.95,1101.55,1103.75,5224
2023-01-17 15:15:00+05:30,1104.0,1107.6,1100.8,1102.0,25603
2023-01-17 15:30:00+05:30,1102.0,1102.05,1089.55,1095.8,25269
2023-01-18 09:30:00+05:30,1093.0,1111.15,1090.05,1110.85,19794
2023-01-18 09:45:00+05:30,1110.9,1117.8,1108.4,1115.8,16349
2023-01-18 10:00:00+05:30,1115.75,1116.0,1112.1,1114.85,8485
2023-01-18 10:15:00+05:30,1115.55,1116.0,1113.6,1115.0,4557
2023-01-18 10:30:00+05:30,1115.0,1115.0,1108.95,1113.2,7341
2023-01-18 10:45:00+05:30,1113.2,1115.5,1112.0,1115.4,6492
2023-01-18 11:00:00+05:30,1115.4,1115.4,1106.9,1108.7,6753
2023-01-18 11:15:00+05:30,1107.35,1108.6,1085.05,1086.8,28533
2023-01-18 11:30:00+05:30,1086.8,1091.95,1069.0,1090.0,35523
2023-01-18 11:45:00+05:30,1090.0,1098.0,1086.8,1087.6,14712
2023-01-18 12:00:00+05:30,1087.6,1095.5,1087.0,1095.5,10870
2023-01-18 12:15:00+05:30,1095.5,1097.0,1093.3,1096.15,4346
2023-01-18 12:30:00+05:30,1096.15,1096.95,1092.55,1094.2,2471
2023-01-18 12:45:00+05:30,1094.2,1094.45,1089.0,1089.2,3986
2023-01-18 13:00:00+05:30,1089.2,1090.0,1085.05,1085.6,3765
2023-01-18 13:15:00+05:30,1085.6,1086.4,1080.65,1081.75,6370
2023-01-18 13:30:00+05:30,1081.75,1086.8,1081.75,1086.0,1858
2023-01-18 13:45:00+05:30,1086.0,1089.05,1085.0,1085.0,3565
2023-01-18 14:00:00+05:30,1085.0,1085.75,1082.0,1083.75,1724
2023-01-18 14:15:00+05:30,1083.75,1084.75,1076.3,1080.0,8175
2023-01-18 14:30:00+05:30,1080.0,1080.0,1071.0,1073.25,226340
2023-01-18 14:45:00+05:30,1072.8,1075.5,1072.0,1073.0,5764
2023-01-18 15:00:00+05:30,1072.5,1075.0,1072.0,1072.7,10123
2023-01-18 15:15:00+05:30,1073.05,1073.35,1071.0,1071.05,8394
2023-01-18 15:30:00+05:30,1071.0,1071.95,1065.0,1071.45,19244
2023-01-19 09:30:00+05:30,1068.0,1074.45,1065.0,1068.0,8660
2023-01-19 09:45:00+05:30,1067.75,1077.95,1067.05,1070.55,6231
2023-01-19 10:00:00+05:30,1070.55,1072.05,1068.0,1072.05,3752
2023-01-19 10:15:00+05:30,1070.8,1072.0,1068.0,1069.4,1062
2023-01-19 10:30:00+05:30,1069.4,1074.0,1069.4,1073.55,1744
2023-01-19 10:45:00+05:30,1073.55,1075.95,1071.35,1072.05,2596
2023-01-19 11:00:00+05:30,1072.05,1075.0,1072.05,1074.15,2030
2023-01-19 11:15:00+05:30,1074.15,1074.9,1073.1,1074.65,530
2023-01-19 11:30:00+05:30,1074.65,1074.65,1073.0,1073.05,662
2023-01-19 11:45:00+05:30,1073.05,1074.0,1071.85,1073.95,709
2023-01-19 12:00:00+05:30,1073.1,1073.95,1072.0,1073.75,525
2023-01-19 12:15:00+05:30,1073.75,1073.8,1071.4,1071.65,1548
2023-01-19 12:30:00+05:30,1071.65,1073.0,1070.6,1071.0,484
2023-01-19 12:45:00+05:30,1071.0,1072.55,1070.65,1072.55,271
2023-01-19 13:00:00+05:30,1072.55,1072.9,1071.55,1071.8,560
2023-01-19 13:15:00+05:30,1071.8,1073.65,1071.45,1072.15,570
2023-01-19 13:30:00+05:30,1072.15,1072.15,1068.0,1068.0,1018
2023-01-19 13:45:00+05:30,1068.0,1069.45,1067.5,1068.25,575
2023-01-19 14:00:00+05:30,1068.25,1069.35,1066.1,1067.05,1052
2023-01-19 14:15:00+05:30,1068.25,1069.1,1067.6,1068.65,238
2023-01-19 14:30:00+05:30,1068.85,1068.85,1067.0,1067.65,518
2023-01-19 14:45:00+05:30,1067.65,1069.15,1064.0,1064.0,3340
2023-01-19 15:00:00+05:30,1064.45,1072.1,1062.0,1070.45,5327
2023-01-19 15:15:00+05:30,1070.7,1072.3,1068.35,1069.25,70184
2023-01-19 15:30:00+05:30,1069.25,1069.25,1042.0,1059.9,23471
2023-01-20 09:30:00+05:30,1061.9,1061.9,1050.6,1055.3,10542
2023-01-20 09:45:00+05:30,1055.3,1057.75,1053.45,1054.4,4071
2023-01-20 10:00:00+05:30,1054.4,1054.7,1047.15,1049.95,11534
2023-01-20 10:15:00+05:30,1049.95,1053.9,1049.2,1050.95,3870
2023-01-20 10:30:00+05:30,1051.85,1053.0,1048.1,1049.7,2932
2023-01-20 10:45:00+05:30,1048.95,1049.85,1045.1,1047.0,4437
2023-01-20 11:00:00+05:30,1047.0,1048.45,1046.0,1047.35,2358
2023-01-20 11:15:00+05:30,1048.25,1051.65,1046.5,1047.25,5927
2023-01-20 11:30:00+05:30,1047.25,1048.65,1047.0,1047.4,1924
2023-01-20 11:45:00+05:30,1047.35,1049.05,1046.0,1047.0,3803
2023-01-20 12:00:00+05:30,1047.0,1051.2,1045.0,1048.0,6951
2023-01-20 12:15:00+05:30,1048.0,1050.0,1048.0,1049.85,1532
2023-01-20 12:30:00+05:30,1049.85,1050.95,1048.15,1048.4,2020
2023-01-20 12:45:00+05:30,1048.4,1049.7,1048.0,1048.3,1153
2023-01-20 13:00:00+05:30,1048.3,1050.2,1048.0,1048.65,1738
2023-01-20 13:15:00+05:30,1048.45,1050.2,1048.05,1049.9,1636
2023-01-20 13:30:00+05:30,1049.9,1050.0,1048.55,1049.85,2826
2023-01-20 13:45:00+05:30,1049.85,1050.0,1048.0,1048.15,950
2023-01-20 14:00:00+05:30,1048.55,1050.4,1048.0,1050.0,1909
2023-01-20 14:15:00+05:30,1050.0,1051.65,1048.25,1050.2,2141
2023-01-20 14:30:00+05:30,1050.2,1052.7,1049.0,1052.05,2873
2023-01-20 14:45:00+05:30,1052.05,1052.05,1050.0,1050.0,2556
2023-01-20 15:00:00+05:30,1050.0,1050.9,1050.0,1050.35,884
2023-01-20 15:15:00+05:30,1050.5,1055.0,1050.0,1051.0,3469
2023-01-20 15:30:00+05:30,1051.0,1052.65,1050.0,1050.0,7939
2023-01-23 09:30:00+05:30,1059.95,1059.95,1038.0,1040.95,9556
2023-01-23 09:45:00+05:30,1040.95,1044.95,1040.0,1044.25,5581
2023-01-23 10:00:00+05:30,1044.25,1048.0,1044.05,1045.45,2579
2023-01-23 10:15:00+05:30,1045.45,1047.0,1045.05,1046.0,628
2023-01-23 10:30:00+05:30,1046.0,1046.45,1044.0,1045.0,1650
2023-01-23 10:45:00+05:30,1045.0,1045.0,1042.75,1044.5,1317
2023-01-23 11:00:00+05:30,1044.5,1044.85,1040.15,1041.65,4182
2023-01-23 11:15:00+05:30,1041.65,1043.0,1040.4,1042.65,1704
2023-01-23 11:30:00+05:30,1042.65,1043.8,1041.6,1043.8,784
2023-01-23 11:45:00+05:30,1043.8,1044.95,1042.05,1042.2,57082
2023-01-23 12:00:00+05:30,1042.2,1043.0,1042.2,1042.25,294
2023-01-23 12:15:00+05:30,1042.25,1042.85,1042.2,1042.2,337
2023-01-23 12:30:00+05:30,1042.2,1043.0,1041.1,1041.1,2022
2023-01-23 12:45:00+05:30,1041.1,1042.0,1040.5,1042.0,1178
2023-01-23 13:00:00+05:30,1042.0,1042.0,1040.65,1041.9,336
2023-01-23 13:15:00+05:30,1041.9,1041.9,1040.15,1041.2,1080
2023-01-23 13:30:00+05:30,1041.2,1042.0,1040.75,1041.75,418
2023-01-23 13:45:00+05:30,1041.75,1042.6,1040.2,1042.5,640
2023-01-23 14:00:00+05:30,1042.5,1042.5,1041.0,1041.45,1360
2023-01-23 14:15:00+05:30,1041.45,1042.25,1035.5,1037.2,7473
2023-01-23 14:30:00+05:30,1037.2,1037.5,1025.5,1028.4,10848
2023-01-23 14:45:00+05:30,1029.15,1037.3,1029.15,1035.85,4024
2023-01-23 15:00:00+05:30,1035.85,1038.8,1035.0,1036.7,1496
2023-01-23 15:15:00+05:30,1036.7,1043.5,1036.7,1043.5,6307
2023-01-23 15:30:00+05:30,1043.45,1043.7,1040.1,1043.0,6322
2023-01-24 09:30:00+05:30,1041.75,1041.75,1031.5,1033.2,6084
2023-01-24 09:45:00+05:30,1033.2,1036.35,1033.15,1034.0,2199
2023-01-24 10:00:00+05:30,1034.0,1036.5,1033.05,1036.5,2015
2023-01-24 10:15:00+05:30,1036.5,1036.5,1033.0,1035.0,3063
2023-01-24 10:30:00+05:30,1035.0,1036.0,1034.05,1036.0,2072
2023-01-24 10:45:00+05:30,1036.0,1036.7,1035.0,1035.0,2106
2023-01-24 11:00:00+05:30,1035.0,1037.45,1035.0,1035.0,902
2023-01-24 11:15:00+05:30,1035.0,1036.5,1035.0,1036.35,684
2023-01-24 11:30:00+05:30,1036.35,1036.45,1035.0,1036.0,1898
2023-01-24 11:45:00+05:30,1036.0,1038.4,1035.15,1035.15,40777
2023-01-24 12:00:00+05:30,1035.15,1035.95,1032.05,1032.85,3221
2023-01-24 12:15:00+05:30,1033.95,1035.15,1032.85,1033.95,1051
2023-01-24 12:30:00+05:30,1033.95,1034.0,1032.0,1032.0,1049
2023-01-24 12:45:00+05:30,1032.4,1033.0,1031.55,1032.95,964
2023-01-24 13:00:00+05:30,1032.95,1035.2,1030.0,1034.0,2868
2023-01-24 13:15:00+05:30,1034.0,1035.95,1030.0,1034.2,1352
2023-01-24 13:30:00+05:30,1035.05,1035.6,1029.0,1029.0,3713
2023-01-24 13:45:00+05:30,1029.0,1031.65,1029.0,1029.55,1790
2023-01-24 14:00:00+05:30,1029.55,1031.95,1028.0,1029.4,2378
2023-01-24 14:15:00+05:30,1029.35,1029.95,1028.0,1029.3,1437
2023-01-24 14:30:00+05:30,1029.3,1031.9,1028.5,1028.85,3693
2023-01-24 14:45:00+05:30,1028.85,1030.9,1028.1,1028.35,1502
2023-01-24 15:00:00+05:30,1028.35,1029.7,1028.35,1029.7,1372
2023-01-24 15:15:00+05:30,1029.85,1030.9,1029.0,1029.0,2899
2023-01-24 15:30:00+05:30,1029.0,1033.65,1027.0,1030.0,5980
2023-01-25 09:30:00+05:30,1030.95,1034.4,1027.0,1030.0,4795
2023-01-25 09:45:00+05:30,1030.0,1033.75,1027.0,1032.4,7864
2023-01-25 10:00:00+05:30,1031.95,1033.25,1031.0,1032.5,5583
2023-01-25 10:15:00+05:30,1033.35,1034.75,1031.65,1031.65,10555
2023-01-25 10:30:00+05:30,1032.0,1034.8,1031.95,1034.7,3229
2023-01-25 10:45:00+05:30,1034.7,1037.6,1033.7,1036.55,5821
2023-01-25 11:00:00+05:30,1036.55,1039.0,1035.3,1039.0,4345
2023-01-25 11:15:00+05:30,1039.1,1043.95,1038.15,1040.85,10702
2023-01-25 11:30:00+05:30,1040.85,1042.5,1040.85,1041.7,5386
2023-01-25 11:45:00+05:30,1041.7,1042.0,1039.55,1041.0,8984
2023-01-25 12:00:00+05:30,1041.0,1041.9,1040.0,1040.7,8515
2023-01-25 12:15:00+05:30,1040.7,1041.8,1039.95,1040.8,5688
2023-01-25 12:30:00+05:30,1040.85,1045.2,1040.85,1043.75,7091
2023-01-25 12:45:00+05:30,1043.7,1046.6,1043.05,1046.55,5985
2023-01-25 13:00:00+05:30,1046.8,1049.4,1046.05,1049.35,8293
2023-01-25 13:15:00+05:30,1049.4,1050.8,1049.05,1050.05,7666
2023-01-25 13:30:00+05:30,1050.05,1050.6,1048.0,1050.0,6329
2023-01-25 13:45:00+05:30,1049.7,1050.8,1049.1,1049.1,3434
2023-01-25 14:00:00+05:30,1049.1,1053.2,1049.1,1053.0,6502
2023-01-25 14:15:00+05:30,1053.0,1053.4,1046.6,1046.85,9246
2023-01-25 14:30:00+05:30,1046.85,1050.0,1046.85,1049.2,4410
2023-01-25 14:45:00+05:30,1049.2,1050.9,1047.15,1050.0,10149
2023-01-25 15:00:00+05:30,1050.0,1051.75,1047.85,1051.2,7469
2023-01-25 15:15:00+05:30,1051.8,1051.95,1047.35,1050.0,16146
2023-01-25 15:30:00+05:30,1050.0,1055.0,1044.15,1052.0,21422
2023-01-27 09:30:00+05:30,1051.95,1062.9,1045.0,1048.0,7549
2023-01-27 09:45:00+05:30,1046.9,1048.95,1040.3,1040.7,4289
2023-01-27 10:00:00+05:30,1040.7,1042.35,1038.0,1040.75,2143
2023-01-27 10:15:00+05:30,1040.75,1043.0,1038.35,1043.0,3561
2023-01-27 10:30:00+05:30,1042.95,1053.5,1041.95,1053.5,9042
2023-01-27 10:45:00+05:30,1053.5,1059.5,1050.95,1057.35,10080
2023-01-27 11:00:00+05:30,1057.35,1060.8,1053.55,1058.6,9491
2023-01-27 11:15:00+05:30,1058.6,1062.5,1058.0,1062.5,9501
2023-01-27 11:30:00+05:30,1061.9,1065.0,1058.0,1065.0,10505
2023-01-27 11:45:00+05:30,1065.0,1066.45,1063.0,1064.45,8649
2023-01-27 12:00:00+05:30,1064.45,1070.6,1063.95,1070.35,8821
2023-01-27 12:15:00+05:30,1070.95,1071.0,1060.65,1061.6,22732
2023-01-27 12:30:00+05:30,1061.4,1063.95,1060.05,1063.95,8206
2023-01-27 12:45:00+05:30,1063.5,1067.95,1063.5,1067.0,18138
2023-01-27 13:00:00+05:30,1066.95,1067.0,1053.0,1054.45,25892
2023-01-27 13:15:00+05:30,1054.4,1055.0,1052.05,1052.8,13465
2023-01-27 13:30:00+05:30,1053.85,1054.0,1049.0,1050.95,12739
2023-01-27 13:45:00+05:30,1050.95,1053.45,1045.0,1053.45,7260
2023-01-27 14:00:00+05:30,1053.45,1056.0,1052.3,1052.6,21216
2023-01-27 14:15:00+05:30,1053.4,1053.8,1049.0,1051.4,10398
2023-01-27 14:30:00+05:30,1051.4,1053.25,1050.35,1053.25,2181
2023-01-27 14:45:00+05:30,1053.95,1054.0,1053.0,1054.0,4361
2023-01-27 15:00:00+05:30,1054.0,1056.0,1053.9,1054.55,12951
2023-01-27 15:15:00+05:30,1054.55,1068.25,1054.55,1066.6,13116
2023-01-27 15:30:00+05:30,1066.6,1068.45,1062.9,1062.9,11884
2023-01-30 09:30:00+05:30,1064.15,1079.65,1056.3,1075.85,8985
2023-01-30 09:45:00+05:30,1075.0,1080.5,1073.7,1077.95,8857
2023-01-30 10:00:00+05:30,1078.0,1087.7,1075.35,1086.6,12010
2023-01-30 10:15:00+05:30,1086.75,1088.0,1081.0,1084.4,10368
2023-01-30 10:30:00+05:30,1084.3,1091.95,1082.4,1088.6,13057
2023-01-30 10:45:00+05:30,1088.6,1089.65,1082.05,1082.4,11585
2023-01-30 11:00:00+05:30,1082.6,1083.1,1076.5,1082.0,10753
2023-01-30 11:15:00+05:30,1082.0,1089.0,1080.05,1087.2,9234
2023-01-30 11:30:00+05:30,1087.2,1088.75,1085.15,1088.0,3145
2023-01-30 11:45:00+05:30,1088.0,1093.75,1085.95,1093.75,8637
2023-01-30 12:00:00+05:30,1092.4,1096.0,1090.55,1093.3,9193
2023-01-30 12:15:00+05:30,1093.3,1096.0,1093.3,1095.8,2414
2023-01-30 12:30:00+05:30,1095.8,1099.2,1094.4,1096.85,361715
2023-01-30 12:45:00+05:30,1096.15,1097.4,1095.0,1095.0,12717
2023-01-30 13:00:00+05:30,1095.0,1096.5,1091.8,1092.4,13046
2023-01-30 13:15:00+05:30,1092.4,1092.5,1089.6,1091.75,10884
2023-01-30 13:30:00+05:30,1091.75,1092.05,1088.8,1091.4,15420
2023-01-30 13:45:00+05:30,1091.45,1093.0,1090.4,1091.35,7774
2023-01-30 14:00:00+05:30,1091.35,1095.75,1091.35,1095.4,5424
2023-01-30 14:15:00+05:30,1095.05,1099.9,1094.35,1096.05,11343
2023-01-30 14:30:00+05:30,1096.05,1099.5,1095.25,1097.6,8839
2023-01-30 14:45:00+05:30,1097.6,1099.7,1097.55,1099.0,3631
2023-01-30 15:00:00+05:30,1098.95,1101.6,1098.8,1099.75,24041
2023-01-30 15:15:00+05:30,1100.0,1100.9,1097.9,1099.9,17604
2023-01-30 15:30:00+05:30,1099.95,1100.0,1097.55,1097.55,19904
2023-01-31 09:30:00+05:30,1070.0,1090.05,1070.0,1087.7,15873
2023-01-31 09:45:00+05:30,1088.05,1095.05,1082.8,1092.0,11269
2023-01-31 10:00:00+05:30,1092.8,1099.0,1091.0,1097.0,11564
2023-01-31 10:15:00+05:30,1097.0,1114.6,1096.0,1113.1,23174
2023-01-31 10:30:00+05:30,1113.1,1113.9,1105.65,1110.85,9424
2023-01-31 10:45:00+05:30,1110.85,1114.1,1108.0,1114.1,8502
2023-01-31 11:00:00+05:30,1114.15,1114.95,1110.85,1112.55,4181
2023-01-31 11:15:00+05:30,1112.55,1114.75,1110.85,1113.5,9156
2023-01-31 11:30:00+05:30,1114.7,1119.8,1114.6,1118.2,20512
2023-01-31 11:45:00+05:30,1117.45,1121.0,1117.45,1119.95,11819
2023-01-31 12:00:00+05:30,1119.9,1126.6,1116.3,1125.1,70946
2023-01-31 12:15:00+05:30,1125.2,1126.0,1122.0,1124.4,8513
2023-01-31 12:30:00+05:30,1124.4,1126.0,1123.8,1124.4,6824
2023-01-31 12:45:00+05:30,1124.4,1126.0,1123.5,1123.8,8789
2023-01-31 13:00:00+05:30,1123.8,1125.45,1123.5,1124.7,3112
2023-01-31 13:15:00+05:30,1124.7,1126.6,1120.0,1120.1,26208
2023-01-31 13:30:00+05:30,1120.2,1121.45,1120.1,1120.7,10196
2023-01-31 13:45:00+05:30,1120.7,1121.1,1120.0,1120.0,14980
2023-01-31 14:00:00+05:30,1120.0,1121.0,1120.0,1120.35,12258
2023-01-31 14:15:00+05:30,1120.35,1125.05,1120.0,1120.65,13201
2023-01-31 14:30:00+05:30,1120.6,1127.95,1120.0,1127.5,17113
2023-01-31 14:45:00+05:30,1128.0,1130.0,1125.45,1127.0,17994
2023-01-31 15:00:00+05:30,1127.0,1129.85,1125.0,1128.35,12668
2023-01-31 15:15:00+05:30,1128.95,1128.95,1122.2,1125.95,19506
2023-01-31 15:30:00+05:30,1125.95,1131.0,1125.0,1130.0,33993
2023-02-01 09:30:00+05:30,1132.75,1153.45,1072.05,1131.75,41621
2023-02-01 09:45:00+05:30,1131.5,1140.25,1121.6,1125.65,21940
2023-02-01 10:00:00+05:30,1125.15,1129.9,1119.25,1120.15,11706
2023-02-01 10:15:00+05:30,1120.15,1121.45,1116.0,1120.75,11494
2023-02-01 10:30:00+05:30,1120.75,1128.15,1119.45,1126.05,7627
2023-02-01 10:45:00+05:30,1126.05,1144.3,1126.0,1138.55,24620
2023-02-01 11:00:00+05:30,1138.6,1142.95,1137.0,1139.0,8156
2023-02-01 11:15:00+05:30,1138.55,1146.95,1137.75,1145.95,14077
2023-02-01 11:30:00+05:30,1145.85,1146.0,1139.1,1141.0,10919
2023-02-01 11:45:00+05:30,1141.0,1146.6,1139.1,1145.55,14886
2023-02-01 12:00:00+05:30,1145.55,1147.85,1145.0,1145.8,9868
2023-02-01 12:15:00+05:30,1145.8,1152.0,1144.5,1146.6,28612
2023-02-01 12:30:00+05:30,1145.85,1150.75,1142.05,1148.3,12855
2023-02-01 12:45:00+05:30,1148.7,1159.6,1147.25,1152.3,28596
2023-02-01 13:00:00+05:30,1152.95,1155.5,1150.0,1153.15,11275
2023-02-01 13:15:00+05:30,1153.15,1156.65,1150.75,1154.7,15576
2023-02-01 13:30:00+05:30,1154.1,1154.55,1120.25,1120.25,32650
2023-02-01 13:45:00+05:30,1120.25,1124.0,1103.2,1112.3,21548
2023-02-01 14:00:00+05:30,1112.3,1118.6,1103.1,1103.3,18478
2023-02-01 14:15:00+05:30,1100.45,1103.75,1093.5,1100.0,19179
2023-02-01 14:30:00+05:30,1099.25,1104.15,1096.0,1103.55,6316
2023-02-01 14:45:00+05:30,1103.6,1103.6,1096.0,1097.2,4083
2023-02-01 15:00:00+05:30,1097.1,1101.4,1085.0,1100.0,9073
2023-02-01 15:15:00+05:30,1101.5,1135.75,1101.5,1133.45,14223
2023-02-01 15:30:00+05:30,1133.7,1134.9,1101.1,1119.0,14140
2023-02-02 09:30:00+05:30,1086.0,1126.1,1085.9,1126.1,10470
2023-02-02 09:45:00+05:30,1125.4,1126.15,1116.55,1119.4,3267
2023-02-02 10:00:00+05:30,1119.4,1120.7,1111.65,1117.65,3012
2023-02-02 10:15:00+05:30,1117.65,1130.0,1116.25,1128.7,6947
2023-02-02 10:30:00+05:30,1128.9,1129.95,1122.0,1128.4,5679
2023-02-02 10:45:00+05:30,1127.5,1129.0,1124.75,1126.95,2028
2023-02-02 11:00:00+05:30,1126.95,1149.75,1126.65,1147.95,21583
2023-02-02 11:15:00+05:30,1148.95,1153.45,1146.0,1151.0,18168
2023-02-02 11:30:00+05:30,1151.0,1154.0,1150.0,1152.0,13013
2023-02-02 11:45:00+05:30,1151.0,1152.9,1150.0,1150.15,11664
2023-02-02 12:00:00+05:30,1150.15,1151.05,1140.1,1140.25,22489
2023-02-02 12:15:00+05:30,1140.3,1142.8,1138.35,1142.1,10875
2023-02-02 12:30:00+05:30,1141.85,1142.9,1139.5,1140.0,5056
2023-02-02 12:45:00+05:30,1141.2,1144.65,1138.9,1143.5,10006
2023-02-02 13:00:00+05:30,1143.5,1147.35,1143.3,1146.4,6215
2023-02-02 13:15:00+05:30,1146.05,1149.35,1146.0,1146.05,9642
2023-02-02 13:30:00+05:30,1146.05,1147.0,1145.0,1145.0,2184
2023-02-02 13:45:00+05:30,1145.0,1145.0,1142.0,1144.0,2964
2023-02-02 14:00:00+05:30,1144.0,1144.75,1142.0,1143.0,2853
2023-02-02 14:15:00+05:30,1142.3,1147.0,1141.95,1141.95,10890
2023-02-02 14:30:00+05:30,1141.95,1141.95,1132.95,1138.4,7347
2023-02-02 14:45:00+05:30,1138.4,1147.95,1136.65,1147.95,3486
2023-02-02 15:00:00+05:30,1148.0,1148.0,1143.0,1143.5,3980
2023-02-02 15:15:00+05:30,1144.5,1144.5,1139.05,1142.95,8279
2023-02-02 15:30:00+05:30,1141.1,1145.0,1135.0,1139.8,10592
2023-02-03 09:30:00+05:30,1141.3,1144.0,1133.0,1135.0,10616
2023-02-03 09:45:00+05:30,1135.0,1135.45,1115.75,1117.2,8557
2023-02-03 10:00:00+05:30,1117.75,1130.15,1116.6,1122.25,4653
2023-02-03 10:15:00+05:30,1122.25,1125.0,1119.55,1125.0,1929
2023-02-03 10:30:00+05:30,1125.0,1134.1,1124.15,1134.1,7915
2023-02-03 10:45:00+05:30,1134.1,1134.95,1129.05,1132.5,7377
2023-02-03 11:00:00+05:30,1132.6,1148.0,1131.25,1144.45,20827
2023-02-03 11:15:00+05:30,1145.5,1154.0,1143.85,1145.0,13092
2023-02-03 11:30:00+05:30,1145.0,1148.0,1143.8,1146.55,6208
2023-02-03 11:45:00+05:30,1147.2,1152.0,1145.25,1151.05,6078
2023-02-03 12:00:00+05:30,1151.05,1158.7,1151.05,1151.75,13959
2023-02-03 12:15:00+05:30,1150.95,1154.2,1149.25,1149.95,4881
2023-02-03 12:30:00+05:30,1149.95,1153.5,1145.25,1149.95,9576
2023-02-03 12:45:00+05:30,1151.1,1164.15,1150.3,1161.65,24999
2023-02-03 13:00:00+05:30,1161.65,1164.0,1149.0,1150.0,12698
2023-02-03 13:15:00+05:30,1149.25,1154.25,1148.65,1151.0,10548
2023-02-03 13:30:00+05:30,1150.0,1151.55,1146.0,1146.5,22884
2023-02-03 13:45:00+05:30,1146.5,1150.25,1139.0,1150.0,15162
2023-02-03 14:00:00+05:30,1150.0,1155.7,1149.3,1153.0,10751
2023-02-03 14:15:00+05:30,1153.0,1174.0,1151.35,1165.0,40001
2023-02-03 14:30:00+05:30,1165.0,1165.0,1155.5,1158.2,16956
2023-02-03 14:45:00+05:30,1158.2,1162.5,1157.0,1158.05,14585
2023-02-03 15:00:00+05:30,1158.55,1161.0,1153.0,1154.0,16740
2023-02-03 15:15:00+05:30,1154.3,1160.0,1152.05,1154.0,21430
2023-02-03 15:30:00+05:30,1154.0,1155.0,1120.0,1120.0,39322
2023-02-06 09:30:00+05:30,1134.8,1168.15,1130.0,1163.95,23765
2023-02-06 09:45:00+05:30,1163.05,1179.9,1158.2,1172.8,25877
2023-02-06 10:00:00+05:30,1172.0,1184.9,1165.65,1184.0,19972
2023-02-06 10:15:00+05:30,1184.65,1222.9,1181.05,1222.0,146741
2023-02-06 10:30:00+05:30,1222.0,1230.0,1206.05,1213.45,132339
2023-02-06 10:45:00+05:30,1213.45,1215.0,1195.0,1196.0,45773
2023-02-06 11:00:00+05:30,1196.0,1210.0,1191.45,1201.0,33855
2023-02-06 11:15:00+05:30,1201.0,1203.35,1192.1,1195.0,26689
2023-02-06 11:30:00+05:30,1195.0,1196.95,1191.45,1194.95,14401
2023-02-06 11:45:00+05:30,1194.2,1196.5,1192.6,1194.15,7257
2023-02-06 12:00:00+05:30,1194.05,1196.0,1193.3,1193.5,10495
2023-02-06 12:15:00+05:30,1194.1,1195.15,1188.0,1188.1,13137
2023-02-06 12:30:00+05:30,1189.0,1189.85,1182.05,1184.3,14870
2023-02-06 12:45:00+05:30,1184.3,1185.0,1183.0,1184.85,7488
2023-02-06 13:00:00+05:30,1184.0,1185.0,1176.2,1178.0,17606
2023-02-06 13:15:00+05:30,1178.0,1178.9,1174.0,1175.5,8161
2023-02-06 13:30:00+05:30,1175.3,1179.9,1175.0,1177.3,6887
2023-02-06 13:45:00+05:30,1177.3,1179.9,1175.0,1177.2,8077
2023-02-06 14:00:00+05:30,1177.05,1178.8,1175.95,1177.0,7222
2023-02-06 14:15:00+05:30,1177.0,1179.9,1177.0,1177.65,8252
2023-02-06 14:30:00+05:30,1179.5,1179.9,1177.8,1179.7,6862
2023-02-06 14:45:00+05:30,1179.7,1181.65,1178.1,1178.9,12011
2023-02-06 15:00:00+05:30,1178.3,1184.95,1178.3,1181.2,14288
2023-02-06 15:15:00+05:30,1181.55,1184.75,1179.0,1179.0,18026
2023-02-06 15:30:00+05:30,1178.95,1180.6,1172.2,1177.0,21862
2023-02-07 09:30:00+05:30,1187.05,1190.15,1177.6,1180.7,19335
2023-02-07 09:45:00+05:30,1180.65,1181.8,1175.15,1178.05,15025
2023-02-07 10:00:00+05:30,1178.05,1183.45,1177.0,1180.7,111926
2023-02-07 10:15:00+05:30,1180.7,1181.8,1172.25,1172.9,34066
2023-02-07 10:30:00+05:30,1172.9,1174.7,1167.15,1169.3,17222
2023-02-07 10:45:00+05:30,1169.75,1170.0,1167.5,1168.65,2094
2023-02-07 11:00:00+05:30,1168.65,1169.95,1167.5,1169.55,2072
2023-02-07 11:15:00+05:30,1169.55,1170.0,1168.0,1169.15,3605
2023-02-07 11:30:00+05:30,1169.15,1170.0,1167.5,1168.0,2859
2023-02-07 11:45:00+05:30,1168.0,1168.0,1167.5,1167.95,2665
2023-02-07 12:00:00+05:30,1168.0,1168.0,1161.3,1164.75,11048
2023-02-07 12:15:00+05:30,1164.75,1166.2,1164.15,1165.05,1688
2023-02-07 12:30:00+05:30,1165.05,1165.95,1164.6,1165.25,4150
2023-02-07 12:45:00+05:30,1165.25,1167.4,1162.85,1165.15,31759
2023-02-07 13:00:00+05:30,1164.85,1165.15,1161.0,1161.0,4796
2023-02-07 13:15:00+05:30,1160.0,1161.0,1156.1,1157.6,4217
2023-02-07 13:30:00+05:30,1157.6,1160.0,1157.05,1159.7,1373
2023-02-07 13:45:00+05:30,1159.7,1160.0,1158.55,1159.95,1057
2023-02-07 14:00:00+05:30,1159.95,1160.0,1150.7,1151.0,11881
2023-02-07 14:15:00+05:30,1150.55,1157.9,1150.25,1157.9,7905
2023-02-07 14:30:00+05:30,1156.4,1160.1,1156.4,1159.75,11086
2023-02-07 14:45:00+05:30,1159.75,1160.0,1159.7,1159.95,7498
2023-02-07 15:00:00+05:30,1159.95,1167.0,1159.65,1160.0,17998
2023-02-07 15:15:00+05:30,1160.0,1167.6,1159.2,1165.45,11354
2023-02-07 15:30:00+05:30,1165.5,1169.1,1160.0,1164.0,8716
2023-02-08 09:30:00+05:30,1164.05,1180.0,1164.05,1173.15,10049
2023-02-08 09:45:00+05:30,1173.4,1175.0,1165.55,1168.3,7813
2023-02-08 10:00:00+05:30,1168.3,1169.45,1162.05,1163.75,7128
2023-02-08 10:15:00+05:30,1163.75,1165.25,1160.0,1164.95,5630
2023-02-08 10:30:00+05:30,1164.75,1165.0,1163.0,1163.1,1965
2023-02-08 10:45:00+05:30,1163.0,1165.0,1162.55,1162.8,1030
2023-02-08 11:00:00+05:30,1162.8,1164.1,1162.0,1162.0,1998
2023-02-08 11:15:00+05:30,1162.0,1162.5,1161.0,1161.0,4712
2023-02-08 11:30:00+05:30,1161.0,1161.6,1160.3,1161.0,3060
2023-02-08 11:45:00+05:30,1161.0,1162.0,1160.1,1160.85,40153
2023-02-08 12:00:00+05:30,1160.85,1161.0,1160.0,1160.0,4927
2023-02-08 12:15:00+05:30,1160.0,1161.0,1159.5,1160.15,3332
2023-02-08 12:30:00+05:30,1160.15,1160.15,1159.3,1160.0,4163
2023-02-08 12:45:00+05:30,1160.0,1160.65,1159.4,1159.95,1755
2023-02-08 13:00:00+05:30,1159.95,1160.95,1159.8,1160.0,4078
2023-02-08 13:15:00+05:30,1160.0,1160.0,1159.2,1160.0,616
2023-02-08 13:30:00+05:30,1160.0,1160.95,1159.95,1160.0,3977
2023-02-08 13:45:00+05:30,1160.0,1160.05,1159.1,1159.95,5669
2023-02-08 14:00:00+05:30,1159.95,1160.0,1159.9,1159.95,5269
2023-02-08 14:15:00+05:30,1160.0,1160.0,1159.85,1159.95,4649
2023-02-08 14:30:00+05:30,1159.95,1160.0,1159.9,1159.95,5879
2023-02-08 14:45:00+05:30,1159.95,1160.3,1158.25,1158.5,4212
2023-02-08 15:00:00+05:30,1158.5,1159.45,1154.05,1155.4,7067
2023-02-08 15:15:00+05:30,1155.4,1156.55,1150.3,1155.0,6305
2023-02-08 15:30:00+05:30,1155.0,1160.0,1151.3,1152.0,7412
2023-02-09 09:30:00+05:30,1154.4,1159.65,1136.25,1142.35,12798
2023-02-09 09:45:00+05:30,1141.55,1141.65,1127.8,1130.65,8551
2023-02-09 10:00:00+05:30,1130.0,1132.7,1125.3,1126.5,5513
2023-02-09 10:15:00+05:30,1126.35,1128.8,1120.0,1126.25,7899
2023-02-09 10:30:00+05:30,1126.25,1130.0,1126.0,1127.55,3002
2023-02-09 10:45:00+05:30,1127.9,1130.05,1127.9,1130.05,2204
2023-02-09 11:00:00+05:30,1130.5,1132.75,1122.8,1125.35,4777
2023-02-09 11:15:00+05:30,1125.35,1127.0,1124.75,1125.3,1707
2023-02-09 11:30:00+05:30,1125.3,1128.25,1125.05,1126.3,1901
2023-02-09 11:45:00+05:30,1126.3,1128.95,1124.05,1125.5,2347
2023-02-09 12:00:00+05:30,1125.5,1128.35,1125.3,1126.4,804
2023-02-09 12:15:00+05:30,1128.45,1129.45,1125.6,1125.75,835
2023-02-09 12:30:00+05:30,1124.35,1125.0,1123.0,1124.55,2600
2023-02-09 12:45:00+05:30,1125.0,1125.0,1118.05,1120.05,5975
2023-02-09 13:00:00+05:30,1120.05,1123.7,1120.0,1123.0,655
2023-02-09 13:15:00+05:30,1122.95,1126.65,1122.6,1125.45,1713
2023-02-09 13:30:00+05:30,1125.15,1127.95,1124.1,1127.25,1958
2023-02-09 13:45:00+05:30,1127.9,1131.5,1127.3,1130.85,3924
2023-02-09 14:00:00+05:30,1130.85,1132.65,1127.05,1127.05,7931
2023-02-09 14:15:00+05:30,1127.55,1128.95,1117.35,1119.95,14133
2023-02-09 14:30:00+05:30,1120.0,1120.0,1118.15,1120.0,5657
2023-02-09 14:45:00+05:30,1120.0,1120.0,1115.05,1115.7,9784
2023-02-09 15:00:00+05:30,1115.7,1118.0,1114.0,1114.85,7305
2023-02-09 15:15:00+05:30,1114.85,1119.95,1110.55,1116.7,14268
2023-02-09 15:30:00+05:30,1116.65,1116.9,1110.0,1114.0,16748
2023-02-10 09:30:00+05:30,1100.0,1120.15,1090.85,1118.6,20310
2023-02-10 09:45:00+05:30,1118.95,1120.95,1107.55,1111.9,12032
2023-02-10 10:00:00+05:30,1111.9,1123.95,1111.9,1117.9,4893
2023-02-10 10:15:00+05:30,1117.9,1121.05,1116.0,1119.45,4883
2023-02-10 10:30:00+05:30,1119.45,1119.45,1115.8,1118.6,3458
2023-02-10 10:45:00+05:30,1118.6,1127.25,1117.75,1127.15,4009
2023-02-10 11:00:00+05:30,1127.25,1132.9,1127.25,1128.55,5999
2023-02-10 11:15:00+05:30,1129.35,1139.0,1129.35,1135.9,8321
2023-02-10 11:30:00+05:30,1135.9,1135.9,1132.75,1134.0,2770
2023-02-10 11:45:00+05:30,1134.0,1137.0,1130.45,1130.65,3537
2023-02-10 12:00:00+05:30,1132.3,1133.0,1130.3,1133.0,1420
2023-02-10 12:15:00+05:30,1133.0,1133.0,1131.0,1132.95,687
2023-02-10 12:30:00+05:30,1132.95,1133.0,1131.95,1132.9,337
2023-02-10 12:45:00+05:30,1132.75,1133.15,1129.65,1131.65,4480
2023-02-10 13:00:00+05:30,1131.65,1132.95,1130.35,1132.6,1036
2023-02-10 13:15:00+05:30,1132.6,1133.25,1131.5,1132.9,1014
2023-02-10 13:30:00+05:30,1132.9,1134.65,1131.65,1133.8,1891
2023-02-10 13:45:00+05:30,1133.8,1134.75,1131.65,1134.6,1473
2023-02-10 14:00:00+05:30,1134.6,1134.95,1130.75,1131.6,981
2023-02-10 14:15:00+05:30,1131.6,1133.65,1130.55,1130.55,1032
2023-02-10 14:30:00+05:30,1130.55,1133.05,1130.55,1133.05,1126
2023-02-10 14:45:00+05:30,1133.05,1134.95,1131.3,1133.75,1555
2023-02-10 15:00:00+05:30,1134.0,1134.5,1131.9,1133.9,2078
2023-02-10 15:15:00+05:30,1133.9,1136.0,1132.6,1136.0,6756
2023-02-10 15:30:00+05:30,1136.0,1142.0,1133.0,1138.0,12011
2023-02-13 09:30:00+05:30,1143.65,1150.0,1142.0,1143.1,7830
2023-02-13 09:45:00+05:30,1144.85,1156.0,1140.0,1151.75,8717
2023-02-13 10:00:00+05:30,1152.25,1152.25,1141.5,1142.5,5807
2023-02-13 10:15:00+05:30,1142.0,1144.95,1135.35,1139.35,6183
2023-02-13 10:30:00+05:30,1139.35,1139.35,1136.05,1137.05,1823
2023-02-13 10:45:00+05:30,1138.4,1140.8,1137.45,1138.4,1448
2023-02-13 11:00:00+05:30,1138.4,1138.4,1135.7,1136.0,1233
2023-02-13 11:15:00+05:30,1136.0,1145.0,1136.0,1142.7,2665
2023-02-13 11:30:00+05:30,1142.7,1143.8,1139.65,1143.8,1092
2023-02-13 11:45:00+05:30,1143.8,1145.15,1140.0,1140.2,2029
2023-02-13 12:00:00+05:30,1140.2,1142.35,1140.0,1142.0,279
2023-02-13 12:15:00+05:30,1142.0,1142.2,1140.1,1141.35,1624
2023-02-13 12:30:00+05:30,1141.35,1144.0,1138.05,1139.25,2200
2023-02-13 12:45:00+05:30,1138.55,1141.4,1138.1,1139.9,6077
2023-02-13 13:00:00+05:30,1139.9,1143.55,1138.4,1140.05,1820
2023-02-13 13:15:00+05:30,1140.05,1141.85,1139.2,1141.85,1858
2023-02-13 13:30:00+05:30,1141.85,1144.0,1140.45,1143.35,716
2023-02-13 13:45:00+05:30,1143.35,1144.5,1141.55,1141.9,958
2023-02-13 14:00:00+05:30,1141.9,1142.0,1139.25,1142.0,345
2023-02-13 14:15:00+05:30,1142.95,1144.0,1141.45,1142.6,1558
2023-02-13 14:30:00+05:30,1142.6,1144.3,1140.2,1141.55,621
2023-02-13 14:45:00+05:30,1141.55,1142.0,1141.0,1141.0,907
2023-02-13 15:00:00+05:30,1141.95,1144.0,1141.0,1144.0,1023
2023-02-13 15:15:00+05:30,1144.25,1146.0,1139.9,1142.95,4190
2023-02-13 15:30:00+05:30,1142.95,1144.1,1136.1,1136.3,4562
2023-02-14 09:30:00+05:30,1147.55,1151.5,1127.0,1128.95,7778
2023-02-14 09:45:00+05:30,1128.95,1131.35,1115.05,1115.05,7206
2023-02-14 10:00:00+05:30,1115.05,1126.75,1115.05,1125.0,3852
2023-02-14 10:15:00+05:30,1125.0,1125.3,1121.0,1121.4,1720
2023-02-14 10:30:00+05:30,1121.4,1121.7,1119.05,1120.05,1064
2023-02-14 10:45:00+05:30,1120.05,1124.0,1119.1,1121.55,1560
2023-02-14 11:00:00+05:30,1121.55,1126.5,1119.65,1125.9,7009
2023-02-14 11:15:00+05:30,1125.9,1130.0,1125.0,1127.15,2466
2023-02-14 11:30:00+05:30,1127.15,1128.5,1125.15,1125.15,1558
2023-02-14 11:45:00+05:30,1126.0,1126.15,1124.0,1125.25,2024
2023-02-14 12:00:00+05:30,1125.35,1128.4,1125.0,1128.4,1031
2023-02-14 12:15:00+05:30,1128.4,1128.4,1125.05,1125.05,369
2023-02-14 12:30:00+05:30,1125.05,1127.9,1122.7,1127.3,1753
2023-02-14 12:45:00+05:30,1127.5,1130.0,1126.3,1129.1,3611
2023-02-14 13:00:00+05:30,1129.1,1129.7,1126.4,1127.15,463
2023-02-14 13:15:00+05:30,1126.1,1129.1,1125.0,1126.2,464
2023-02-14 13:30:00+05:30,1126.2,1132.0,1125.9,1130.1,2640
2023-02-14 13:45:00+05:30,1130.1,1131.9,1127.45,1130.1,1479
2023-02-14 14:00:00+05:30,1130.1,1135.0,1122.0,1125.1,7573
2023-02-14 14:15:00+05:30,1125.1,1126.5,1125.0,1125.55,483
2023-02-14 14:30:00+05:30,1125.55,1126.0,1124.5,1125.25,1543
2023-02-14 14:45:00+05:30,1126.85,1127.5,1123.0,1125.3,1681
2023-02-14 15:00:00+05:30,1125.3,1126.25,1122.0,1122.0,1408
2023-02-14 15:15:00+05:30,1122.85,1122.85,1116.0,1118.45,4848
2023-02-14 15:30:00+05:30,1118.45,1124.7,1115.0,1124.0,7729
2023-02-15 09:30:00+05:30,1082.45,1104.25,1071.15,1093.45,36556
2023-02-15 09:45:00+05:30,1093.45,1108.05,1090.05,1099.4,16665
2023-02-15 10:00:00+05:30,1100.0,1104.5,1100.0,1102.5,2557
2023-02-15 10:15:00+05:30,1102.5,1105.0,1102.5,1103.25,2018
2023-02-15 10:30:00+05:30,1103.25,1103.75,1100.0,1101.0,3373
2023-02-15 10:45:00+05:30,1101.0,1104.65,1100.0,1102.5,1671
2023-02-15 11:00:00+05:30,1102.5,1103.2,1101.1,1101.4,638
2023-02-15 11:15:00+05:30,1102.55,1115.0,1101.1,1112.7,6268
2023-02-15 11:30:00+05:30,1112.7,1114.6,1110.0,1110.5,3203
2023-02-15 11:45:00+05:30,1110.5,1113.55,1110.5,1110.7,1044
2023-02-15 12:00:00+05:30,1110.55,1112.9,1110.5,1111.0,1980
2023-02-15 12:15:00+05:30,1111.95,1112.7,1110.55,1112.0,2294
2023-02-15 12:30:00+05:30,1112.0,1117.4,1112.0,1115.7,3685
2023-02-15 12:45:00+05:30,1115.7,1116.05,1113.65,1116.05,1344
2023-02-15 13:00:00+05:30,1117.45,1117.75,1116.0,1117.5,756
2023-02-15 13:15:00+05:30,1117.5,1118.4,1114.05,1116.0,3261
2023-02-15 13:30:00+05:30,1116.0,1116.9,1114.6,1116.35,1102
2023-02-15 13:45:00+05:30,1116.35,1116.9,1115.05,1116.4,949
2023-02-15 14:00:00+05:30,1116.4,1116.9,1114.55,1116.7,1542
2023-02-15 14:15:00+05:30,1116.7,1116.7,1113.7,1115.0,1046
2023-02-15 14:30:00+05:30,1115.0,1116.3,1114.05,1115.0,1614
2023-02-15 14:45:00+05:30,1115.0,1118.5,1114.5,1116.3,1651
2023-02-15 15:00:00+05:30,1116.25,1117.0,1112.0,1114.25,2348
2023-02-15 15:15:00+05:30,1114.4,1123.85,1113.0,1114.5,10293
2023-02-15 15:30:00+05:30,1113.65,1128.0,1111.85,1127.0,18070
2023-02-16 09:30:00+05:30,1104.25,1124.75,1104.25,1113.0,19989
2023-02-16 09:45:00+05:30,1113.0,1114.0,1107.0,1108.65,15990
2023-02-16 10:00:00+05:30,1108.65,1108.65,1104.05,1105.55,7191
2023-02-16 10:15:00+05:30,1105.55,1105.9,1100.0,1102.6,4574
2023-02-16 10:30:00+05:30,1102.6,1102.6,1095.0,1099.15,7111
2023-02-16 10:45:00+05:30,1099.25,1104.55,1097.0,1104.0,2787
2023-02-16 11:00:00+05:30,1104.0,1105.0,1100.4,1101.55,4461
2023-02-16 11:15:00+05:30,1101.55,1101.55,1095.5,1097.0,6586
2023-02-16 11:30:00+05:30,1097.0,1099.1,1096.0,1097.7,2956
2023-02-16 11:45:00+05:30,1097.75,1099.45,1095.05,1095.25,3453
2023-02-16 12:00:00+05:30,1095.25,1106.0,1095.25,1106.0,6981
2023-02-16 12:15:00+05:30,1106.0,1110.0,1099.1,1101.55,11030
2023-02-16 12:30:00+05:30,1101.55,1103.15,1098.75,1101.1,2475
2023-02-16 12:45:00+05:30,1101.1,1102.0,1099.5,1100.4,4733
2023-02-16 13:00:00+05:30,1099.6,1101.65,1099.15,1101.0,2362
2023-02-16 13:15:00+05:30,1101.0,1102.55,1099.55,1102.2,1082
2023-02-16 13:30:00+05:30,1102.2,1105.35,1100.05,1105.35,4908
2023-02-16 13:45:00+05:30,1105.35,1112.95,1104.95,1110.7,7286
2023-02-16 14:00:00+05:30,1110.7,1116.0,1109.0,1116.0,8437
2023-02-16 14:15:00+05:30,1114.55,1115.65,1110.5,1111.7,3688
2023-02-16 14:30:00+05:30,1111.7,1112.0,1110.0,1110.0,1771
2023-02-16 14:45:00+05:30,1110.0,1112.0,1110.0,1112.0,2485
2023-02-16 15:00:00+05:30,1112.0,1112.0,1105.0,1107.85,3620
2023-02-16 15:15:00+05:30,1107.2,1110.0,1100.25,1103.45,13374
2023-02-16 15:30:00+05:30,1103.45,1103.55,1090.5,1094.9,12891
2023-02-17 09:30:00+05:30,1101.45,1106.95,1095.45,1100.95,6349
2023-02-17 09:45:00+05:30,1100.9,1100.95,1095.95,1097.3,3028
2023-02-17 10:00:00+05:30,1097.3,1098.0,1095.1,1098.0,1579
2023-02-17 10:15:00+05:30,1098.0,1099.95,1097.0,1097.55,1387
2023-02-17 10:30:00+05:30,1097.55,1098.8,1094.05,1096.2,3584
2023-02-17 10:45:00+05:30,1095.2,1096.45,1091.5,1092.85,2261
2023-02-17 11:00:00+05:30,1092.85,1118.75,1092.85,1117.35,15428
2023-02-17 11:15:00+05:30,1118.6,1120.95,1111.1,1120.5,8990
2023-02-17 11:30:00+05:30,1120.0,1121.45,1116.55,1120.6,6819
2023-02-17 11:45:00+05:30,1120.6,1121.0,1113.3,1120.0,12064
2023-02-17 12:00:00+05:30,1120.0,1123.6,1119.9,1120.0,4517
2023-02-17 12:15:00+05:30,1120.0,1123.05,1120.0,1121.0,27260
2023-02-17 12:30:00+05:30,1121.0,1121.85,1120.0,1121.45,2274
2023-02-17 12:45:00+05:30,1121.45,1121.9,1119.1,1120.15,7561
2023-02-17 13:00:00+05:30,1120.15,1122.25,1119.35,1120.1,2475
2023-02-17 13:15:00+05:30,1120.05,1121.0,1117.0,1117.8,6596
2023-02-17 13:30:00+05:30,1117.8,1121.5,1117.2,1120.65,2681
2023-02-17 13:45:00+05:30,1120.65,1121.45,1119.25,1120.25,2532
2023-02-17 14:00:00+05:30,1120.25,1129.0,1119.7,1124.9,8450
2023-02-17 14:15:00+05:30,1124.9,1128.5,1124.0,1124.9,6034
2023-02-17 14:30:00+05:30,1124.9,1134.0,1124.1,1131.4,18963
2023-02-17 14:45:00+05:30,1131.4,1132.65,1126.2,1127.55,4267
2023-02-17 15:00:00+05:30,1127.55,1128.0,1119.0,1121.85,4392
2023-02-17 15:15:00+05:30,1123.15,1125.95,1120.5,1121.35,3407
2023-02-17 15:30:00+05:30,1121.35,1128.25,1120.0,1122.0,11223
2023-02-20 09:30:00+05:30,1126.95,1132.95,1115.0,1116.9,8773
2023-02-20 09:45:00+05:30,1118.05,1130.0,1116.95,1127.6,7883
2023-02-20 10:00:00+05:30,1127.6,1130.1,1124.0,1126.0,3854
2023-02-20 10:15:00+05:30,1126.0,1127.0,1120.2,1123.3,2680
2023-02-20 10:30:00+05:30,1123.3,1125.0,1119.9,1120.05,3093
2023-02-20 10:45:00+05:30,1120.05,1121.95,1120.0,1120.9,409
2023-02-20 11:00:00+05:30,1120.9,1120.9,1118.0,1120.1,1781
2023-02-20 11:15:00+05:30,1120.85,1121.45,1114.55,1119.35,3269
2023-02-20 11:30:00+05:30,1119.35,1119.55,1117.0,1117.1,901
2023-02-20 11:45:00+05:30,1117.1,1118.7,1117.0,1117.0,628
2023-02-20 12:00:00+05:30,1117.0,1118.55,1114.55,1115.95,2491
2023-02-20 12:15:00+05:30,1115.6,1118.55,1114.65,1117.15,463
2023-02-20 12:30:00+05:30,1117.15,1118.4,1116.55,1116.55,398
2023-02-20 12:45:00+05:30,1116.55,1118.15,1115.0,1115.3,898
2023-02-20 13:00:00+05:30,1115.3,1117.4,1115.2,1115.65,656
2023-02-20 13:15:00+05:30,1116.2,1116.2,1112.15,1113.4,1816
2023-02-20 13:30:00+05:30,1113.4,1117.95,1112.3,1112.8,1026
2023-02-20 13:45:00+05:30,1112.8,1113.9,1105.0,1105.0,3381
2023-02-20 14:00:00+05:30,1105.0,1112.3,1105.0,1109.25,1581
2023-02-20 14:15:00+05:30,1109.25,1109.25,1105.0,1106.15,1380
2023-02-20 14:30:00+05:30,1107.05,1108.35,1105.15,1106.0,3460
2023-02-20 14:45:00+05:30,1107.15,1109.95,1105.0,1109.85,2880
2023-02-20 15:00:00+05:30,1109.85,1111.2,1108.0,1109.2,3335
2023-02-20 15:15:00+05:30,1110.0,1115.35,1107.95,1108.95,6296
2023-02-20 15:30:00+05:30,1108.95,1109.1,1105.0,1105.0,7573
2023-02-21 09:30:00+05:30,1107.9,1115.65,1107.9,1113.8,5029
2023-02-21 09:45:00+05:30,1114.25,1114.25,1105.1,1107.0,4019
2023-02-21 10:00:00+05:30,1107.0,1107.0,1105.0,1105.8,2958
2023-02-21 10:15:00+05:30,1105.8,1107.0,1105.4,1107.0,1858
2023-02-21 10:30:00+05:30,1106.0,1108.4,1105.3,1108.4,995
2023-02-21 10:45:00+05:30,1108.4,1109.1,1107.15,1108.55,2079
2023-02-21 11:00:00+05:30,1108.55,1108.85,1105.2,1108.4,2450
2023-02-21 11:15:00+05:30,1107.7,1107.7,1105.0,1106.25,3895
2023-02-21 11:30:00+05:30,1106.25,1107.0,1105.1,1107.0,1021
2023-02-21 11:45:00+05:30,1107.0,1107.6,1106.0,1107.4,307
2023-02-21 12:00:00+05:30,1107.4,1108.0,1105.05,1105.05,1440
2023-02-21 12:15:00+05:30,1106.25,1106.9,1105.0,1106.1,1887
2023-02-21 12:30:00+05:30,1106.1,1106.2,1095.1,1096.3,9808
2023-02-21 12:45:00+05:30,1096.3,1099.95,1096.3,1099.95,962
2023-02-21 13:00:00+05:30,1099.95,1100.0,1097.15,1099.95,745
2023-02-21 13:15:00+05:30,1099.95,1099.95,1097.4,1098.85,380
2023-02-21 13:30:00+05:30,1098.85,1098.9,1092.0,1092.8,1971
2023-02-21 13:45:00+05:30,1092.8,1095.2,1090.1,1091.6,3233
2023-02-21 14:00:00+05:30,1091.6,1096.1,1090.0,1094.05,2189
2023-02-21 14:15:00+05:30,1095.1,1096.95,1093.0,1093.0,1079
2023-02-21 14:30:00+05:30,1093.0,1094.95,1090.55,1090.55,2531
2023-02-21 14:45:00+05:30,1090.55,1093.95,1090.45,1093.95,892
2023-02-21 15:00:00+05:30,1094.0,1094.0,1090.05,1090.1,3909
2023-02-21 15:15:00+05:30,1090.1,1097.6,1090.05,1096.0,4081
2023-02-21 15:30:00+05:30,1096.0,1096.9,1089.0,1093.95,13266
2023-02-22 09:30:00+05:30,1090.0,1094.65,1081.25,1094.0,5817
2023-02-22 09:45:00+05:30,1094.45,1100.0,1088.85,1095.8,16836
2023-02-22 10:00:00+05:30,1094.15,1094.15,1083.5,1083.5,3382
2023-02-22 10:15:00+05:30,1083.5,1089.55,1083.5,1086.85,1172
2023-02-22 10:30:00+05:30,1086.85,1088.0,1083.5,1084.5,51052
2023-02-22 10:45:00+05:30,1084.5,1085.0,1082.0,1083.05,1815
2023-02-22 11:00:00+05:30,1083.05,1084.5,1082.05,1082.6,978
2023-02-22 11:15:00+05:30,1083.8,1088.5,1083.65,1087.8,7712
2023-02-22 11:30:00+05:30,1087.8,1088.55,1085.05,1086.25,533
2023-02-22 11:45:00+05:30,1086.25,1092.65,1085.15,1091.15,6762
2023-02-22 12:00:00+05:30,1091.15,1093.0,1087.0,1090.5,1819
2023-02-22 12:15:00+05:30,1090.5,1094.8,1090.5,1092.85,1911
2023-02-22 12:30:00+05:30,1092.85,1098.0,1092.45,1094.75,2930
2023-02-22 12:45:00+05:30,1094.75,1094.75,1090.7,1092.0,2490
2023-02-22 13:00:00+05:30,1092.0,1094.05,1090.65,1092.7,1147
2023-02-22 13:15:00+05:30,1092.7,1094.35,1090.7,1090.7,952
2023-02-22 13:30:00+05:30,1090.7,1094.0,1090.7,1092.05,718
2023-02-22 13:45:00+05:30,1092.05,1094.35,1090.55,1093.0,1106
2023-02-22 14:00:00+05:30,1093.0,1094.05,1090.1,1091.0,2313
2023-02-22 14:15:00+05:30,1091.0,1094.0,1091.0,1091.65,984
2023-02-22 14:30:00+05:30,1091.65,1093.45,1091.0,1092.75,1319
2023-02-22 14:45:00+05:30,1092.1,1100.0,1092.1,1098.95,4530
2023-02-22 15:00:00+05:30,1098.95,1098.95,1093.65,1094.55,2779
2023-02-22 15:15:00+05:30,1094.55,1105.0,1094.55,1103.25,8008
2023-02-22 15:30:00+05:30,1102.95,1104.2,1090.25,1100.85,8619
2023-02-23 09:30:00+05:30,1100.5,1123.0,1100.45,1112.15,30445
2023-02-23 09:45:00+05:30,1112.7,1113.7,1104.0,1106.05,9171
2023-02-23 10:00:00+05:30,1106.05,1113.2,1104.4,1112.1,7276
2023-02-23 10:15:00+05:30,1112.1,1119.55,1112.1,1113.25,5095
2023-02-23 10:30:00+05:30,1113.6,1117.75,1113.25,1116.55,2435
2023-02-23 10:45:00+05:30,1117.0,1117.0,1111.15,1113.7,8466
2023-02-23 11:00:00+05:30,1113.7,1116.3,1113.7,1115.2,1385
2023-02-23 11:15:00+05:30,1115.2,1116.0,1111.05,1113.45,2145
2023-02-23 11:30:00+05:30,1113.5,1116.3,1113.5,1116.0,2345
2023-02-23 11:45:00+05:30,1116.0,1118.95,1113.3,1116.0,1516
2023-02-23 12:00:00+05:30,1116.0,1119.55,1116.0,1119.25,2445
2023-02-23 12:15:00+05:30,1119.25,1121.1,1118.55,1118.55,4555
2023-02-23 12:30:00+05:30,1118.55,1120.0,1118.5,1119.35,1577
2023-02-23 12:45:00+05:30,1119.35,1122.9,1119.35,1120.0,5658
2023-02-23 13:00:00+05:30,1120.0,1123.0,1120.0,1122.05,1905
2023-02-23 13:15:00+05:30,1122.05,1128.0,1121.35,1126.0,11564
2023-02-23 13:30:00+05:30,1126.0,1129.0,1123.55,1123.7,4824
2023-02-23 13:45:00+05:30,1123.7,1127.95,1123.7,1127.05,3962
2023-02-23 14:00:00+05:30,1127.05,1129.95,1126.0,1129.5,3469
2023-02-23 14:15:00+05:30,1129.9,1129.9,1126.1,1126.9,1909
2023-02-23 14:30:00+05:30,1127.0,1127.5,1125.0,1126.0,3001
2023-02-23 14:45:00+05:30,1126.0,1129.9,1125.9,1129.35,10871
2023-02-23 15:00:00+05:30,1129.35,1132.9,1129.3,1132.2,6431
2023-02-23 15:15:00+05:30,1132.75,1135.0,1130.0,1133.6,17343
2023-02-23 15:30:00+05:30,1133.6,1135.0,1130.0,1132.0,12907
2023-02-24 09:30:00+05:30,1138.0,1143.55,1133.4,1136.85,9116
2023-02-24 09:45:00+05:30,1136.9,1137.65,1133.3,1133.95,3267
2023-02-24 10:00:00+05:30,1133.95,1133.95,1126.2,1126.2,6060
2023-02-24 10:15:00+05:30,1126.2,1149.95,1126.2,1149.95,15176
2023-02-24 10:30:00+05:30,1152.0,1164.0,1152.0,1159.85,44028
2023-02-24 10:45:00+05:30,1159.25,1161.3,1158.75,1160.0,12802
2023-02-24 11:00:00+05:30,1160.0,1167.0,1160.0,1161.05,16258
2023-02-24 11:15:00+05:30,1161.05,1163.45,1161.05,1161.35,3350
2023-02-24 11:30:00+05:30,1161.35,1163.1,1161.35,1162.05,5249
2023-02-24 11:45:00+05:30,1162.05,1162.95,1160.0,1160.45,4937
2023-02-24 12:00:00+05:30,1160.45,1163.8,1157.75,1162.4,6068
2023-02-24 12:15:00+05:30,1162.4,1163.5,1158.0,1161.0,4490
2023-02-24 12:30:00+05:30,1161.0,1163.45,1160.35,1163.45,3942
2023-02-24 12:45:00+05:30,1161.8,1163.0,1160.15,1161.15,2747
2023-02-24 13:00:00+05:30,1161.15,1162.3,1160.15,1160.5,2212
2023-02-24 13:15:00+05:30,1160.5,1161.8,1160.0,1160.0,5809
2023-02-24 13:30:00+05:30,1160.0,1166.1,1160.0,1164.0,8083
2023-02-24 13:45:00+05:30,1164.0,1164.5,1161.05,1164.0,5697
2023-02-24 14:00:00+05:30,1164.0,1168.5,1163.5,1167.35,10852
2023-02-24 14:15:00+05:30,1167.85,1167.9,1158.2,1162.6,13954
2023-02-24 14:30:00+05:30,1162.6,1167.35,1161.0,1165.2,8906
2023-02-24 14:45:00+05:30,1165.05,1165.6,1162.35,1164.0,4008
2023-02-24 15:00:00+05:30,1163.75,1166.9,1162.35,1166.0,10474
2023-02-24 15:15:00+05:30,1165.9,1174.0,1165.65,1173.0,31541
2023-02-24 15:30:00+05:30,1173.0,1176.0,1170.0,1170.0,28491
2023-02-27 09:30:00+05:30,1162.9,1165.0,1145.85,1153.25,13174
2023-02-27 09:45:00+05:30,1153.25,1156.9,1144.8,1148.55,8521
2023-02-27 10:00:00+05:30,1149.25,1149.3,1140.3,1140.35,5296
2023-02-27 10:15:00+05:30,1140.4,1141.75,1131.0,1136.3,13121
2023-02-27 10:30:00+05:30,1136.25,1138.6,1133.8,1133.8,3856
2023-02-27 10:45:00+05:30,1133.8,1139.75,1133.8,1136.75,2488
2023-02-27 11:00:00+05:30,1136.75,1140.2,1135.85,1139.6,2866
2023-02-27 11:15:00+05:30,1139.6,1159.95,1138.9,1159.75,10227
2023-02-27 11:30:00+05:30,1159.85,1171.5,1159.85,1169.95,20799
2023-02-27 11:45:00+05:30,1170.85,1173.65,1170.0,1173.6,10302
2023-02-27 12:00:00+05:30,1174.55,1174.9,1170.0,1171.6,8857
2023-02-27 12:15:00+05:30,1171.8,1172.0,1170.0,1170.0,3568
2023-02-27 12:30:00+05:30,1170.0,1171.0,1170.0,1170.0,3561
2023-02-27 12:45:00+05:30,1170.0,1171.95,1170.0,1170.25,3380
2023-02-27 13:00:00+05:30,1170.2,1171.0,1169.0,1169.75,6005
2023-02-27 13:15:00+05:30,1169.75,1171.95,1169.7,1169.75,2721
2023-02-27 13:30:00+05:30,1169.75,1171.4,1169.55,1170.05,2769
2023-02-27 13:45:00+05:30,1170.05,1171.2,1169.5,1170.1,14094
2023-02-27 14:00:00+05:30,1170.1,1179.7,1170.05,1176.85,7536
2023-02-27 14:15:00+05:30,1177.05,1177.8,1170.0,1170.6,4011
2023-02-27 14:30:00+05:30,1170.6,1172.25,1169.75,1169.75,7446
2023-02-27 14:45:00+05:30,1170.5,1171.0,1169.75,1170.9,4487
2023-02-27 15:00:00+05:30,1170.9,1172.0,1169.75,1171.45,4431
2023-02-27 15:15:00+05:30,1171.9,1180.0,1170.9,1177.0,11763
2023-02-27 15:30:00+05:30,1177.9,1180.1,1171.95,1180.0,15131
2023-02-28 09:30:00+05:30,1180.0,1218.0,1180.0,1205.85,102932
2023-02-28 09:45:00+05:30,1206.25,1206.25,1195.3,1198.45,28106
2023-02-28 10:00:00+05:30,1197.7,1198.9,1191.4,1193.6,33059
2023-02-28 10:15:00+05:30,1194.0,1194.0,1190.5,1193.0,7392
2023-02-28 10:30:00+05:30,1193.45,1194.0,1191.45,1193.85,6590
2023-02-28 10:45:00+05:30,1193.85,1195.0,1192.95,1194.2,9224
2023-02-28 11:00:00+05:30,1193.2,1194.95,1191.0,1191.9,6639
2023-02-28 11:15:00+05:30,1192.2,1195.0,1191.1,1193.1,6118
2023-02-28 11:30:00+05:30,1193.0,1194.5,1190.65,1191.15,7930
2023-02-28 11:45:00+05:30,1191.15,1191.9,1187.55,1188.0,9788
2023-02-28 12:00:00+05:30,1188.0,1190.0,1184.95,1188.5,7709
2023-02-28 12:15:00+05:30,1187.55,1188.85,1180.55,1180.65,19835
2023-02-28 12:30:00+05:30,1180.7,1184.0,1180.7,1182.0,4117
2023-02-28 12:45:00+05:30,1182.0,1183.35,1182.0,1182.15,3425
2023-02-28 13:00:00+05:30,1182.15,1183.75,1180.8,1181.3,2934
2023-02-28 13:15:00+05:30,1181.7,1183.45,1181.6,1182.05,2866
2023-02-28 13:30:00+05:30,1181.55,1182.3,1176.05,1177.8,7207
2023-02-28 13:45:00+05:30,1176.8,1179.45,1173.05,1178.25,8993
2023-02-28 14:00:00+05:30,1178.25,1178.3,1173.05,1175.45,3245
2023-02-28 14:15:00+05:30,1174.6,1174.85,1170.0,1170.0,5085
2023-02-28 14:30:00+05:30,1170.0,1179.8,1170.0,1178.0,6588
2023-02-28 14:45:00+05:30,1178.0,1180.0,1172.15,1172.15,7411
2023-02-28 15:00:00+05:30,1172.15,1174.7,1167.65,1171.65,7620
2023-02-28 15:15:00+05:30,1173.15,1174.65,1160.95,1162.05,11519
2023-02-28 15:30:00+05:30,1162.0,1166.2,1150.0,1154.0,21319
2023-03-01 09:30:00+05:30,1155.0,1167.95,1154.1,1162.65,12087
2023-03-01 09:45:00+05:30,1161.15,1170.0,1159.05,1167.05,7570
2023-03-01 10:00:00+05:30,1167.05,1174.3,1164.55,1164.55,7469
2023-03-01 10:15:00+05:30,1164.65,1169.65,1164.65,1167.5,5105
2023-03-01 10:30:00+05:30,1167.5,1173.15,1167.5,1170.9,3384
2023-03-01 10:45:00+05:30,1170.9,1173.7,1170.9,1172.1,3661
2023-03-01 11:00:00+05:30,1171.2,1173.45,1171.2,1172.0,2545
2023-03-01 11:15:00+05:30,1172.75,1176.0,1171.2,1174.2,5647
2023-03-01 11:30:00+05:30,1174.2,1178.8,1174.2,1178.35,4173
2023-03-01 11:45:00+05:30,1178.35,1181.9,1169.0,1171.05,20854
2023-03-01 12:00:00+05:30,1171.05,1178.0,1170.0,1177.0,4593
2023-03-01 12:15:00+05:30,1177.5,1183.5,1176.0,1182.25,6898
2023-03-01 12:30:00+05:30,1182.2,1198.95,1182.0,1186.6,57480
2023-03-01 12:45:00+05:30,1186.6,1187.9,1176.05,1176.55,13601
2023-03-01 13:00:00+05:30,1176.55,1178.2,1176.05,1176.55,4367
2023-03-01 13:15:00+05:30,1176.55,1178.15,1176.05,1176.05,2687
2023-03-01 13:30:00+05:30,1176.05,1181.9,1176.05,1178.8,5427
2023-03-01 13:45:00+05:30,1179.45,1180.65,1177.0,1179.05,2805
2023-03-01 14:00:00+05:30,1180.6,1185.0,1179.0,1184.25,3743
2023-03-01 14:15:00+05:30,1184.25,1195.2,1184.25,1188.05,33421
2023-03-01 14:30:00+05:30,1188.05,1193.45,1184.0,1184.0,7222
2023-03-01 14:45:00+05:30,1185.35,1189.6,1185.05,1188.05,2551
2023-03-01 15:00:00+05:30,1188.05,1190.0,1186.25,1186.95,6144
2023-03-01 15:15:00+05:30,1188.5,1188.5,1174.3,1174.35,10350
2023-03-01 15:30:00+05:30,1174.35,1185.0,1171.6,1185.0,11461
2023-03-02 09:30:00+05:30,1174.95,1190.0,1172.05,1180.2,14181
2023-03-02 09:45:00+05:30,1180.05,1189.95,1180.05,1184.1,7742
2023-03-02 10:00:00+05:30,1184.1,1185.75,1180.8,1183.1,1749
2023-03-02 10:15:00+05:30,1182.6,1184.85,1180.0,1180.95,4598
2023-03-02 10:30:00+05:30,1181.8,1181.8,1176.5,1177.8,3212
2023-03-02 10:45:00+05:30,1177.95,1182.25,1177.55,1181.05,2486
2023-03-02 11:00:00+05:30,1182.55,1191.35,1181.25,1183.6,9239
2023-03-02 11:15:00+05:30,1183.55,1185.0,1180.0,1180.0,2989
2023-03-02 11:30:00+05:30,1180.0,1180.3,1178.05,1179.45,807
2023-03-02 11:45:00+05:30,1179.45,1180.0,1178.15,1179.05,1048
2023-03-02 12:00:00+05:30,1179.05,1182.8,1179.05,1182.5,1328
2023-03-02 12:15:00+05:30,1181.25,1188.2,1181.25,1183.4,2175
2023-03-02 12:30:00+05:30,1182.75,1186.1,1181.4,1186.1,2161
2023-03-02 12:45:00+05:30,1185.7,1188.95,1185.7,1187.65,1088
2023-03-02 13:00:00+05:30,1187.65,1188.9,1184.55,1184.6,1910
2023-03-02 13:15:00+05:30,1184.65,1190.0,1184.65,1189.0,1514
2023-03-02 13:30:00+05:30,1188.45,1190.0,1186.3,1186.45,1746
2023-03-02 13:45:00+05:30,1186.45,1189.65,1186.45,1187.8,1267
2023-03-02 14:00:00+05:30,1187.65,1191.35,1186.6,1189.7,2115
2023-03-02 14:15:00+05:30,1191.0,1192.65,1189.05,1192.0,3910
2023-03-02 14:30:00+05:30,1191.15,1194.95,1190.05,1194.2,4965
2023-03-02 14:45:00+05:30,1194.2,1197.1,1193.9,1195.55,5019
2023-03-02 15:00:00+05:30,1195.0,1197.0,1190.0,1191.5,7767
2023-03-02 15:15:00+05:30,1191.5,1195.5,1191.5,1195.0,6592
2023-03-02 15:30:00+05:30,1195.0,1195.5,1180.0,1186.0,12453
2023-03-03 09:30:00+05:30,1199.0,1215.0,1196.95,1208.8,41377
2023-03-03 09:45:00+05:30,1208.4,1209.5,1201.5,1203.55,20966
2023-03-03 10:00:00+05:30,1205.15,1207.85,1202.15,1205.9,11823
2023-03-03 10:15:00+05:30,1205.9,1206.0,1203.0,1205.65,7272
2023-03-03 10:30:00+05:30,1205.95,1207.45,1204.05,1204.9,14186
2023-03-03 10:45:00+05:30,1206.15,1206.4,1198.05,1198.05,9200
2023-03-03 11:00:00+05:30,1198.9,1202.85,1198.05,1200.15,9300
2023-03-03 11:15:00+05:30,1201.1,1201.3,1199.0,1199.8,5137
2023-03-03 11:30:00+05:30,1200.05,1202.15,1199.5,1200.45,7414
2023-03-03 11:45:00+05:30,1201.5,1202.95,1199.5,1201.0,6158
2023-03-03 12:00:00+05:30,1202.0,1205.4,1199.85,1204.45,7972
2023-03-03 12:15:00+05:30,1204.45,1205.7,1200.7,1201.1,8286
2023-03-03 12:30:00+05:30,1201.1,1203.4,1200.1,1201.4,5974
2023-03-03 12:45:00+05:30,1201.9,1203.0,1200.6,1202.0,5807
2023-03-03 13:00:00+05:30,1202.0,1204.6,1201.2,1202.95,5206
2023-03-03 13:15:00+05:30,1203.75,1204.85,1202.4,1203.45,5333
2023-03-03 13:30:00+05:30,1203.45,1205.35,1202.2,1205.05,10461
2023-03-03 13:45:00+05:30,1203.95,1208.5,1203.95,1206.05,10945
2023-03-03 14:00:00+05:30,1205.7,1207.0,1205.5,1205.5,6266
2023-03-03 14:15:00+05:30,1205.5,1206.7,1203.0,1203.0,6800
2023-03-03 14:30:00+05:30,1203.2,1203.35,1198.25,1201.2,7934
2023-03-03 14:45:00+05:30,1201.2,1201.35,1198.1,1200.0,4330
2023-03-03 15:00:00+05:30,1200.0,1201.0,1199.1,1200.0,4992
2023-03-03 15:15:00+05:30,1200.0,1200.95,1198.1,1198.6,5593
2023-03-03 15:30:00+05:30,1198.6,1199.3,1187.95,1191.8,13676
2023-03-06 09:30:00+05:30,1199.0,1204.25,1192.55,1198.9,6742
2023-03-06 09:45:00+05:30,1199.45,1206.5,1197.75,1203.0,6269
2023-03-06 10:00:00+05:30,1203.0,1204.0,1200.25,1204.0,4134
2023-03-06 10:15:00+05:30,1204.0,1208.05,1203.0,1204.05,6050
2023-03-06 10:30:00+05:30,1204.7,1205.45,1196.05,1196.15,6448
2023-03-06 10:45:00+05:30,1196.85,1197.0,1189.5,1192.4,7022
2023-03-06 11:00:00+05:30,1192.1,1192.5,1188.0,1188.0,6266
2023-03-06 11:15:00+05:30,1188.0,1192.3,1188.0,1192.3,2971
2023-03-06 11:30:00+05:30,1191.5,1194.95,1191.5,1194.2,2448
2023-03-06 11:45:00+05:30,1194.2,1199.0,1194.2,1197.8,5200
2023-03-06 12:00:00+05:30,1198.0,1207.4,1197.9,1200.0,16107
2023-03-06 12:15:00+05:30,1198.75,1200.2,1198.75,1199.45,1690
2023-03-06 12:30:00+05:30,1199.4,1201.6,1199.4,1200.0,2764
2023-03-06 12:45:00+05:30,1200.3,1203.75,1200.0,1200.0,4532
2023-03-06 13:00:00+05:30,1200.05,1214.2,1200.05,1212.0,42605
2023-03-06 13:15:00+05:30,1212.75,1214.0,1205.9,1206.25,8154
2023-03-06 13:30:00+05:30,1207.0,1208.85,1203.4,1206.5,6179
2023-03-06 13:45:00+05:30,1206.75,1209.85,1206.0,1207.75,4940
2023-03-06 14:00:00+05:30,1207.75,1212.95,1207.75,1212.0,7202
2023-03-06 14:15:00+05:30,1212.4,1214.0,1209.3,1212.15,8569
2023-03-06 14:30:00+05:30,1212.15,1214.0,1207.5,1207.5,10481
2023-03-06 14:45:00+05:30,1207.75,1211.0,1206.2,1209.9,8687
2023-03-06 15:00:00+05:30,1210.0,1213.0,1207.95,1210.8,4399
2023-03-06 15:15:00+05:30,1212.15,1215.0,1211.05,1213.45,9302
2023-03-06 15:30:00+05:30,1213.7,1215.0,1206.55,1207.95,14826
2023-03-08 09:30:00+05:30,1207.95,1211.9,1201.05,1207.1,9451
2023-03-08 09:45:00+05:30,1207.7,1208.3,1200.0,1200.75,6581
2023-03-08 10:00:00+05:30,1200.75,1203.95,1200.5,1202.5,1169
2023-03-08 10:15:00+05:30,1202.5,1204.0,1202.2,1203.0,865
2023-03-08 10:30:00+05:30,1203.0,1225.0,1202.2,1217.15,30989
2023-03-08 10:45:00+05:30,1216.65,1218.5,1210.8,1214.0,8527
2023-03-08 11:00:00+05:30,1214.0,1224.4,1212.15,1221.0,17828
2023-03-08 11:15:00+05:30,1221.85,1224.6,1216.05,1219.95,9502
2023-03-08 11:30:00+05:30,1219.85,1224.0,1217.6,1219.2,6931
2023-03-08 11:45:00+05:30,1219.05,1223.85,1218.45,1222.1,2407
2023-03-08 12:00:00+05:30,1222.1,1222.35,1219.0,1219.45,13496
2023-03-08 12:15:00+05:30,1220.0,1220.0,1216.05,1216.05,7043
2023-03-08 12:30:00+05:30,1215.05,1216.25,1210.0,1212.55,6256
2023-03-08 12:45:00+05:30,1212.55,1212.55,1210.0,1211.35,2989
2023-03-08 13:00:00+05:30,1211.35,1213.2,1211.3,1212.25,1912
2023-03-08 13:15:00+05:30,1212.25,1214.0,1210.55,1213.3,2908
2023-03-08 13:30:00+05:30,1213.3,1214.45,1212.6,1213.95,5641
2023-03-08 13:45:00+05:30,1213.95,1214.1,1212.5,1212.7,3922
2023-03-08 14:00:00+05:30,1212.7,1214.6,1212.5,1214.0,5293
2023-03-08 14:15:00+05:30,1213.9,1214.6,1212.9,1213.2,4295
2023-03-08 14:30:00+05:30,1213.25,1215.0,1213.2,1215.0,4693
2023-03-08 14:45:00+05:30,1213.85,1219.05,1213.85,1218.6,3284
2023-03-08 15:00:00+05:30,1218.6,1221.0,1216.2,1216.25,6570
2023-03-08 15:15:00+05:30,1217.15,1221.1,1215.1,1220.0,10321
2023-03-08 15:30:00+05:30,1220.0,1220.0,1214.3,1214.3,7464
2023-03-09 09:30:00+05:30,1218.5,1220.95,1211.5,1215.0,4720
2023-03-09 09:45:00+05:30,1216.55,1217.65,1212.0,1213.2,2948
2023-03-09 10:00:00+05:30,1212.15,1214.25,1211.0,1211.0,2523
2023-03-09 10:15:00+05:30,1210.65,1212.0,1207.0,1211.0,4200
2023-03-09 10:30:00+05:30,1211.0,1214.5,1208.95,1213.25,2973
2023-03-09 10:45:00+05:30,1213.25,1218.05,1213.25,1216.05,3182
2023-03-09 11:00:00+05:30,1216.05,1217.4,1216.05,1216.7,1197
2023-03-09 11:15:00+05:30,1216.7,1219.0,1216.7,1217.75,1180
2023-03-09 11:30:00+05:30,1217.7,1219.9,1216.35,1216.9,2872
2023-03-09 11:45:00+05:30,1217.15,1218.4,1216.7,1216.7,5507
2023-03-09 12:00:00+05:30,1216.8,1217.75,1216.4,1216.65,1852
2023-03-09 12:15:00+05:30,1216.65,1217.9,1216.4,1216.9,60743
2023-03-09 12:30:00+05:30,1216.9,1217.45,1216.5,1216.5,2672
2023-03-09 12:45:00+05:30,1216.5,1217.5,1216.4,1216.4,2617
2023-03-09 13:00:00+05:30,1216.4,1217.0,1214.95,1215.2,2866
2023-03-09 13:15:00+05:30,1215.2,1216.0,1213.75,1215.95,6821
2023-03-09 13:30:00+05:30,1215.4,1217.45,1215.0,1217.45,6060
2023-03-09 13:45:00+05:30,1216.9,1217.5,1215.9,1216.3,2930
2023-03-09 14:00:00+05:30,1216.3,1216.85,1215.0,1215.6,3492
2023-03-09 14:15:00+05:30,1215.6,1216.05,1215.0,1215.4,4003
2023-03-09 14:30:00+05:30,1215.4,1216.2,1215.0,1215.45,5989
2023-03-09 14:45:00+05:30,1215.45,1216.2,1207.55,1209.0,7663
2023-03-09 15:00:00+05:30,1209.0,1210.9,1208.05,1208.05,1939
2023-03-09 15:15:00+05:30,1208.4,1208.95,1201.75,1205.55,6654
2023-03-09 15:30:00+05:30,1204.45,1210.0,1204.45,1207.0,4554
2023-03-10 09:30:00+05:30,1200.0,1207.45,1196.05,1198.1,9469
2023-03-10 09:45:00+05:30,1199.0,1200.0,1196.1,1196.7,3703
2023-03-10 10:00:00+05:30,1196.7,1198.7,1195.0,1195.05,3275
2023-03-10 10:15:00+05:30,1195.55,1198.6,1192.55,1196.0,5700
2023-03-10 10:30:00+05:30,1196.0,1200.55,1195.4,1195.4,36255
2023-03-10 10:45:00+05:30,1196.6,1197.85,1190.0,1192.05,10067
2023-03-10 11:00:00+05:30,1192.0,1199.45,1191.8,1198.55,4627
2023-03-10 11:15:00+05:30,1199.45,1200.05,1194.55,1195.05,12524
2023-03-10 11:30:00+05:30,1195.1,1196.2,1192.2,1192.5,3089
2023-03-10 11:45:00+05:30,1192.5,1198.45,1192.5,1195.85,2931
2023-03-10 12:00:00+05:30,1195.9,1195.9,1194.0,1194.85,1886
2023-03-10 12:15:00+05:30,1194.85,1195.85,1194.15,1194.75,1593
2023-03-10 12:30:00+05:30,1194.75,1196.05,1194.65,1195.35,707
2023-03-10 12:45:00+05:30,1195.35,1199.0,1195.35,1198.7,1658
2023-03-10 13:00:00+05:30,1198.7,1198.7,1194.5,1196.85,5298
2023-03-10 13:15:00+05:30,1196.85,1200.95,1196.85,1200.85,2450
2023-03-10 13:30:00+05:30,1200.85,1203.05,1200.0,1202.05,4497
2023-03-10 13:45:00+05:30,1202.0,1204.55,1200.5,1200.55,2610
2023-03-10 14:00:00+05:30,1200.55,1200.95,1199.3,1199.3,5030
2023-03-10 14:15:00+05:30,1199.3,1200.2,1199.3,1199.95,7861
2023-03-10 14:30:00+05:30,1199.95,1200.1,1195.5,1195.9,3399
2023-03-10 14:45:00+05:30,1195.9,1200.0,1195.9,1198.35,5722
2023-03-10 15:00:00+05:30,1198.35,1200.1,1198.35,1199.95,5809
2023-03-10 15:15:00+05:30,1200.0,1200.0,1198.1,1199.05,7309
2023-03-10 15:30:00+05:30,1199.05,1200.45,1199.0,1200.0,10092
2023-03-13 09:30:00+05:30,1199.9,1200.0,1185.1,1189.35,13189
2023-03-13 09:45:00+05:30,1190.2,1193.05,1179.55,1186.75,13433
2023-03-13 10:00:00+05:30,1186.6,1186.6,1166.35,1167.55,9142
2023-03-13 10:15:00+05:30,1167.55,1178.2,1166.6,1172.95,5666
2023-03-13 10:30:00+05:30,1173.45,1174.5,1166.95,1168.15,4676
2023-03-13 10:45:00+05:30,1168.25,1171.15,1167.0,1170.0,4426
2023-03-13 11:00:00+05:30,1170.0,1174.3,1169.85,1173.3,1326
2023-03-13 11:15:00+05:30,1173.3,1176.2,1172.45,1173.85,2888
2023-03-13 11:30:00+05:30,1173.85,1175.55,1173.35,1173.55,1674
2023-03-13 11:45:00+05:30,1173.55,1175.6,1173.5,1174.65,1420
2023-03-13 12:00:00+05:30,1174.9,1176.45,1174.65,1175.5,2323
2023-03-13 12:15:00+05:30,1175.6,1175.7,1172.75,1173.3,1537
2023-03-13 12:30:00+05:30,1173.3,1174.1,1170.8,1172.0,1779
2023-03-13 12:45:00+05:30,1172.0,1173.0,1168.5,1169.9,1996
2023-03-13 13:00:00+05:30,1169.9,1172.8,1166.0,1167.15,2954
2023-03-13 13:15:00+05:30,1167.15,1169.9,1167.15,1169.6,605
2023-03-13 13:30:00+05:30,1169.6,1174.2,1168.4,1174.0,2005
2023-03-13 13:45:00+05:30,1174.0,1176.45,1170.5,1174.55,2824
2023-03-13 14:00:00+05:30,1174.45,1174.9,1170.05,1171.4,2380
2023-03-13 14:15:00+05:30,1171.95,1173.1,1165.8,1165.9,2516
2023-03-13 14:30:00+05:30,1165.7,1165.85,1156.05,1158.6,10401
2023-03-13 14:45:00+05:30,1159.7,1159.7,1152.1,1156.55,6863
2023-03-13 15:00:00+05:30,1156.55,1156.55,1151.0,1155.0,4689
2023-03-13 15:15:00+05:30,1155.0,1162.3,1151.55,1152.3,9741
2023-03-13 15:30:00+05:30,1153.15,1155.65,1145.55,1150.05,12291
2023-03-14 09:30:00+05:30,1154.15,1159.9,1144.55,1154.0,6065
2023-03-14 09:45:00+05:30,1154.0,1160.8,1150.65,1152.4,4229
2023-03-14 10:00:00+05:30,1152.4,1153.55,1149.0,1151.15,2710
2023-03-14 10:15:00+05:30,1151.15,1151.15,1146.0,1146.0,889
2023-03-14 10:30:00+05:30,1146.0,1146.55,1140.0,1141.35,5779
2023-03-14 10:45:00+05:30,1141.35,1142.35,1140.0,1141.05,2703
2023-03-14 11:00:00+05:30,1141.05,1142.55,1140.0,1140.9,887
2023-03-14 11:15:00+05:30,1140.9,1147.5,1140.55,1140.95,4211
2023-03-14 11:30:00+05:30,1141.5,1141.5,1140.0,1141.45,2128
2023-03-14 11:45:00+05:30,1141.45,1145.0,1140.75,1142.0,2991
2023-03-14 12:00:00+05:30,1142.05,1143.15,1133.0,1133.0,7597
2023-03-14 12:15:00+05:30,1133.0,1135.0,1130.0,1130.3,2358
2023-03-14 12:30:00+05:30,1130.4,1138.0,1130.05,1136.65,1911
2023-03-14 12:45:00+05:30,1136.25,1138.65,1130.0,1130.25,2393
2023-03-14 13:00:00+05:30,1130.45,1132.4,1125.0,1126.6,3689
2023-03-14 13:15:00+05:30,1126.6,1127.5,1125.0,1126.45,1612
2023-03-14 13:30:00+05:30,1126.45,1129.9,1125.0,1129.9,2372
2023-03-14 13:45:00+05:30,1129.9,1132.35,1126.05,1128.9,1025
2023-03-14 14:00:00+05:30,1128.9,1139.5,1128.6,1135.0,3302
2023-03-14 14:15:00+05:30,1135.0,1138.45,1134.35,1135.65,1591
2023-03-14 14:30:00+05:30,1135.75,1141.6,1135.7,1141.5,2751
2023-03-14 14:45:00+05:30,1141.5,1141.9,1137.4,1140.75,1886
2023-03-14 15:00:00+05:30,1140.75,1146.0,1140.1,1146.0,4789
2023-03-14 15:15:00+05:30,1146.0,1147.85,1138.5,1140.0,6894
2023-03-14 15:30:00+05:30,1140.0,1159.0,1139.6,1159.0,4689
2023-03-15 09:30:00+05:30,1153.0,1184.95,1153.0,1179.0,20998
2023-03-15 09:45:00+05:30,1179.9,1182.95,1177.0,1180.65,14546
2023-03-15 10:00:00+05:30,1180.0,1183.0,1178.15,1180.5,79291
2023-03-15 10:15:00+05:30,1180.6,1184.0,1179.0,1180.05,7275
2023-03-15 10:30:00+05:30,1180.05,1181.35,1173.5,1179.0,8046
2023-03-15 10:45:00+05:30,1180.25,1181.0,1178.7,1179.9,4257
2023-03-15 11:00:00+05:30,1179.95,1179.95,1172.5,1179.3,5714
2023-03-15 11:15:00+05:30,1179.3,1179.35,1176.0,1178.0,3794
2023-03-15 11:30:00+05:30,1176.55,1182.7,1176.55,1180.0,6601
2023-03-15 11:45:00+05:30,1180.0,1181.45,1177.5,1179.25,3554
2023-03-15 12:00:00+05:30,1179.75,1180.0,1178.0,1178.7,2357
2023-03-15 12:15:00+05:30,1179.5,1181.55,1178.0,1180.0,20742
2023-03-15 12:30:00+05:30,1180.0,1181.0,1176.65,1178.0,10372
2023-03-15 12:45:00+05:30,1178.0,1178.0,1174.05,1175.55,7867
2023-03-15 13:00:00+05:30,1175.55,1176.75,1173.05,1174.25,5218
2023-03-15 13:15:00+05:30,1174.25,1176.95,1173.3,1175.0,2864
2023-03-15 13:30:00+05:30,1175.0,1175.95,1174.05,1175.0,2515
2023-03-15 13:45:00+05:30,1175.0,1176.3,1173.05,1174.2,2264
2023-03-15 14:00:00+05:30,1174.2,1174.9,1168.0,1171.45,4125
2023-03-15 14:15:00+05:30,1170.8,1171.45,1168.65,1169.5,1485
2023-03-15 14:30:00+05:30,1169.5,1169.8,1165.6,1167.9,2273
2023-03-15 14:45:00+05:30,1167.4,1177.0,1164.0,1176.75,5814
2023-03-15 15:00:00+05:30,1176.95,1181.0,1170.1,1172.2,5727
2023-03-15 15:15:00+05:30,1172.2,1187.0,1170.05,1179.85,8350
2023-03-15 15:30:00+05:30,1179.85,1185.55,1169.4,1178.45,9375
2023-03-16 09:30:00+05:30,1179.6,1179.6,1163.25,1164.3,7949
2023-03-16 09:45:00+05:30,1165.1,1165.1,1150.05,1151.25,10038
2023-03-16 10:00:00+05:30,1151.25,1152.45,1143.0,1148.35,7345
2023-03-16 10:15:00+05:30,1148.35,1151.35,1147.05,1149.0,1053
2023-03-16 10:30:00+05:30,1149.8,1158.1,1149.8,1154.75,4075
2023-03-16 10:45:00+05:30,1154.0,1155.55,1151.2,1153.2,1534
2023-03-16 11:00:00+05:30,1153.55,1156.05,1149.9,1156.0,2484
2023-03-16 11:15:00+05:30,1154.2,1159.0,1154.2,1156.75,1294
2023-03-16 11:30:00+05:30,1156.0,1156.8,1152.25,1152.4,1042
2023-03-16 11:45:00+05:30,1152.4,1153.75,1150.05,1152.15,989
2023-03-16 12:00:00+05:30,1152.15,1153.75,1151.05,1151.1,1002
2023-03-16 12:15:00+05:30,1151.1,1153.65,1150.1,1151.5,607
2023-03-16 12:30:00+05:30,1151.5,1153.25,1150.15,1151.9,878
2023-03-16 12:45:00+05:30,1153.2,1153.5,1150.55,1151.5,872
2023-03-16 13:00:00+05:30,1151.75,1154.0,1151.0,1152.4,805
2023-03-16 13:15:00+05:30,1153.55,1154.45,1150.05,1150.95,1546
2023-03-16 13:30:00+05:30,1150.6,1158.9,1150.0,1156.0,5405
2023-03-16 13:45:00+05:30,1156.0,1156.4,1154.05,1154.5,1349
2023-03-16 14:00:00+05:30,1154.5,1155.9,1152.4,1155.9,1169
2023-03-16 14:15:00+05:30,1155.05,1173.05,1155.05,1167.05,12372
2023-03-16 14:30:00+05:30,1168.2,1175.0,1166.45,1170.25,6747
2023-03-16 14:45:00+05:30,1170.25,1172.8,1170.0,1170.05,1680
2023-03-16 15:00:00+05:30,1170.55,1171.85,1169.25,1170.0,16939
2023-03-16 15:15:00+05:30,1170.0,1183.95,1170.0,1180.75,12472
2023-03-16 15:30:00+05:30,1180.75,1185.05,1179.65,1179.65,10159
2023-03-17 09:30:00+05:30,1185.0,1188.45,1178.8,1183.95,5426
2023-03-17 09:45:00+05:30,1185.0,1195.0,1185.0,1191.3,11178
2023-03-17 10:00:00+05:30,1191.3,1192.75,1186.5,1187.1,1705
2023-03-17 10:15:00+05:30,1187.1,1194.9,1183.05,1188.0,78103
2023-03-17 10:30:00+05:30,1189.95,1190.1,1185.15,1186.7,2300
2023-03-17 10:45:00+05:30,1186.55,1190.65,1183.65,1190.55,3862
2023-03-17 11:00:00+05:30,1190.55,1197.6,1189.2,1190.2,3551
2023-03-17 11:15:00+05:30,1190.2,1191.9,1189.35,1190.5,1670
2023-03-17 11:30:00+05:30,1190.25,1191.9,1189.75,1190.15,1126
2023-03-17 11:45:00+05:30,1190.15,1190.15,1189.3,1190.1,1099
2023-03-17 12:00:00+05:30,1190.1,1191.25,1189.5,1190.05,756
2023-03-17 12:15:00+05:30,1190.1,1191.35,1182.7,1182.7,1992
2023-03-17 12:30:00+05:30,1182.7,1185.7,1180.05,1180.95,5313
2023-03-17 12:45:00+05:30,1181.2,1182.95,1180.1,1180.2,1270
2023-03-17 13:00:00+05:30,1180.1,1184.95,1180.1,1181.05,2256
2023-03-17 13:15:00+05:30,1181.05,1182.8,1180.5,1181.35,384
2023-03-17 13:30:00+05:30,1181.3,1184.0,1181.2,1182.3,843
2023-03-17 13:45:00+05:30,1181.95,1185.0,1180.0,1182.95,6407
2023-03-17 14:00:00+05:30,1181.45,1183.15,1180.6,1180.75,912
2023-03-17 14:15:00+05:30,1180.35,1181.55,1175.0,1175.2,2078
2023-03-17 14:30:00+05:30,1176.3,1176.35,1170.4,1172.05,1737
2023-03-17 14:45:00+05:30,1172.05,1181.45,1172.05,1181.15,5984
2023-03-17 15:00:00+05:30,1180.15,1180.15,1175.85,1177.2,2666
2023-03-17 15:15:00+05:30,1177.0,1196.0,1170.25,1181.6,12967
2023-03-17 15:30:00+05:30,1182.5,1195.15,1182.5,1188.0,16600
2023-03-20 09:30:00+05:30,1194.9,1209.0,1181.0,1193.5,23733
2023-03-20 09:45:00+05:30,1192.9,1201.0,1190.0,1195.65,7554
2023-03-20 10:00:00+05:30,1195.65,1197.2,1194.25,1194.95,2114
2023-03-20 10:15:00+05:30,1194.95,1199.0,1194.3,1196.45,1678
2023-03-20 10:30:00+05:30,1196.45,1200.15,1195.05,1196.3,3586
2023-03-20 10:45:00+05:30,1197.2,1198.95,1194.3,1198.95,2513
2023-03-20 11:00:00+05:30,1199.0,1199.0,1195.75,1197.65,595
2023-03-20 11:15:00+05:30,1197.65,1199.1,1196.05,1198.6,1045
2023-03-20 11:30:00+05:30,1197.05,1198.5,1195.3,1196.6,1221
2023-03-20 11:45:00+05:30,1196.6,1200.0,1196.0,1198.85,3526
2023-03-20 12:00:00+05:30,1198.85,1198.9,1195.05,1195.05,649
2023-03-20 12:15:00+05:30,1195.8,1197.5,1193.05,1193.05,1575
2023-03-20 12:30:00+05:30,1193.05,1195.0,1190.1,1192.7,3977
2023-03-20 12:45:00+05:30,1193.4,1194.15,1190.15,1193.0,1265
2023-03-20 13:00:00+05:30,1193.0,1194.9,1191.0,1192.9,1763
2023-03-20 13:15:00+05:30,1192.9,1192.95,1182.0,1182.85,4068
2023-03-20 13:30:00+05:30,1182.85,1184.4,1176.0,1177.0,4504
2023-03-20 13:45:00+05:30,1176.95,1183.95,1175.9,1181.45,3239
2023-03-20 14:00:00+05:30,1181.45,1189.2,1180.4,1182.9,5940
2023-03-20 14:15:00+05:30,1183.15,1184.35,1178.95,1181.15,13199
2023-03-20 14:30:00+05:30,1181.15,1182.45,1180.0,1182.0,5583
2023-03-20 14:45:00+05:30,1182.0,1184.25,1181.25,1183.6,10074
2023-03-20 15:00:00+05:30,1184.15,1184.25,1182.2,1182.45,1296
2023-03-20 15:15:00+05:30,1184.15,1184.2,1182.25,1183.5,2099
2023-03-20 15:30:00+05:30,1183.45,1183.9,1169.8,1170.5,12242
2023-03-21 09:30:00+05:30,1175.0,1179.8,1163.15,1170.65,6490
2023-03-21 09:45:00+05:30,1170.65,1172.45,1169.05,1170.0,4950
2023-03-21 10:00:00+05:30,1170.7,1178.8,1170.7,1175.85,3997
2023-03-21 10:15:00+05:30,1175.5,1175.5,1167.4,1167.65,18014
2023-03-21 10:30:00+05:30,1168.05,1168.05,1162.8,1165.0,13103
2023-03-21 10:45:00+05:30,1165.0,1171.8,1164.55,1171.8,4685
2023-03-21 11:00:00+05:30,1171.8,1177.5,1171.8,1175.1,2185
2023-03-21 11:15:00+05:30,1175.1,1182.9,1175.0,1180.95,3518
2023-03-21 11:30:00+05:30,1181.8,1182.0,1178.6,1178.6,1423
2023-03-21 11:45:00+05:30,1178.6,1180.45,1178.35,1178.5,1552
2023-03-21 12:00:00+05:30,1178.5,1178.9,1170.85,1171.0,3053
2023-03-21 12:15:00+05:30,1171.0,1172.8,1168.7,1168.7,3729
2023-03-21 12:30:00+05:30,1168.7,1171.0,1168.7,1169.9,493
2023-03-21 12:45:00+05:30,1169.9,1171.25,1169.9,1170.9,326
2023-03-21 13:00:00+05:30,1170.9,1171.85,1169.75,1170.6,269
2023-03-21 13:15:00+05:30,1170.6,1175.0,1170.05,1175.0,451
2023-03-21 13:30:00+05:30,1175.0,1176.1,1173.45,1175.1,1071
2023-03-21 13:45:00+05:30,1175.1,1178.0,1174.5,1177.95,885
2023-03-21 14:00:00+05:30,1177.95,1178.0,1176.05,1177.35,752
2023-03-21 14:15:00+05:30,1177.35,1177.35,1175.8,1176.95,859
2023-03-21 14:30:00+05:30,1176.95,1177.0,1171.15,1173.2,3020
2023-03-21 14:45:00+05:30,1173.2,1178.0,1170.05,1177.95,4241
2023-03-21 15:00:00+05:30,1178.0,1182.9,1176.65,1181.0,11373
2023-03-21 15:15:00+05:30,1181.0,1188.0,1178.55,1188.0,11919
2023-03-21 15:30:00+05:30,1189.0,1199.0,1189.0,1192.05,16491
2023-03-22 09:30:00+05:30,1197.0,1197.0,1184.25,1186.8,4604
2023-03-22 09:45:00+05:30,1186.8,1200.0,1185.0,1189.55,16766
2023-03-22 10:00:00+05:30,1189.55,1189.55,1183.2,1186.35,4451
2023-03-22 10:15:00+05:30,1186.35,1191.65,1185.0,1188.15,2715
2023-03-22 10:30:00+05:30,1188.05,1198.0,1187.5,1198.0,5935
2023-03-22 10:45:00+05:30,1198.0,1201.0,1190.95,1193.95,14341
2023-03-22 11:00:00+05:30,1193.95,1199.85,1193.95,1199.0,57702
2023-03-22 11:15:00+05:30,1199.75,1200.0,1195.35,1196.8,10911
2023-03-22 11:30:00+05:30,1196.8,1197.65,1195.05,1197.0,1233
2023-03-22 11:45:00+05:30,1197.0,1198.6,1195.05,1197.9,861
2023-03-22 12:00:00+05:30,1196.9,1198.15,1195.95,1196.4,887
2023-03-22 12:15:00+05:30,1197.2,1198.75,1196.05,1196.05,1230
2023-03-22 12:30:00+05:30,1196.05,1197.45,1191.2,1194.05,21880
2023-03-22 12:45:00+05:30,1194.05,1195.45,1193.25,1194.35,1207
2023-03-22 13:00:00+05:30,1194.35,1195.0,1191.5,1191.5,619
2023-03-22 13:15:00+05:30,1191.5,1191.5,1187.6,1188.85,1974
2023-03-22 13:30:00+05:30,1188.85,1190.05,1187.6,1187.95,2556
2023-03-22 13:45:00+05:30,1187.95,1190.8,1187.0,1189.55,5666
2023-03-22 14:00:00+05:30,1189.55,1190.0,1188.05,1189.0,1921
2023-03-22 14:15:00+05:30,1189.0,1190.0,1188.5,1189.0,3201
2023-03-22 14:30:00+05:30,1189.0,1189.8,1188.0,1189.1,2522
2023-03-22 14:45:00+05:30,1189.1,1190.05,1189.1,1189.5,5624
2023-03-22 15:00:00+05:30,1189.5,1190.05,1189.3,1190.0,6406
2023-03-22 15:15:00+05:30,1190.0,1190.1,1187.05,1189.25,2953
2023-03-22 15:30:00+05:30,1189.3,1191.6,1187.5,1190.0,28415
2023-03-23 09:30:00+05:30,1185.0,1185.9,1179.25,1184.65,3355
2023-03-23 09:45:00+05:30,1185.2,1187.0,1181.3,1183.8,2464
2023-03-23 10:00:00+05:30,1183.8,1187.0,1183.8,1185.0,994
2023-03-23 10:15:00+05:30,1185.0,1194.7,1185.0,1193.2,5321
2023-03-23 10:30:00+05:30,1193.2,1205.0,1191.55,1201.05,23754
2023-03-23 10:45:00+05:30,1201.05,1201.85,1196.0,1197.0,10421
2023-03-23 11:00:00+05:30,1197.0,1197.8,1192.15,1194.0,32911
2023-03-23 11:15:00+05:30,1194.0,1196.0,1192.5,1192.5,7888
2023-03-23 11:30:00+05:30,1192.5,1192.6,1188.45,1189.25,4644
2023-03-23 11:45:00+05:30,1189.25,1190.0,1188.45,1189.95,4342
2023-03-23 12:00:00+05:30,1189.95,1195.75,1189.0,1195.75,6128
2023-03-23 12:15:00+05:30,1196.0,1196.3,1193.55,1195.5,721
2023-03-23 12:30:00+05:30,1195.5,1199.85,1194.7,1195.75,7278
2023-03-23 12:45:00+05:30,1195.75,1198.65,1195.1,1198.0,1676
2023-03-23 13:00:00+05:30,1197.9,1197.95,1195.75,1196.95,258
2023-03-23 13:15:00+05:30,1196.95,1196.95,1195.05,1195.7,386
2023-03-23 13:30:00+05:30,1195.7,1198.65,1195.0,1197.75,1352
2023-03-23 13:45:00+05:30,1196.95,1198.75,1196.25,1197.75,1136
2023-03-23 14:00:00+05:30,1197.7,1198.0,1196.25,1198.0,990
2023-03-23 14:15:00+05:30,1197.75,1198.0,1195.75,1197.65,1014
2023-03-23 14:30:00+05:30,1197.65,1197.85,1193.3,1194.4,2560
2023-03-23 14:45:00+05:30,1194.4,1197.0,1189.05,1192.4,13533
2023-03-23 15:00:00+05:30,1192.4,1192.4,1189.65,1190.15,886
2023-03-23 15:15:00+05:30,1190.15,1199.95,1190.15,1198.0,15453
2023-03-23 15:30:00+05:30,1198.0,1198.0,1190.0,1191.95,8442
2023-03-24 09:30:00+05:30,1199.75,1202.9,1186.9,1194.0,6371
2023-03-24 09:45:00+05:30,1193.5,1200.7,1192.0,1200.7,3096
2023-03-24 10:00:00+05:30,1200.7,1222.0,1200.7,1216.7,29567
2023-03-24 10:15:00+05:30,1217.7,1217.7,1203.05,1205.25,8466
2023-03-24 10:30:00+05:30,1204.4,1208.85,1203.05,1203.2,3538
2023-03-24 10:45:00+05:30,1204.3,1204.65,1197.0,1197.8,6112
2023-03-24 11:00:00+05:30,1197.8,1200.0,1197.0,1197.1,2402
2023-03-24 11:15:00+05:30,1197.1,1198.7,1195.0,1196.7,3382
2023-03-24 11:30:00+05:30,1196.7,1198.95,1195.0,1195.2,1822
2023-03-24 11:45:00+05:30,1195.1,1197.5,1195.0,1196.0,1230
2023-03-24 12:00:00+05:30,1196.0,1200.0,1195.0,1196.05,2515
2023-03-24 12:15:00+05:30,1196.05,1197.95,1195.0,1195.1,1112
2023-03-24 12:30:00+05:30,1195.1,1196.5,1195.0,1195.1,923
2023-03-24 12:45:00+05:30,1195.1,1195.9,1193.45,1193.45,859
2023-03-24 13:00:00+05:30,1193.25,1193.25,1190.1,1191.15,3795
2023-03-24 13:15:00+05:30,1191.95,1196.95,1190.75,1195.0,1679
2023-03-24 13:30:00+05:30,1195.0,1196.3,1194.95,1194.95,1149
2023-03-24 13:45:00+05:30,1194.5,1195.0,1191.1,1193.7,1345
2023-03-24 14:00:00+05:30,1193.7,1194.75,1191.25,1193.0,2897
2023-03-24 14:15:00+05:30,1194.4,1196.55,1193.55,1194.55,2563
2023-03-24 14:30:00+05:30,1194.55,1195.75,1191.45,1191.45,4488
2023-03-24 14:45:00+05:30,1192.0,1194.3,1191.75,1192.2,3024
2023-03-24 15:00:00+05:30,1192.25,1195.65,1191.65,1195.0,3675
2023-03-24 15:15:00+05:30,1195.95,1196.5,1189.4,1189.5,6362
2023-03-24 15:30:00+05:30,1189.05,1196.0,1185.0,1195.0,12653
2023-03-27 09:30:00+05:30,1193.05,1199.0,1192.55,1194.05,5107
2023-03-27 09:45:00+05:30,1194.05,1197.3,1187.9,1189.0,5008
2023-03-27 10:00:00+05:30,1188.9,1189.0,1181.25,1187.9,6159
2023-03-27 10:15:00+05:30,1187.9,1189.0,1185.6,1185.6,1981
2023-03-27 10:30:00+05:30,1185.6,1193.4,1185.6,1188.0,3031
2023-03-27 10:45:00+05:30,1189.75,1195.45,1188.1,1189.8,2191
2023-03-27 11:00:00+05:30,1189.8,1202.95,1189.8,1199.0,6929
2023-03-27 11:15:00+05:30,1199.0,1206.8,1197.4,1205.1,10023
2023-03-27 11:30:00+05:30,1205.1,1212.0,1204.75,1207.1,8644
2023-03-27 11:45:00+05:30,1207.1,1214.0,1207.1,1208.05,7538
2023-03-27 12:00:00+05:30,1208.05,1211.3,1207.25,1210.0,2726
2023-03-27 12:15:00+05:30,1210.75,1210.75,1203.6,1204.85,2100
2023-03-27 12:30:00+05:30,1204.85,1205.0,1196.15,1197.85,3807
2023-03-27 12:45:00+05:30,1197.85,1199.4,1196.7,1199.0,1709
2023-03-27 13:00:00+05:30,1198.95,1200.0,1197.9,1199.35,2401
2023-03-27 13:15:00+05:30,1199.35,1200.0,1198.1,1199.85,1427
2023-03-27 13:30:00+05:30,1199.85,1200.0,1193.5,1194.85,3659
2023-03-27 13:45:00+05:30,1194.85,1194.85,1191.45,1192.0,2603
2023-03-27 14:00:00+05:30,1192.0,1194.1,1191.0,1194.0,3917
2023-03-27 14:15:00+05:30,1194.9,1194.9,1189.3,1193.25,11038
2023-03-27 14:30:00+05:30,1193.25,1197.85,1193.25,1196.5,2332
2023-03-27 14:45:00+05:30,1197.1,1198.0,1195.5,1197.25,1837
2023-03-27 15:00:00+05:30,1197.2,1197.25,1191.05,1191.95,12428
2023-03-27 15:15:00+05:30,1192.0,1192.85,1183.0,1184.85,7099
2023-03-27 15:30:00+05:30,1184.85,1184.9,1175.0,1177.0,9692
2023-03-28 09:30:00+05:30,1189.0,1189.7,1163.3,1172.0,11848
2023-03-28 09:45:00+05:30,1172.0,1175.95,1169.0,1170.95,7589
2023-03-28 10:00:00+05:30,1170.95,1177.6,1169.0,1173.0,5876
2023-03-28 10:15:00+05:30,1172.2,1177.55,1172.15,1176.05,2860
2023-03-28 10:30:00+05:30,1176.05,1177.55,1175.0,1175.65,1850
2023-03-28 10:45:00+05:30,1175.65,1175.65,1172.0,1172.85,1571
2023-03-28 11:00:00+05:30,1172.85,1173.5,1170.3,1172.9,980
2023-03-28 11:15:00+05:30,1172.9,1175.0,1171.75,1175.0,1476
2023-03-28 11:30:00+05:30,1175.0,1176.5,1174.2,1175.85,1644
2023-03-28 11:45:00+05:30,1175.8,1176.0,1173.75,1175.4,1184
2023-03-28 12:00:00+05:30,1175.4,1176.4,1174.0,1174.25,869
2023-03-28 12:15:00+05:30,1174.25,1175.25,1173.5,1174.2,1310
2023-03-28 12:30:00+05:30,1174.2,1176.45,1172.0,1176.45,3287
2023-03-28 12:45:00+05:30,1176.45,1177.6,1175.65,1176.0,677
2023-03-28 13:00:00+05:30,1176.0,1176.6,1175.55,1176.45,416
2023-03-28 13:15:00+05:30,1176.45,1177.0,1176.25,1177.0,922
2023-03-28 13:30:00+05:30,1177.0,1177.5,1173.0,1174.2,1071
2023-03-28 13:45:00+05:30,1174.2,1176.3,1173.25,1176.1,640
2023-03-28 14:00:00+05:30,1176.1,1179.0,1176.1,1177.9,2019
2023-03-28 14:15:00+05:30,1177.9,1178.65,1174.0,1175.9,2252
2023-03-28 14:30:00+05:30,1175.9,1180.0,1175.9,1179.85,1350
2023-03-28 14:45:00+05:30,1179.85,1180.0,1177.2,1178.5,749
2023-03-28 15:00:00+05:30,1178.5,1178.75,1176.45,1177.05,2357
2023-03-28 15:15:00+05:30,1177.65,1177.65,1174.05,1176.9,3729
2023-03-28 15:30:00+05:30,1176.9,1180.0,1173.25,1173.25,4093
2023-03-29 09:30:00+05:30,1175.95,1180.95,1170.05,1180.05,3999
2023-03-29 09:45:00+05:30,1180.05,1185.8,1180.05,1185.8,2512
2023-03-29 10:00:00+05:30,1185.8,1197.0,1184.7,1195.5,12934
2023-03-29 10:15:00+05:30,1195.5,1199.0,1189.5,1195.7,6213
2023-03-29 10:30:00+05:30,1195.7,1199.35,1194.65,1197.7,5710
2023-03-29 10:45:00+05:30,1197.7,1203.95,1196.6,1201.95,3720
2023-03-29 11:00:00+05:30,1201.7,1202.0,1191.0,1192.25,4906
2023-03-29 11:15:00+05:30,1192.25,1193.05,1186.65,1190.6,2284
2023-03-29 11:30:00+05:30,1191.0,1191.0,1188.3,1190.0,1921
2023-03-29 11:45:00+05:30,1190.0,1192.8,1189.9,1191.25,3651
2023-03-29 12:00:00+05:30,1191.25,1194.0,1190.9,1193.75,1258
2023-03-29 12:15:00+05:30,1193.75,1193.75,1189.55,1190.1,1090
2023-03-29 12:30:00+05:30,1190.1,1191.95,1186.8,1188.3,1641
2023-03-29 12:45:00+05:30,1188.3,1189.9,1188.3,1189.3,1041
2023-03-29 13:00:00+05:30,1189.3,1190.0,1188.05,1189.85,573
2023-03-29 13:15:00+05:30,1190.0,1190.0,1188.2,1188.85,1516
2023-03-29 13:30:00+05:30,1188.85,1190.0,1188.8,1189.3,1405
2023-03-29 13:45:00+05:30,1189.3,1190.0,1182.5,1183.4,3027
2023-03-29 14:00:00+05:30,1182.6,1184.2,1180.05,1180.8,3210
2023-03-29 14:15:00+05:30,1180.1,1182.45,1177.6,1177.65,3909
2023-03-29 14:30:00+05:30,1178.0,1182.15,1175.5,1180.2,3690
2023-03-29 14:45:00+05:30,1180.45,1188.8,1179.85,1187.15,2064
2023-03-29 15:00:00+05:30,1187.45,1189.8,1184.85,1184.85,2949
2023-03-29 15:15:00+05:30,1183.55,1187.25,1176.0,1180.85,7157
2023-03-29 15:30:00+05:30,1180.85,1181.95,1178.0,1180.0,18920
2023-03-31 09:30:00+05:30,1180.45,1197.35,1179.1,1193.6,17294
2023-03-31 09:45:00+05:30,1194.75,1216.95,1194.0,1213.9,22505
2023-03-31 10:00:00+05:30,1213.9,1219.0,1204.15,1206.55,13150
2023-03-31 10:15:00+05:30,1206.55,1212.05,1205.0,1209.8,4823
2023-03-31 10:30:00+05:30,1209.8,1219.9,1208.35,1219.0,25872
2023-03-31 10:45:00+05:30,1219.35,1225.0,1217.25,1219.3,386175
2023-03-31 11:00:00+05:30,1219.3,1219.65,1205.8,1206.0,16003
2023-03-31 11:15:00+05:30,1206.0,1207.8,1197.75,1201.3,13346
2023-03-31 11:30:00+05:30,1201.3,1201.9,1194.1,1200.0,8780
2023-03-31 11:45:00+05:30,1200.0,1203.85,1195.85,1196.15,5863
2023-03-31 12:00:00+05:30,1196.15,1198.0,1195.0,1197.2,2459
2023-03-31 12:15:00+05:30,1197.2,1197.35,1196.3,1197.0,1300
2023-03-31 12:30:00+05:30,1197.0,1198.0,1196.35,1197.5,1637
2023-03-31 12:45:00+05:30,1197.5,1198.0,1196.6,1197.95,2010
2023-03-31 13:00:00+05:30,1197.95,1198.0,1197.05,1197.3,2354
2023-03-31 13:15:00+05:30,1197.3,1198.0,1197.3,1197.95,1749
2023-03-31 13:30:00+05:30,1197.85,1198.75,1197.0,1197.05,4190
2023-03-31 13:45:00+05:30,1197.05,1198.0,1196.25,1197.6,2456
2023-03-31 14:00:00+05:30,1197.6,1198.25,1196.9,1198.0,2462
2023-03-31 14:15:00+05:30,1198.0,1200.95,1196.9,1197.95,6352
2023-03-31 14:30:00+05:30,1197.95,1198.0,1196.35,1197.25,3046
2023-03-31 14:45:00+05:30,1197.25,1198.35,1197.0,1198.0,1879
2023-03-31 15:00:00+05:30,1198.0,1198.0,1196.95,1197.95,5534
2023-03-31 15:15:00+05:30,1197.95,1198.0,1189.0,1194.0,13087
2023-03-31 15:30:00+05:30,1192.7,1198.0,1191.05,1197.0,13664
2023-04-03 09:30:00+05:30,1200.0,1204.95,1193.0,1193.0,12813
2023-04-03 09:45:00+05:30,1193.0,1194.45,1190.0,1193.8,3440
2023-04-03 10:00:00+05:30,1193.8,1200.0,1192.05,1197.8,4535
2023-04-03 10:15:00+05:30,1197.8,1198.0,1195.0,1197.0,1179
2023-04-03 10:30:00+05:30,1197.0,1197.3,1196.0,1197.3,505
2023-04-03 10:45:00+05:30,1197.3,1202.9,1195.7,1199.0,6844
2023-04-03 11:00:00+05:30,1197.35,1198.9,1192.7,1194.85,13142
2023-04-03 11:15:00+05:30,1194.85,1195.0,1191.1,1193.7,4625
2023-04-03 11:30:00+05:30,1193.7,1198.9,1193.7,1196.65,7122
2023-04-03 11:45:00+05:30,1196.65,1197.9,1195.45,1196.8,621
2023-04-03 12:00:00+05:30,1196.85,1197.85,1195.1,1196.8,1026
2023-04-03 12:15:00+05:30,1195.85,1195.85,1194.15,1195.0,5230
2023-04-03 12:30:00+05:30,1195.0,1195.0,1194.15,1194.85,13594
2023-04-03 12:45:00+05:30,1194.85,1195.5,1194.15,1195.0,1730
2023-04-03 13:00:00+05:30,1195.0,1195.0,1194.15,1194.25,2532
2023-04-03 13:15:00+05:30,1194.25,1194.95,1193.55,1194.95,564
2023-04-03 13:30:00+05:30,1194.95,1194.95,1193.3,1194.0,2830
2023-04-03 13:45:00+05:30,1194.0,1194.2,1192.6,1192.8,4080
2023-04-03 14:00:00+05:30,1192.8,1192.8,1147.45,1160.45,37646
2023-04-03 14:15:00+05:30,1160.45,1164.25,1159.4,1161.55,11281
2023-04-03 14:30:00+05:30,1161.7,1162.3,1157.25,1157.8,9335
2023-04-03 14:45:00+05:30,1157.8,1175.6,1157.25,1172.0,14266
2023-04-03 15:00:00+05:30,1172.0,1175.55,1170.0,1172.05,7559
2023-04-03 15:15:00+05:30,1172.05,1175.6,1171.7,1175.35,19972
2023-04-03 15:30:00+05:30,1175.0,1189.85,1175.0,1180.0,17383
2023-04-05 09:30:00+05:30,1178.45,1187.15,1176.1,1184.2,8076
2023-04-05 09:45:00+05:30,1184.15,1188.85,1183.5,1184.7,3934
2023-04-05 10:00:00+05:30,1185.15,1187.7,1185.05,1186.5,2371
2023-04-05 10:15:00+05:30,1186.5,1197.95,1185.1,1196.6,6755
2023-04-05 10:30:00+05:30,1196.6,1199.0,1194.35,1198.2,4644
2023-04-05 10:45:00+05:30,1198.2,1202.8,1198.05,1200.0,10434
2023-04-05 11:00:00+05:30,1200.45,1202.6,1199.05,1200.0,8654
2023-04-05 11:15:00+05:30,1200.8,1206.4,1196.55,1201.0,16579
2023-04-05 11:30:00+05:30,1201.0,1202.3,1199.0,1200.0,10397
2023-04-05 11:45:00+05:30,1200.0,1200.5,1193.0,1193.25,5597
2023-04-05 12:00:00+05:30,1193.25,1197.9,1191.0,1191.05,6593
2023-04-05 12:15:00+05:30,1190.55,1191.35,1188.25,1190.0,7864
2023-04-05 12:30:00+05:30,1190.0,1190.55,1175.1,1176.45,15485
2023-04-05 12:45:00+05:30,1175.1,1177.3,1172.1,1175.0,9559
2023-04-05 13:00:00+05:30,1175.5,1176.35,1173.0,1173.6,3580
2023-04-05 13:15:00+05:30,1173.5,1175.0,1172.6,1172.75,7180
2023-04-05 13:30:00+05:30,1172.5,1173.75,1172.05,1172.75,5506
2023-04-05 13:45:00+05:30,1172.8,1173.2,1170.6,1171.3,3755
2023-04-05 14:00:00+05:30,1171.3,1172.8,1169.5,1170.85,4843
2023-04-05 14:15:00+05:30,1170.55,1171.5,1168.1,1170.0,4919
2023-04-05 14:30:00+05:30,1170.0,1170.15,1169.0,1170.1,5252
2023-04-05 14:45:00+05:30,1170.1,1170.1,1168.05,1168.95,5113
2023-04-05 15:00:00+05:30,1168.95,1169.15,1166.65,1168.35,12327
2023-04-05 15:15:00+05:30,1168.3,1169.1,1163.05,1167.45,21776
2023-04-05 15:30:00+05:30,1167.45,1167.45,1160.0,1163.0,35975
2023-04-06 09:30:00+05:30,1166.0,1192.35,1166.0,1179.0,22735
2023-04-06 09:45:00+05:30,1179.45,1187.15,1177.2,1184.55,11774
2023-04-06 10:00:00+05:30,1184.35,1188.5,1182.05,1183.0,4839
2023-04-06 10:15:00+05:30,1183.0,1189.95,1183.0,1188.55,4345
2023-04-06 10:30:00+05:30,1188.55,1189.95,1186.5,1187.4,2186
2023-04-06 10:45:00+05:30,1187.4,1188.75,1186.55,1188.75,2389
2023-04-06 11:00:00+05:30,1188.75,1189.25,1185.4,1188.85,3322
2023-04-06 11:15:00+05:30,1188.85,1189.25,1188.0,1189.25,1419
2023-04-06 11:30:00+05:30,1189.25,1196.95,1188.3,1192.35,6683
2023-04-06 11:45:00+05:30,1192.35,1193.0,1188.0,1188.8,1740
2023-04-06 12:00:00+05:30,1188.8,1189.85,1167.25,1169.2,16604
2023-04-06 12:15:00+05:30,1169.2,1170.3,1162.5,1164.85,11646
2023-04-06 12:30:00+05:30,1164.85,1165.5,1163.55,1164.25,6879
2023-04-06 12:45:00+05:30,1164.25,1165.0,1163.55,1164.0,3678
2023-04-06 13:00:00+05:30,1164.0,1164.8,1163.0,1163.25,2255
2023-04-06 13:15:00+05:30,1163.25,1164.3,1161.0,1162.4,5657
2023-04-06 13:30:00+05:30,1162.4,1164.95,1161.7,1163.05,3549
2023-04-06 13:45:00+05:30,1163.35,1164.25,1156.2,1157.0,10918
2023-04-06 14:00:00+05:30,1157.05,1158.35,1152.0,1156.2,6503
2023-04-06 14:15:00+05:30,1156.2,1157.55,1150.85,1152.45,7531
2023-04-06 14:30:00+05:30,1152.45,1153.0,1151.05,1152.95,3096
2023-04-06 14:45:00+05:30,1152.95,1155.0,1151.4,1153.5,6198
2023-04-06 15:00:00+05:30,1153.5,1155.25,1153.15,1154.9,2898
2023-04-06 15:15:00+05:30,1154.85,1154.9,1149.85,1153.25,10311
2023-04-06 15:30:00+05:30,1153.3,1153.9,1152.0,1153.9,10496
2023-04-10 09:30:00+05:30,1154.0,1170.45,1151.0,1152.45,16834
2023-04-10 09:45:00+05:30,1151.6,1151.6,1145.0,1150.2,34906
2023-04-10 10:00:00+05:30,1150.2,1150.6,1144.25,1146.0,7619
2023-04-10 10:15:00+05:30,1147.25,1149.65,1147.0,1149.0,2538
2023-04-10 10:30:00+05:30,1149.0,1149.0,1146.0,1147.75,2055
2023-04-10 10:45:00+05:30,1147.75,1147.8,1130.5,1132.0,22439
2023-04-10 11:00:00+05:30,1132.0,1133.75,1127.0,1130.0,12347
2023-04-10 11:15:00+05:30,1130.0,1130.95,1126.35,1129.3,17856
2023-04-10 11:30:00+05:30,1129.3,1133.4,1126.1,1130.2,23171
2023-04-10 11:45:00+05:30,1130.2,1130.2,1123.1,1126.6,18999
2023-04-10 12:00:00+05:30,1126.6,1128.0,1112.25,1120.0,30915
2023-04-10 12:15:00+05:30,1120.0,1122.4,1118.5,1120.0,12679
2023-04-10 12:30:00+05:30,1120.0,1120.0,1118.85,1119.75,3564
2023-04-10 12:45:00+05:30,1119.75,1120.0,1117.5,1117.95,7673
2023-04-10 13:00:00+05:30,1118.0,1119.5,1117.5,1118.0,4843
2023-04-10 13:15:00+05:30,1118.0,1119.95,1117.85,1118.8,3600
2023-04-10 13:30:00+05:30,1118.45,1120.85,1117.5,1117.65,11853
2023-04-10 13:45:00+05:30,1117.55,1119.5,1117.55,1117.8,4279
2023-04-10 14:00:00+05:30,1118.0,1119.5,1117.5,1119.0,3670
2023-04-10 14:15:00+05:30,1119.0,1119.0,1114.25,1114.35,10336
2023-04-10 14:30:00+05:30,1115.4,1116.0,1113.1,1115.2,7796
2023-04-10 14:45:00+05:30,1115.2,1116.0,1114.0,1114.25,4270
2023-04-10 15:00:00+05:30,1114.25,1114.25,1110.6,1111.0,17932
2023-04-10 15:15:00+05:30,1110.5,1112.65,1109.85,1111.25,39394
2023-04-10 15:30:00+05:30,1111.25,1115.0,1105.25,1114.85,60420
2023-04-11 09:30:00+05:30,1115.9,1125.45,1106.55,1107.5,20030
2023-04-11 09:45:00+05:30,1107.5,1115.3,1107.2,1113.0,10141
2023-04-11 10:00:00+05:30,1112.8,1115.3,1095.0,1096.55,35836
2023-04-11 10:15:00+05:30,1096.55,1096.75,1089.0,1090.5,25454
2023-04-11 10:30:00+05:30,1090.65,1094.2,1085.85,1090.0,33768
2023-04-11 10:45:00+05:30,1090.25,1093.0,1086.05,1090.3,34657
2023-04-11 11:00:00+05:30,1090.3,1094.25,1087.0,1089.95,56171
2023-04-11 11:15:00+05:30,1089.3,1092.4,1088.65,1091.05,54318
2023-04-11 11:30:00+05:30,1090.0,1106.0,1090.0,1106.0,35585
2023-04-11 11:45:00+05:30,1106.0,1106.0,1092.0,1092.0,29898
2023-04-11 12:00:00+05:30,1092.75,1094.7,1086.3,1087.0,36242
2023-04-11 12:15:00+05:30,1086.4,1086.4,1077.0,1079.95,28092
2023-04-11 12:30:00+05:30,1079.95,1082.0,1075.05,1078.3,19379
2023-04-11 12:45:00+05:30,1078.3,1080.5,1076.3,1078.25,38192
2023-04-11 13:00:00+05:30,1078.25,1083.55,1077.5,1083.35,18441
2023-04-11 13:15:00+05:30,1083.8,1088.0,1080.0,1081.95,16557
2023-04-11 13:30:00+05:30,1081.95,1084.9,1080.1,1081.8,13850
2023-04-11 13:45:00+05:30,1080.95,1085.0,1077.65,1081.45,316985
2023-04-11 14:00:00+05:30,1082.5,1082.5,1078.0,1078.0,8696
2023-04-11 14:15:00+05:30,1078.9,1080.4,1076.95,1078.0,12395
2023-04-11 14:30:00+05:30,1078.0,1079.95,1077.5,1079.1,12130
2023-04-11 14:45:00+05:30,1079.1,1079.4,1076.0,1076.0,13567
2023-04-11 15:00:00+05:30,1076.8,1078.75,1075.0,1076.75,14185
2023-04-11 15:15:00+05:30,1077.35,1080.5,1075.0,1080.0,32314
2023-04-11 15:30:00+05:30,1080.0,1083.0,1079.6,1083.0,32083
2023-04-12 09:30:00+05:30,1086.05,1094.95,1071.0,1072.25,36912
2023-04-12 09:45:00+05:30,1071.2,1091.7,1068.55,1088.2,40377
2023-04-12 10:00:00+05:30,1088.2,1093.95,1086.1,1092.0,20527
2023-04-12 10:15:00+05:30,1092.0,1104.9,1092.0,1100.0,63320
2023-04-12 10:30:00+05:30,1100.7,1101.15,1090.95,1100.0,35272
2023-04-12 10:45:00+05:30,1100.0,1100.0,1096.05,1097.55,8914
2023-04-12 11:00:00+05:30,1098.0,1098.0,1093.1,1096.0,13245
2023-04-12 11:15:00+05:30,1096.0,1097.0,1093.95,1097.0,4789
2023-04-12 11:30:00+05:30,1096.4,1099.2,1091.7,1093.4,9085
2023-04-12 11:45:00+05:30,1093.4,1094.85,1088.1,1088.1,4830
2023-04-12 12:00:00+05:30,1088.05,1089.5,1085.85,1087.05,6499
2023-04-12 12:15:00+05:30,1087.05,1088.3,1081.3,1085.9,10453
2023-04-12 12:30:00+05:30,1085.9,1091.05,1084.35,1089.2,30258
2023-04-12 12:45:00+05:30,1089.2,1090.9,1086.55,1086.55,2801
2023-04-12 13:00:00+05:30,1087.4,1091.8,1086.4,1087.8,43342
2023-04-12 13:15:00+05:30,1087.8,1088.0,1086.0,1086.1,4344
2023-04-12 13:30:00+05:30,1086.1,1087.9,1086.0,1086.6,6181
2023-04-12 13:45:00+05:30,1086.6,1088.5,1085.15,1087.15,7088
2023-04-12 14:00:00+05:30,1087.75,1090.8,1085.0,1085.4,10102
2023-04-12 14:15:00+05:30,1085.0,1088.2,1083.35,1087.95,4622
2023-04-12 14:30:00+05:30,1087.95,1088.9,1082.0,1083.65,4391
2023-04-12 14:45:00+05:30,1083.5,1086.35,1082.0,1084.6,5927
2023-04-12 15:00:00+05:30,1084.6,1087.8,1083.5,1087.45,5095
2023-04-12 15:15:00+05:30,1087.6,1087.8,1085.55,1087.0,12375
2023-04-12 15:30:00+05:30,1087.0,1090.0,1084.05,1089.0,50018
2023-04-13 09:30:00+05:30,1080.0,1094.8,1077.0,1091.5,16804
2023-04-13 09:45:00+05:30,1091.55,1098.4,1091.55,1093.0,5969
2023-04-13 10:00:00+05:30,1093.0,1095.0,1087.75,1095.0,4541
2023-04-13 10:15:00+05:30,1095.6,1095.9,1091.1,1093.1,4087
2023-04-13 10:30:00+05:30,1093.1,1095.0,1092.0,1094.5,7367
2023-04-13 10:45:00+05:30,1094.5,1097.9,1093.5,1095.45,4696
2023-04-13 11:00:00+05:30,1095.45,1095.45,1091.8,1093.0,1793
2023-04-13 11:15:00+05:30,1093.0,1093.75,1091.4,1093.35,1282
2023-04-13 11:30:00+05:30,1093.35,1098.75,1092.55,1097.45,8594
2023-04-13 11:45:00+05:30,1097.45,1097.45,1093.9,1094.65,2425
2023-04-13 12:00:00+05:30,1094.65,1096.15,1094.65,1096.0,673
2023-04-13 12:15:00+05:30,1096.0,1096.85,1094.5,1094.65,3778
2023-04-13 12:30:00+05:30,1094.65,1096.45,1094.0,1095.0,801
2023-04-13 12:45:00+05:30,1095.0,1101.8,1094.0,1098.85,13515
2023-04-13 13:00:00+05:30,1098.85,1099.6,1096.1,1096.55,1687
2023-04-13 13:15:00+05:30,1096.55,1104.95,1096.55,1103.5,8185
2023-04-13 13:30:00+05:30,1103.5,1107.5,1100.55,1105.95,10323
2023-04-13 13:45:00+05:30,1105.95,1110.75,1104.0,1108.4,13252
2023-04-13 14:00:00+05:30,1109.1,1113.0,1106.6,1108.4,9619
2023-04-13 14:15:00+05:30,1109.55,1109.55,1100.1,1100.1,7072
2023-04-13 14:30:00+05:30,1101.75,1103.0,1100.5,1100.5,3594
2023-04-13 14:45:00+05:30,1100.5,1102.95,1097.0,1101.95,6695
2023-04-13 15:00:00+05:30,1101.95,1103.0,1100.05,1101.4,2533
2023-04-13 15:15:00+05:30,1101.4,1104.95,1099.05,1104.95,5777
2023-04-13 15:30:00+05:30,1104.8,1106.4,1100.15,1104.0,13844
2023-04-17 09:30:00+05:30,1105.0,1119.1,1103.2,1108.7,26123
2023-04-17 09:45:00+05:30,1108.7,1117.45,1108.05,1114.05,9256
2023-04-17 10:00:00+05:30,1114.05,1115.85,1111.05,1111.25,9862
2023-04-17 10:15:00+05:30,1110.7,1114.15,1109.0,1109.0,4590
2023-04-17 10:30:00+05:30,1109.0,1113.1,1108.0,1110.0,2862
2023-04-17 10:45:00+05:30,1110.0,1112.1,1108.0,1108.4,3528
2023-04-17 11:00:00+05:30,1108.1,1109.95,1100.95,1105.5,7364
2023-04-17 11:15:00+05:30,1105.5,1109.8,1105.0,1107.5,3218
2023-04-17 11:30:00+05:30,1107.55,1109.35,1106.45,1109.0,4538
2023-04-17 11:45:00+05:30,1109.0,1111.0,1108.5,1110.9,5507
2023-04-17 12:00:00+05:30,1110.9,1111.0,1108.0,1109.0,2050
2023-04-17 12:15:00+05:30,1108.95,1110.75,1106.0,1108.3,5484
2023-04-17 12:30:00+05:30,1108.3,1111.0,1107.4,1110.25,1397
2023-04-17 12:45:00+05:30,1110.3,1110.95,1108.05,1109.8,11015
2023-04-17 13:00:00+05:30,1109.8,1110.9,1109.3,1110.9,1424
2023-04-17 13:15:00+05:30,1110.9,1110.9,1107.05,1110.0,6210
2023-04-17 13:30:00+05:30,1110.0,1110.95,1108.9,1110.95,2956
2023-04-17 13:45:00+05:30,1110.5,1111.0,1109.85,1109.95,3129
2023-04-17 14:00:00+05:30,1110.0,1110.75,1108.2,1109.55,5301
2023-04-17 14:15:00+05:30,1109.55,1110.0,1107.0,1110.0,6395
2023-04-17 14:30:00+05:30,1109.95,1111.65,1109.85,1110.5,1776
2023-04-17 14:45:00+05:30,1110.5,1111.05,1109.8,1110.3,3020
2023-04-17 15:00:00+05:30,1110.3,1111.5,1109.0,1109.25,6867
2023-04-17 15:15:00+05:30,1109.25,1112.0,1109.25,1110.35,6911
2023-04-17 15:30:00+05:30,1110.35,1112.45,1109.4,1111.8,9296
2023-04-18 09:30:00+05:30,1115.45,1117.0,1110.7,1112.0,4621
2023-04-18 09:45:00+05:30,1113.0,1113.0,1108.75,1110.0,5780
2023-04-18 10:00:00+05:30,1110.85,1110.85,1102.0,1102.0,5734
2023-04-18 10:15:00+05:30,1103.0,1105.0,1103.0,1103.9,1986
2023-04-18 10:30:00+05:30,1103.9,1107.0,1103.9,1106.95,3295
2023-04-18 10:45:00+05:30,1106.85,1110.65,1106.0,1110.65,4929
2023-04-18 11:00:00+05:30,1110.6,1113.3,1110.45,1111.55,4995
2023-04-18 11:15:00+05:30,1112.5,1113.0,1110.0,1111.45,4081
2023-04-18 11:30:00+05:30,1111.2,1112.5,1110.4,1111.3,2764
2023-04-18 11:45:00+05:30,1111.25,1111.8,1110.55,1111.0,1149
2023-04-18 12:00:00+05:30,1111.95,1111.95,1110.05,1110.6,2761
2023-04-18 12:15:00+05:30,1110.65,1111.4,1110.0,1110.65,2746
2023-04-18 12:30:00+05:30,1110.65,1111.9,1110.0,1110.65,2707
2023-04-18 12:45:00+05:30,1110.65,1112.0,1110.4,1110.65,3685
2023-04-18 13:00:00+05:30,1111.0,1112.0,1108.6,1109.55,4660
2023-04-18 13:15:00+05:30,1109.7,1112.0,1109.7,1110.5,2163
2023-04-18 13:30:00+05:30,1111.5,1112.0,1110.4,1110.45,1578
2023-04-18 13:45:00+05:30,1110.75,1111.85,1110.25,1110.5,2560
2023-04-18 14:00:00+05:30,1110.55,1111.0,1110.0,1110.45,3051
2023-04-18 14:15:00+05:30,1110.65,1111.85,1108.6,1111.8,2247
2023-04-18 14:30:00+05:30,1111.8,1111.85,1110.0,1111.65,2274
2023-04-18 14:45:00+05:30,1111.6,1112.1,1111.45,1112.05,3296
2023-04-18 15:00:00+05:30,1112.15,1112.5,1111.0,1112.25,3694
2023-04-18 15:15:00+05:30,1112.5,1115.65,1109.65,1110.1,7783
2023-04-18 15:30:00+05:30,1110.1,1112.35,1105.7,1106.05,8144
2023-04-19 09:30:00+05:30,1117.55,1118.0,1104.0,1105.95,7916
2023-04-19 09:45:00+05:30,1105.1,1107.15,1100.55,1102.75,11091
2023-04-19 10:00:00+05:30,1102.75,1105.4,1100.05,1101.2,3588
2023-04-19 10:15:00+05:30,1101.0,1105.0,1100.75,1103.7,976
2023-04-19 10:30:00+05:30,1103.65,1105.0,1102.1,1103.1,2099
2023-04-19 10:45:00+05:30,1103.1,1105.45,1100.0,1101.0,5548
2023-04-19 11:00:00+05:30,1101.7,1104.75,1100.3,1103.0,1729
2023-04-19 11:15:00+05:30,1104.0,1105.45,1104.0,1105.45,1178
2023-04-19 11:30:00+05:30,1105.45,1106.65,1105.35,1105.75,2546
2023-04-19 11:45:00+05:30,1105.75,1106.6,1105.35,1106.0,5005
2023-04-19 12:00:00+05:30,1106.0,1107.0,1106.0,1106.1,1675
2023-04-19 12:15:00+05:30,1106.0,1107.4,1105.35,1107.4,2891
2023-04-19 12:30:00+05:30,1107.4,1107.9,1107.0,1107.1,394
2023-04-19 12:45:00+05:30,1107.25,1108.5,1106.5,1107.9,1787
2023-04-19 13:00:00+05:30,1107.9,1108.5,1107.35,1107.9,2482
2023-04-19 13:15:00+05:30,1107.9,1108.05,1105.6,1105.95,687
2023-04-19 13:30:00+05:30,1105.95,1106.0,1105.0,1105.25,1364
2023-04-19 13:45:00+05:30,1105.25,1105.85,1103.5,1104.1,2174
2023-04-19 14:00:00+05:30,1104.1,1104.85,1103.25,1104.0,514
2023-04-19 14:15:00+05:30,1104.0,1104.45,1102.85,1102.85,1437
2023-04-19 14:30:00+05:30,1102.85,1105.0,1102.65,1104.1,1145
2023-04-19 14:45:00+05:30,1104.1,1105.0,1102.65,1103.75,1165
2023-04-19 15:00:00+05:30,1103.75,1105.75,1103.75,1105.75,1942
2023-04-19 15:15:00+05:30,1105.75,1105.8,1099.0,1100.95,8590
2023-04-19 15:30:00+05:30,1100.95,1101.0,1090.05,1096.15,16007
2023-04-20 09:30:00+05:30,1096.0,1103.45,1086.0,1097.65,9254
2023-04-20 09:45:00+05:30,1098.0,1099.55,1088.5,1093.4,9384
2023-04-20 10:00:00+05:30,1093.4,1095.0,1091.55,1094.2,2096
2023-04-20 10:15:00+05:30,1094.2,1108.3,1093.3,1105.15,8339
2023-04-20 10:30:00+05:30,1105.15,1111.5,1105.0,1108.95,8824
2023-04-20 10:45:00+05:30,1108.95,1111.0,1108.05,1109.5,7668
2023-04-20 11:00:00+05:30,1109.5,1110.05,1107.55,1110.05,4876
2023-04-20 11:15:00+05:30,1110.05,1110.7,1109.55,1109.8,7107
2023-04-20 11:30:00+05:30,1109.8,1110.55,1109.65,1110.05,2513
2023-04-20 11:45:00+05:30,1110.05,1111.0,1109.05,1110.0,4792
2023-04-20 12:00:00+05:30,1110.0,1110.85,1109.0,1110.85,3060
2023-04-20 12:15:00+05:30,1110.85,1111.1,1109.55,1109.9,4237
2023-04-20 12:30:00+05:30,1109.9,1110.65,1109.75,1110.1,680
2023-04-20 12:45:00+05:30,1110.0,1110.95,1109.8,1110.0,1248
2023-04-20 13:00:00+05:30,1110.0,1110.45,1108.8,1110.0,1335
2023-04-20 13:15:00+05:30,1110.95,1110.95,1110.0,1110.05,2558
2023-04-20 13:30:00+05:30,1110.05,1111.45,1110.0,1111.45,5193
2023-04-20 13:45:00+05:30,1111.45,1111.45,1110.0,1110.35,1167
2023-04-20 14:00:00+05:30,1110.35,1112.95,1110.0,1111.05,14448
2023-04-20 14:15:00+05:30,1111.0,1112.0,1108.55,1111.9,3479
2023-04-20 14:30:00+05:30,1111.9,1111.9,1110.0,1110.15,3404
2023-04-20 14:45:00+05:30,1110.15,1118.95,1110.0,1114.95,12575
2023-04-20 15:00:00+05:30,1114.95,1117.0,1112.7,1115.05,7549
2023-04-20 15:15:00+05:30,1115.3,1116.0,1115.0,1115.0,5819
2023-04-20 15:30:00+05:30,1115.0,1120.0,1105.0,1107.0,13387
2023-04-21 09:30:00+05:30,1113.0,1117.7,1105.9,1105.9,4771
2023-04-21 09:45:00+05:30,1105.9,1108.1,1102.15,1105.8,5960
2023-04-21 10:00:00+05:30,1105.8,1105.8,1103.0,1105.0,1196
2023-04-21 10:15:00+05:30,1105.0,1105.1,1103.0,1103.5,1587
2023-04-21 10:30:00+05:30,1103.5,1105.05,1099.8,1101.35,2733
2023-04-21 10:45:00+05:30,1101.35,1105.0,1100.25,1104.6,684
2023-04-21 11:00:00+05:30,1104.6,1107.9,1104.0,1107.9,1818
2023-04-21 11:15:00+05:30,1108.0,1110.05,1106.0,1107.3,3707
2023-04-21 11:30:00+05:30,1107.3,1107.3,1100.05,1102.35,3499
2023-04-21 11:45:00+05:30,1102.35,1103.95,1102.0,1102.6,975
2023-04-21 12:00:00+05:30,1102.5,1103.7,1101.1,1101.5,674
2023-04-21 12:15:00+05:30,1101.5,1106.0,1101.3,1103.95,1264
2023-04-21 12:30:00+05:30,1103.95,1106.0,1102.05,1103.0,576
2023-04-21 12:45:00+05:30,1103.0,1103.15,1100.0,1100.55,959
2023-04-21 13:00:00+05:30,1101.95,1102.5,1100.8,1101.25,1003
2023-04-21 13:15:00+05:30,1102.45,1102.45,1101.0,1101.05,1019
2023-04-21 13:30:00+05:30,1101.05,1103.15,1101.0,1102.0,864
2023-04-21 13:45:00+05:30,1102.0,1107.0,1102.0,1107.0,2697
2023-04-21 14:00:00+05:30,1107.0,1108.85,1106.3,1108.0,3610
2023-04-21 14:15:00+05:30,1108.0,1108.8,1105.0,1108.0,5788
2023-04-21 14:30:00+05:30,1106.65,1114.0,1106.65,1114.0,9903
2023-04-21 14:45:00+05:30,1114.0,1117.9,1110.2,1111.95,20827
2023-04-21 15:00:00+05:30,1112.0,1114.95,1110.0,1113.85,12710
2023-04-21 15:15:00+05:30,1113.4,1125.95,1113.4,1125.0,24109
2023-04-21 15:30:00+05:30,1126.55,1133.1,1124.1,1130.0,23549
2023-04-24 09:30:00+05:30,1123.4,1135.15,1120.55,1132.45,14607
2023-04-24 09:45:00+05:30,1132.4,1142.0,1131.4,1138.95,21509
2023-04-24 10:00:00+05:30,1138.05,1140.0,1136.15,1137.8,5373
2023-04-24 10:15:00+05:30,1137.8,1142.6,1137.0,1141.0,13916
2023-04-24 10:30:00+05:30,1141.0,1141.0,1138.8,1138.8,2025
2023-04-24 10:45:00+05:30,1138.65,1141.75,1137.1,1138.1,7457
2023-04-24 11:00:00+05:30,1138.1,1138.5,1135.85,1136.0,1783
2023-04-24 11:15:00+05:30,1136.3,1138.6,1135.5,1136.0,1125
2023-04-24 11:30:00+05:30,1136.0,1138.9,1135.15,1135.2,3366
2023-04-24 11:45:00+05:30,1135.2,1136.45,1132.95,1133.0,1751
2023-04-24 12:00:00+05:30,1133.0,1133.25,1127.3,1128.0,9287
2023-04-24 12:15:00+05:30,1128.0,1130.0,1124.6,1126.05,7920
2023-04-24 12:30:00+05:30,1126.05,1126.95,1123.0,1125.2,2150
2023-04-24 12:45:00+05:30,1125.05,1127.4,1125.05,1126.4,2340
2023-04-24 13:00:00+05:30,1126.4,1127.2,1124.15,1124.7,2405
2023-04-24 13:15:00+05:30,1124.7,1132.0,1124.7,1130.0,14049
2023-04-24 13:30:00+05:30,1130.0,1131.1,1129.95,1130.0,759
2023-04-24 13:45:00+05:30,1130.0,1130.5,1130.0,1130.0,524
2023-04-24 14:00:00+05:30,1130.0,1132.0,1130.0,1130.9,4920
2023-04-24 14:15:00+05:30,1130.9,1131.15,1129.0,1130.45,5411
2023-04-24 14:30:00+05:30,1130.45,1132.0,1130.0,1130.0,2471
2023-04-24 14:45:00+05:30,1130.85,1132.0,1130.0,1132.0,2238
2023-04-24 15:00:00+05:30,1132.0,1136.5,1131.6,1136.15,6485
2023-04-24 15:15:00+05:30,1136.55,1138.75,1135.0,1137.05,6399
2023-04-24 15:30:00+05:30,1137.95,1141.45,1131.1,1131.1,12442
2023-04-25 09:30:00+05:30,1132.8,1139.85,1126.65,1128.4,4553
2023-04-25 09:45:00+05:30,1128.85,1130.3,1126.0,1130.15,2348
2023-04-25 10:00:00+05:30,1129.0,1132.0,1128.55,1129.25,2795
2023-04-25 10:15:00+05:30,1129.25,1131.0,1128.65,1130.6,2180
2023-04-25 10:30:00+05:30,1130.45,1131.0,1129.0,1130.8,19873
2023-04-25 10:45:00+05:30,1130.8,1143.0,1130.0,1139.5,5392
2023-04-25 11:00:00+05:30,1139.5,1145.0,1139.5,1143.4,5381
2023-04-25 11:15:00+05:30,1143.15,1148.0,1141.05,1145.5,9941
2023-04-25 11:30:00+05:30,1145.5,1147.5,1145.0,1146.25,2585
2023-04-25 11:45:00+05:30,1146.3,1150.25,1145.05,1150.0,7536
2023-04-25 12:00:00+05:30,1150.0,1150.0,1145.05,1146.95,2246
2023-04-25 12:15:00+05:30,1146.95,1148.0,1145.45,1146.7,3068
2023-04-25 12:30:00+05:30,1146.85,1149.1,1145.0,1148.45,4798
2023-04-25 12:45:00+05:30,1148.0,1151.95,1146.5,1147.7,4427
2023-04-25 13:00:00+05:30,1147.7,1150.0,1146.95,1148.9,450
2023-04-25 13:15:00+05:30,1148.9,1148.9,1146.05,1146.5,904
2023-04-25 13:30:00+05:30,1146.5,1147.4,1145.45,1145.45,1624
2023-04-25 13:45:00+05:30,1146.75,1147.5,1145.0,1147.5,1657
2023-04-25 14:00:00+05:30,1147.5,1148.4,1146.0,1147.85,2336
2023-04-25 14:15:00+05:30,1147.85,1147.85,1140.0,1142.8,6896
2023-04-25 14:30:00+05:30,1142.8,1143.7,1136.8,1138.5,6772
2023-04-25 14:45:00+05:30,1138.5,1138.5,1133.3,1137.0,3943
2023-04-25 15:00:00+05:30,1137.0,1137.0,1130.0,1131.05,2873
2023-04-25 15:15:00+05:30,1131.05,1133.4,1126.1,1127.45,6476
2023-04-25 15:30:00+05:30,1127.4,1134.85,1127.0,1131.0,5509
2023-04-26 09:30:00+05:30,1129.0,1135.0,1127.35,1132.55,2309
2023-04-26 09:45:00+05:30,1132.5,1132.95,1129.5,1132.95,1142
2023-04-26 10:00:00+05:30,1132.95,1137.05,1130.45,1136.1,2742
2023-04-26 10:15:00+05:30,1136.1,1137.55,1134.95,1136.0,892
2023-04-26 10:30:00+05:30,1136.0,1137.2,1133.0,1133.0,1209
2023-04-26 10:45:00+05:30,1133.0,1142.1,1133.0,1135.4,2744
2023-04-26 11:00:00+05:30,1135.4,1136.95,1131.05,1134.0,1377
2023-04-26 11:15:00+05:30,1134.0,1136.3,1133.15,1136.3,403
2023-04-26 11:30:00+05:30,1136.3,1136.35,1132.25,1134.7,1765
2023-04-26 11:45:00+05:30,1134.7,1134.7,1132.25,1133.05,294
2023-04-26 12:00:00+05:30,1133.05,1133.9,1131.55,1132.4,533
2023-04-26 12:15:00+05:30,1132.4,1132.95,1131.55,1131.8,466
2023-04-26 12:30:00+05:30,1131.8,1132.15,1129.6,1129.6,768
2023-04-26 12:45:00+05:30,1129.6,1130.45,1128.6,1129.0,2837
2023-04-26 13:00:00+05:30,1129.0,1130.3,1128.85,1129.95,449
2023-04-26 13:15:00+05:30,1129.95,1129.95,1120.15,1120.15,3409
2023-04-26 13:30:00+05:30,1123.75,1125.15,1121.2,1121.25,1457
2023-04-26 13:45:00+05:30,1121.25,1126.35,1121.25,1125.0,2242
2023-04-26 14:00:00+05:30,1125.0,1129.5,1124.0,1127.0,2713
2023-04-26 14:15:00+05:30,1127.0,1129.2,1127.0,1128.1,633
2023-04-26 14:30:00+05:30,1128.1,1129.05,1127.5,1129.05,571
2023-04-26 14:45:00+05:30,1129.0,1129.0,1123.0,1123.65,2361
2023-04-26 15:00:00+05:30,1123.05,1124.25,1122.2,1123.9,676
2023-04-26 15:15:00+05:30,1123.9,1127.35,1123.05,1125.0,2069
2023-04-26 15:30:00+05:30,1124.85,1125.35,1118.1,1120.0,9170
2023-04-27 09:30:00+05:30,1122.95,1126.9,1119.55,1121.25,5095
2023-04-27 09:45:00+05:30,1121.4,1122.8,1118.55,1122.25,1542
2023-04-27 10:00:00+05:30,1122.25,1125.0,1121.05,1125.0,543
2023-04-27 10:15:00+05:30,1125.0,1127.85,1124.05,1124.45,1652
2023-04-27 10:30:00+05:30,1124.45,1125.25,1121.35,1124.25,1366
2023-04-27 10:45:00+05:30,1124.25,1132.3,1122.65,1130.0,6256
2023-04-27 11:00:00+05:30,1130.0,1130.0,1122.8,1123.0,1143
2023-04-27 11:15:00+05:30,1123.85,1137.75,1122.9,1134.95,4689
2023-04-27 11:30:00+05:30,1134.95,1138.75,1134.0,1134.85,3469
2023-04-27 11:45:00+05:30,1134.85,1137.0,1134.85,1136.95,1182
2023-04-27 12:00:00+05:30,1136.95,1136.95,1135.0,1135.0,1339
2023-04-27 12:15:00+05:30,1135.25,1136.65,1135.15,1135.4,2738
2023-04-27 12:30:00+05:30,1135.4,1142.0,1135.25,1142.0,4605
2023-04-27 12:45:00+05:30,1141.6,1147.0,1141.05,1141.8,5381
2023-04-27 13:00:00+05:30,1141.8,1143.0,1139.45,1140.4,1386
2023-04-27 13:15:00+05:30,1139.7,1141.85,1139.0,1140.0,3274
2023-04-27 13:30:00+05:30,1140.0,1141.7,1137.5,1137.95,4245
2023-04-27 13:45:00+05:30,1137.95,1143.45,1136.2,1142.1,28277
2023-04-27 14:00:00+05:30,1142.1,1143.5,1141.0,1141.0,1445
2023-04-27 14:15:00+05:30,1141.05,1142.8,1140.0,1141.0,2975
2023-04-27 14:30:00+05:30,1141.0,1143.1,1140.1,1141.0,2293
2023-04-27 14:45:00+05:30,1141.0,1146.5,1141.0,1142.9,7530
2023-04-27 15:00:00+05:30,1142.05,1144.05,1141.0,1141.2,2333
2023-04-27 15:15:00+05:30,1141.2,1143.75,1139.0,1139.55,3969
2023-04-27 15:30:00+05:30,1138.25,1141.0,1136.1,1139.0,4292
2023-04-28 09:30:00+05:30,1140.95,1147.2,1139.0,1145.6,6774
2023-04-28 09:45:00+05:30,1145.0,1146.8,1143.7,1144.0,2066
2023-04-28 10:00:00+05:30,1144.0,1146.0,1138.4,1145.65,7204
2023-04-28 10:15:00+05:30,1145.65,1145.95,1142.8,1144.1,2472
2023-04-28 10:30:00+05:30,1144.1,1146.0,1144.0,1144.05,1735
2023-04-28 10:45:00+05:30,1144.05,1146.8,1144.0,1144.8,949
2023-04-28 11:00:00+05:30,1144.8,1148.1,1144.8,1148.0,3256
2023-04-28 11:15:00+05:30,1146.95,1147.9,1146.05,1146.5,1158
2023-04-28 11:30:00+05:30,1146.5,1148.3,1145.65,1148.0,1490
2023-04-28 11:45:00+05:30,1148.0,1148.0,1145.35,1145.75,21767
2023-04-28 12:00:00+05:30,1145.75,1147.5,1142.1,1143.95,2016
2023-04-28 12:15:00+05:30,1143.95,1143.95,1138.55,1139.05,1932
2023-04-28 12:30:00+05:30,1138.25,1139.9,1133.0,1135.6,3401
2023-04-28 12:45:00+05:30,1135.6,1136.25,1134.0,1135.9,1197
2023-04-28 13:00:00+05:30,1136.0,1136.0,1133.75,1133.75,2634
2023-04-28 13:15:00+05:30,1133.75,1134.8,1130.45,1131.3,1869
2023-04-28 13:30:00+05:30,1131.3,1132.15,1126.05,1126.5,4055
2023-04-28 13:45:00+05:30,1126.5,1127.9,1114.25,1121.05,12387
2023-04-28 14:00:00+05:30,1121.0,1122.5,1120.05,1120.3,2476
2023-04-28 14:15:00+05:30,1121.35,1134.95,1121.0,1131.95,10456
2023-04-28 14:30:00+05:30,1130.85,1132.9,1130.0,1132.0,2825
2023-04-28 14:45:00+05:30,1132.0,1134.95,1131.45,1132.9,2842
2023-04-28 15:00:00+05:30,1132.2,1132.35,1124.2,1125.75,2910
2023-04-28 15:15:00+05:30,1124.9,1134.35,1124.3,1127.25,9466
2023-04-28 15:30:00+05:30,1127.3,1131.4,1118.15,1120.0,18200
2023-05-02 09:30:00+05:30,1130.9,1136.25,1126.0,1133.0,7783
2023-05-02 09:45:00+05:30,1133.0,1135.0,1128.0,1129.7,4725
2023-05-02 10:00:00+05:30,1129.7,1129.7,1127.1,1129.0,5187
2023-05-02 10:15:00+05:30,1129.0,1129.7,1129.0,1129.7,4324
2023-05-02 10:30:00+05:30,1129.7,1135.0,1129.0,1129.7,16126
2023-05-02 10:45:00+05:30,1129.65,1133.85,1129.0,1133.0,12457
2023-05-02 11:00:00+05:30,1133.0,1142.3,1131.0,1132.55,16513
2023-05-02 11:15:00+05:30,1132.55,1134.45,1127.0,1127.0,6209
2023-05-02 11:30:00+05:30,1127.0,1129.2,1122.85,1124.3,5765
2023-05-02 11:45:00+05:30,1124.3,1126.25,1123.45,1124.3,1512
2023-05-02 12:00:00+05:30,1124.3,1124.3,1116.55,1119.1,9927
2023-05-02 12:15:00+05:30,1119.15,1119.85,1113.3,1115.45,8261
2023-05-02 12:30:00+05:30,1115.45,1115.7,1112.3,1113.25,2685
2023-05-02 12:45:00+05:30,1113.25,1115.25,1112.5,1114.0,2637
2023-05-02 13:00:00+05:30,1114.0,1115.35,1110.6,1111.55,9870
2023-05-02 13:15:00+05:30,1111.55,1112.35,1108.05,1110.8,5289
2023-05-02 13:30:00+05:30,1110.8,1111.0,1110.1,1110.9,4118
2023-05-02 13:45:00+05:30,1110.9,1111.0,1110.0,1110.85,5377
2023-05-02 14:00:00+05:30,1110.85,1111.0,1108.0,1110.0,5850
2023-05-02 14:15:00+05:30,1110.0,1110.0,1106.5,1107.95,8390
2023-05-02 14:30:00+05:30,1107.95,1110.8,1107.65,1109.75,3065
2023-05-02 14:45:00+05:30,1110.25,1110.7,1103.5,1105.95,8314
2023-05-02 15:00:00+05:30,1105.95,1109.35,1102.05,1103.0,13679
2023-05-02 15:15:00+05:30,1103.0,1104.0,1096.0,1097.15,22360
2023-05-02 15:30:00+05:30,1097.15,1100.0,1092.25,1100.0,21993
2023-05-03 09:30:00+05:30,1098.0,1108.7,1097.35,1105.85,8588
2023-05-03 09:45:00+05:30,1106.3,1111.0,1101.65,1109.0,11267
2023-05-03 10:00:00+05:30,1109.0,1115.95,1107.6,1115.0,10666
2023-05-03 10:15:00+05:30,1115.0,1115.0,1100.0,1105.0,15190
2023-05-03 10:30:00+05:30,1105.0,1106.7,1105.0,1105.0,6513
2023-05-03 10:45:00+05:30,1105.0,1110.1,1105.0,1108.6,10190
2023-05-03 11:00:00+05:30,1106.85,1107.5,1102.0,1102.1,3664
2023-05-03 11:15:00+05:30,1103.15,1103.2,1100.0,1100.5,7722
2023-05-03 11:30:00+05:30,1100.5,1101.15,1098.15,1099.2,2336
2023-05-03 11:45:00+05:30,1099.95,1100.0,1098.5,1100.0,1436
2023-05-03 12:00:00+05:30,1100.0,1100.0,1098.0,1099.15,2376
2023-05-03 12:15:00+05:30,1099.15,1099.5,1096.0,1096.0,3261
2023-05-03 12:30:00+05:30,1096.0,1103.0,1095.1,1099.95,8008
2023-05-03 12:45:00+05:30,1099.55,1108.35,1098.7,1102.5,11675
2023-05-03 13:00:00+05:30,1102.5,1104.5,1100.15,1102.5,4773
2023-05-03 13:15:00+05:30,1102.5,1106.05,1102.0,1103.05,6668
2023-05-03 13:30:00+05:30,1103.05,1104.2,1098.95,1099.8,4378
2023-05-03 13:45:00+05:30,1099.8,1104.35,1097.0,1103.8,11874
2023-05-03 14:00:00+05:30,1103.8,1109.2,1098.5,1101.35,9056
2023-05-03 14:15:00+05:30,1101.35,1104.8,1099.65,1101.1,4180
2023-05-03 14:30:00+05:30,1101.1,1104.35,1100.0,1100.0,4805
2023-05-03 14:45:00+05:30,1100.5,1101.7,1099.05,1100.1,5711
2023-05-03 15:00:00+05:30,1100.4,1101.95,1098.05,1101.85,4546
2023-05-03 15:15:00+05:30,1102.5,1105.0,1100.05,1101.55,3917
2023-05-03 15:30:00+05:30,1101.55,1103.25,1098.45,1100.15,9045
2023-05-04 09:30:00+05:30,1103.0,1115.0,1103.0,1111.05,9914
2023-05-04 09:45:00+05:30,1110.75,1110.75,1102.5,1102.5,11574
2023-05-04 10:00:00+05:30,1102.5,1106.0,1102.0,1105.5,4439
2023-05-04 10:15:00+05:30,1105.0,1107.2,1099.95,1099.95,8561
2023-05-04 10:30:00+05:30,1099.95,1101.75,1098.05,1099.35,4146
2023-05-04 10:45:00+05:30,1099.35,1100.0,1098.15,1099.0,1854
2023-05-04 11:00:00+05:30,1099.0,1100.0,1098.05,1098.6,1919
2023-05-04 11:15:00+05:30,1098.6,1100.0,1098.6,1100.0,2930
2023-05-04 11:30:00+05:30,1100.0,1100.0,1098.55,1098.7,1408
2023-05-04 11:45:00+05:30,1098.7,1099.8,1096.0,1098.35,3111
2023-05-04 12:00:00+05:30,1098.35,1098.35,1096.4,1097.4,2002
2023-05-04 12:15:00+05:30,1097.4,1099.0,1096.6,1097.0,2051
2023-05-04 12:30:00+05:30,1097.0,1099.35,1097.0,1098.7,648
2023-05-04 12:45:00+05:30,1098.7,1098.85,1092.7,1093.0,14588
2023-05-04 13:00:00+05:30,1093.0,1095.0,1092.1,1094.5,2958
2023-05-04 13:15:00+05:30,1094.5,1095.0,1093.05,1094.95,1565
2023-05-04 13:30:00+05:30,1094.95,1095.0,1093.65,1095.0,1993
2023-05-04 13:45:00+05:30,1095.0,1095.95,1094.95,1095.0,710
2023-05-04 14:00:00+05:30,1095.0,1095.0,1094.0,1094.8,967
2023-05-04 14:15:00+05:30,1094.8,1095.0,1091.0,1092.15,5036
2023-05-04 14:30:00+05:30,1092.15,1093.85,1091.0,1092.5,4229
2023-05-04 14:45:00+05:30,1092.5,1094.95,1087.0,1091.85,13500
2023-05-04 15:00:00+05:30,1091.85,1092.2,1089.0,1089.9,6734
2023-05-04 15:15:00+05:30,1089.9,1091.95,1085.0,1091.3,12547
2023-05-04 15:30:00+05:30,1091.3,1094.65,1083.0,1093.85,19117
2023-05-05 09:30:00+05:30,1090.35,1104.5,1090.35,1101.1,11131
2023-05-05 09:45:00+05:30,1101.1,1101.1,1094.3,1095.0,3182
2023-05-05 10:00:00+05:30,1095.0,1098.65,1095.0,1098.0,2860
2023-05-05 10:15:00+05:30,1098.0,1105.0,1096.05,1099.4,19013
2023-05-05 10:30:00+05:30,1098.3,1099.3,1096.4,1097.45,2586
2023-05-05 10:45:00+05:30,1097.45,1100.45,1096.0,1099.95,8047
2023-05-05 11:00:00+05:30,1099.95,1099.95,1094.2,1096.25,6090
2023-05-05 11:15:00+05:30,1096.25,1098.25,1094.75,1095.05,2759
2023-05-05 11:30:00+05:30,1096.0,1098.1,1094.0,1096.0,7238
2023-05-05 11:45:00+05:30,1096.95,1098.0,1096.0,1097.0,2586
2023-05-05 12:00:00+05:30,1096.0,1097.5,1096.0,1097.05,887
2023-05-05 12:15:00+05:30,1097.05,1112.0,1096.0,1107.7,70009
2023-05-05 12:30:00+05:30,1106.75,1114.0,1100.7,1104.0,16257
2023-05-05 12:45:00+05:30,1105.1,1105.1,1100.1,1101.85,2974
2023-05-05 13:00:00+05:30,1101.85,1111.8,1100.45,1111.65,11495
2023-05-05 13:15:00+05:30,1111.0,1112.5,1110.0,1110.05,4393
2023-05-05 13:30:00+05:30,1110.4,1113.25,1109.25,1109.25,7075
2023-05-05 13:45:00+05:30,1109.25,1131.9,1107.45,1127.0,51033
2023-05-05 14:00:00+05:30,1127.0,1127.35,1122.0,1122.05,8671
2023-05-05 14:15:00+05:30,1122.05,1131.0,1120.6,1127.9,22299
2023-05-05 14:30:00+05:30,1127.9,1128.85,1118.3,1119.65,7424
2023-05-05 14:45:00+05:30,1119.65,1122.25,1118.0,1118.3,9958
2023-05-05 15:00:00+05:30,1118.2,1119.7,1115.0,1117.0,7195
2023-05-05 15:15:00+05:30,1118.1,1120.0,1117.0,1117.9,8486
2023-05-05 15:30:00+05:30,1117.9,1126.85,1114.5,1126.0,34991
2023-05-08 09:30:00+05:30,1123.0,1126.95,1116.0,1120.7,9231
2023-05-08 09:45:00+05:30,1120.7,1134.05,1120.7,1129.2,18661
2023-05-08 10:00:00+05:30,1129.2,1129.2,1125.0,1126.0,2434
2023-05-08 10:15:00+05:30,1126.0,1128.85,1125.0,1127.35,4243
2023-05-08 10:30:00+05:30,1127.35,1128.7,1126.0,1126.1,1061
2023-05-08 10:45:00+05:30,1126.1,1126.9,1125.0,1125.1,1964
2023-05-08 11:00:00+05:30,1125.1,1128.0,1125.1,1128.0,1949
2023-05-08 11:15:00+05:30,1128.0,1132.95,1127.9,1132.8,7811
2023-05-08 11:30:00+05:30,1132.8,1132.8,1128.6,1129.4,6124
2023-05-08 11:45:00+05:30,1129.0,1129.4,1120.15,1122.6,8120
2023-05-08 12:00:00+05:30,1122.0,1128.2,1122.0,1127.8,2299
2023-05-08 12:15:00+05:30,1127.8,1129.15,1124.0,1125.0,3096
2023-05-08 12:30:00+05:30,1125.0,1126.25,1123.65,1126.1,3194
2023-05-08 12:45:00+05:30,1126.1,1126.95,1124.0,1124.05,1052
2023-05-08 13:00:00+05:30,1124.1,1125.25,1124.0,1124.45,1081
2023-05-08 13:15:00+05:30,1124.45,1125.0,1115.0,1116.1,7958
2023-05-08 13:30:00+05:30,1116.1,1118.0,1112.8,1117.35,6473
2023-05-08 13:45:00+05:30,1117.35,1121.6,1114.5,1120.45,6944
2023-05-08 14:00:00+05:30,1120.45,1120.45,1112.0,1114.95,8242
2023-05-08 14:15:00+05:30,1115.55,1115.55,1111.0,1112.05,4396
2023-05-08 14:30:00+05:30,1112.05,1115.0,1107.7,1112.7,9634
2023-05-08 14:45:00+05:30,1112.7,1113.35,1105.0,1109.05,12839
2023-05-08 15:00:00+05:30,1109.05,1109.5,1106.05,1107.95,7105
2023-05-08 15:15:00+05:30,1108.0,1110.15,1107.0,1108.9,7070
2023-05-08 15:30:00+05:30,1108.9,1114.4,1108.9,1113.0,14427
2023-05-09 09:30:00+05:30,1113.0,1119.95,1112.55,1119.0,6294
2023-05-09 09:45:00+05:30,1119.9,1119.9,1111.65,1112.7,8396
2023-05-09 10:00:00+05:30,1112.7,1115.0,1112.6,1113.6,1906
2023-05-09 10:15:00+05:30,1114.6,1114.6,1113.3,1113.95,3565
2023-05-09 10:30:00+05:30,1113.95,1114.75,1113.5,1114.0,1908
2023-05-09 10:45:00+05:30,1114.0,1114.0,1113.0,1113.4,887
2023-05-09 11:00:00+05:30,1113.4,1113.4,1110.0,1110.35,2844
2023-05-09 11:15:00+05:30,1110.35,1110.4,1107.75,1109.6,4234
2023-05-09 11:30:00+05:30,1109.6,1109.65,1107.0,1107.2,1932
2023-05-09 11:45:00+05:30,1107.95,1110.0,1107.65,1108.0,2215
2023-05-09 12:00:00+05:30,1108.0,1109.35,1107.0,1107.15,2353
2023-05-09 12:15:00+05:30,1107.9,1111.45,1107.5,1111.2,5532
2023-05-09 12:30:00+05:30,1111.2,1111.2,1108.0,1108.95,1560
2023-05-09 12:45:00+05:30,1108.95,1110.95,1108.25,1110.0,1463
2023-05-09 13:00:00+05:30,1110.0,1110.0,1108.0,1109.15,481
2023-05-09 13:15:00+05:30,1109.15,1110.0,1108.3,1110.0,491
2023-05-09 13:30:00+05:30,1110.0,1110.2,1108.6,1110.0,2226
2023-05-09 13:45:00+05:30,1110.0,1110.35,1109.15,1110.0,3610
2023-05-09 14:00:00+05:30,1110.0,1110.65,1108.1,1108.5,1766
2023-05-09 14:15:00+05:30,1108.5,1115.85,1108.0,1115.0,16087
2023-05-09 14:30:00+05:30,1115.25,1116.25,1115.0,1115.85,7482
2023-05-09 14:45:00+05:30,1116.1,1117.95,1115.45,1116.45,3598
2023-05-09 15:00:00+05:30,1115.0,1117.0,1115.0,1116.0,2714
2023-05-09 15:15:00+05:30,1116.0,1125.2,1115.0,1125.2,19647
2023-05-09 15:30:00+05:30,1126.0,1129.7,1125.0,1129.7,20069
2023-05-10 09:30:00+05:30,1120.1,1128.7,1120.1,1123.2,4183
2023-05-10 09:45:00+05:30,1123.2,1127.15,1123.0,1125.0,4244
2023-05-10 10:00:00+05:30,1125.0,1131.0,1125.0,1127.55,4026
2023-05-10 10:15:00+05:30,1127.3,1127.3,1124.8,1125.55,1163
2023-05-10 10:30:00+05:30,1125.55,1128.5,1125.45,1128.5,745
2023-05-10 10:45:00+05:30,1128.5,1132.0,1125.55,1127.75,3431
2023-05-10 11:00:00+05:30,1127.75,1127.75,1125.0,1125.0,1645
2023-05-10 11:15:00+05:30,1125.0,1126.75,1124.0,1125.05,3656
2023-05-10 11:30:00+05:30,1125.05,1127.0,1124.65,1125.95,1665
2023-05-10 11:45:00+05:30,1125.95,1126.25,1120.75,1122.0,3205
2023-05-10 12:00:00+05:30,1122.0,1122.0,1120.5,1121.55,658
2023-05-10 12:15:00+05:30,1121.55,1122.8,1120.5,1121.15,1380
2023-05-10 12:30:00+05:30,1121.15,1122.0,1121.0,1121.95,511
2023-05-10 12:45:00+05:30,1121.95,1122.0,1117.95,1120.75,2724
2023-05-10 13:00:00+05:30,1120.75,1121.9,1120.0,1120.1,1066
2023-05-10 13:15:00+05:30,1120.1,1121.0,1119.0,1120.15,153
2023-05-10 13:30:00+05:30,1120.15,1121.0,1120.0,1121.0,368
2023-05-10 13:45:00+05:30,1121.0,1121.9,1119.2,1120.6,772
2023-05-10 14:00:00+05:30,1120.6,1121.85,1118.0,1118.45,1211
2023-05-10 14:15:00+05:30,1118.55,1119.3,1115.0,1115.2,1876
2023-05-10 14:30:00+05:30,1115.2,1120.65,1115.0,1120.0,1854
2023-05-10 14:45:00+05:30,1120.0,1120.0,1115.75,1117.75,850
2023-05-10 15:00:00+05:30,1117.75,1119.0,1117.05,1118.95,510
2023-05-10 15:15:00+05:30,1118.95,1123.4,1118.6,1120.0,5709
2023-05-10 15:30:00+05:30,1120.0,1123.0,1119.05,1122.0,6632
2023-05-11 09:30:00+05:30,1122.0,1129.9,1119.6,1120.9,4331
2023-05-11 09:45:00+05:30,1121.7,1123.85,1121.0,1122.35,1322
2023-05-11 10:00:00+05:30,1122.35,1123.75,1120.6,1121.45,977
2023-05-11 10:15:00+05:30,1122.75,1124.45,1121.5,1124.0,798
2023-05-11 10:30:00+05:30,1124.0,1125.0,1120.75,1121.25,1905
2023-05-11 10:45:00+05:30,1120.05,1122.5,1118.0,1121.15,3250
2023-05-11 11:00:00+05:30,1121.15,1122.0,1116.05,1118.95,2128
2023-05-11 11:15:00+05:30,1118.95,1119.85,1117.55,1117.55,1164
2023-05-11 11:30:00+05:30,1117.0,1118.9,1116.0,1116.35,1449
2023-05-11 11:45:00+05:30,1116.35,1118.75,1116.05,1117.0,1482
2023-05-11 12:00:00+05:30,1117.0,1119.15,1114.6,1116.35,1673
2023-05-11 12:15:00+05:30,1116.35,1116.35,1115.25,1116.3,196
2023-05-11 12:30:00+05:30,1116.3,1117.25,1115.5,1117.1,488
2023-05-11 12:45:00+05:30,1117.1,1117.25,1116.0,1116.6,227
2023-05-11 13:00:00+05:30,1116.6,1119.85,1116.35,1118.1,818
2023-05-11 13:15:00+05:30,1118.1,1118.5,1116.6,1116.6,339
2023-05-11 13:30:00+05:30,1117.7,1118.05,1116.65,1117.1,177
2023-05-11 13:45:00+05:30,1117.1,1118.0,1116.95,1117.05,847
2023-05-11 14:00:00+05:30,1118.1,1118.5,1111.45,1111.45,2513
2023-05-11 14:15:00+05:30,1111.45,1115.3,1111.4,1114.15,996
2023-05-11 14:30:00+05:30,1114.15,1118.95,1114.15,1114.7,3730
2023-05-11 14:45:00+05:30,1114.7,1115.2,1105.8,1108.1,7005
2023-05-11 15:00:00+05:30,1108.1,1110.45,1108.1,1110.2,2017
2023-05-11 15:15:00+05:30,1110.2,1111.95,1108.2,1111.9,4147
2023-05-11 15:30:00+05:30,1111.85,1112.45,1105.5,1110.95,6364
2023-05-12 09:30:00+05:30,1116.1,1116.1,1102.0,1106.85,13287
2023-05-12 09:45:00+05:30,1105.1,1108.9,1104.6,1107.5,5146
2023-05-12 10:00:00+05:30,1107.5,1108.95,1106.05,1107.0,1713
2023-05-12 10:15:00+05:30,1107.0,1108.45,1106.1,1107.1,966
2023-05-12 10:30:00+05:30,1107.1,1110.55,1106.15,1107.5,2889
2023-05-12 10:45:00+05:30,1108.0,1111.65,1107.35,1108.5,3867
2023-05-12 11:00:00+05:30,1108.5,1110.0,1108.5,1108.5,768
2023-05-12 11:15:00+05:30,1108.5,1108.9,1108.5,1108.7,457
2023-05-12 11:30:00+05:30,1108.7,1108.7,1106.55,1107.4,2062
2023-05-12 11:45:00+05:30,1107.0,1108.8,1107.0,1108.5,692
2023-05-12 12:00:00+05:30,1108.5,1108.9,1107.0,1107.0,1543
2023-05-12 12:15:00+05:30,1107.0,1107.45,1107.0,1107.15,651
2023-05-12 12:30:00+05:30,1107.15,1107.2,1106.85,1106.85,1393
2023-05-12 12:45:00+05:30,1106.55,1107.45,1105.35,1106.9,886
2023-05-12 13:00:00+05:30,1106.9,1107.7,1105.0,1106.45,757
2023-05-12 13:15:00+05:30,1106.45,1107.0,1103.5,1103.5,3787
2023-05-12 13:30:00+05:30,1104.85,1105.6,1103.65,1104.5,841
2023-05-12 13:45:00+05:30,1104.5,1105.95,1103.6,1104.0,1182
2023-05-12 14:00:00+05:30,1104.0,1104.35,1103.0,1103.5,785
2023-05-12 14:15:00+05:30,1103.05,1107.0,1100.0,1106.95,3626
2023-05-12 14:30:00+05:30,1106.95,1107.0,1104.55,1104.55,1018
2023-05-12 14:45:00+05:30,1104.55,1105.45,1103.0,1103.05,536
2023-05-12 15:00:00+05:30,1103.05,1104.0,1101.0,1103.95,2655
2023-05-12 15:15:00+05:30,1103.95,1111.0,1102.0,1110.0,16697
2023-05-12 15:30:00+05:30,1110.0,1112.2,1110.0,1112.0,7899
2023-05-15 09:30:00+05:30,1109.45,1111.3,1106.4,1110.3,2027
2023-05-15 09:45:00+05:30,1108.25,1110.45,1097.55,1107.95,5297
2023-05-15 10:00:00+05:30,1107.95,1108.8,1105.65,1107.95,695
2023-05-15 10:15:00+05:30,1107.95,1108.0,1105.0,1105.65,932
2023-05-15 10:30:00+05:30,1105.65,1106.9,1101.0,1101.95,1637
2023-05-15 10:45:00+05:30,1101.95,1103.4,1100.4,1102.65,2451
2023-05-15 11:00:00+05:30,1102.65,1103.35,1101.0,1103.2,1421
2023-05-15 11:15:00+05:30,1101.25,1103.5,1101.25,1102.45,796
2023-05-15 11:30:00+05:30,1102.45,1103.5,1100.8,1103.5,903
2023-05-15 11:45:00+05:30,1103.5,1106.65,1102.85,1104.95,2041
2023-05-15 12:00:00+05:30,1104.95,1105.0,1102.95,1103.85,847
2023-05-15 12:15:00+05:30,1103.85,1109.3,1103.0,1108.1,1923
2023-05-15 12:30:00+05:30,1108.1,1115.35,1106.8,1111.0,4039
2023-05-15 12:45:00+05:30,1111.0,1117.5,1111.0,1114.95,3205
2023-05-15 13:00:00+05:30,1114.1,1116.8,1112.65,1114.9,3726
2023-05-15 13:15:00+05:30,1114.9,1115.0,1113.0,1113.0,947
2023-05-15 13:30:00+05:30,1113.0,1115.9,1113.0,1114.95,1094
2023-05-15 13:45:00+05:30,1114.95,1115.95,1108.15,1108.85,3224
2023-05-15 14:00:00+05:30,1108.85,1109.1,1104.55,1104.95,2052
2023-05-15 14:15:00+05:30,1105.0,1106.35,1103.0,1106.0,2242
2023-05-15 14:30:00+05:30,1106.0,1106.4,1101.0,1106.4,2485
2023-05-15 14:45:00+05:30,1106.35,1109.95,1103.0,1108.2,4069
2023-05-15 15:00:00+05:30,1108.2,1108.5,1104.85,1105.45,719
2023-05-15 15:15:00+05:30,1106.65,1111.7,1105.0,1110.05,5583
2023-05-15 15:30:00+05:30,1110.05,1110.25,1099.05,1103.15,9425
2023-05-16 09:30:00+05:30,1105.0,1114.9,1104.3,1107.0,5282
2023-05-16 09:45:00+05:30,1107.0,1111.0,1106.2,1108.4,1379
2023-05-16 10:00:00+05:30,1108.4,1108.4,1105.0,1106.05,2349
2023-05-16 10:15:00+05:30,1106.1,1106.6,1104.1,1106.0,1396
2023-05-16 10:30:00+05:30,1106.0,1106.0,1104.0,1105.8,1133
2023-05-16 10:45:00+05:30,1105.95,1105.95,1104.0,1104.45,1212
2023-05-16 11:00:00+05:30,1104.45,1105.0,1097.0,1100.0,4673
2023-05-16 11:15:00+05:30,1100.0,1101.15,1098.05,1099.0,1958
2023-05-16 11:30:00+05:30,1099.0,1099.95,1097.9,1098.95,1930
2023-05-16 11:45:00+05:30,1098.95,1099.95,1097.0,1098.0,1752
2023-05-16 12:00:00+05:30,1098.0,1098.0,1097.3,1098.0,1660
2023-05-16 12:15:00+05:30,1098.0,1100.6,1098.0,1099.65,672
2023-05-16 12:30:00+05:30,1099.0,1099.65,1098.45,1098.55,366
2023-05-16 12:45:00+05:30,1098.55,1102.15,1096.9,1100.1,3174
2023-05-16 13:00:00+05:30,1100.1,1103.25,1100.1,1103.0,2545
2023-05-16 13:15:00+05:30,1103.05,1103.05,1098.1,1100.0,4135
2023-05-16 13:30:00+05:30,1100.0,1100.0,1096.05,1097.3,1369
2023-05-16 13:45:00+05:30,1097.3,1106.95,1097.3,1106.95,14553
2023-05-16 14:00:00+05:30,1107.0,1107.75,1105.0,1107.2,1052
2023-05-16 14:15:00+05:30,1106.05,1107.8,1106.0,1106.9,914
2023-05-16 14:30:00+05:30,1106.9,1107.3,1103.65,1105.0,1862
2023-05-16 14:45:00+05:30,1105.0,1106.55,1105.0,1106.55,1016
2023-05-16 15:00:00+05:30,1106.55,1106.7,1105.0,1105.0,459
2023-05-16 15:15:00+05:30,1105.0,1106.95,1105.0,1105.75,3985
2023-05-16 15:30:00+05:30,1105.0,1106.0,1105.0,1105.0,5333
2023-05-17 09:30:00+05:30,1107.0,1125.0,1102.35,1121.2,14668
2023-05-17 09:45:00+05:30,1123.0,1123.0,1116.0,1119.0,4756
2023-05-17 10:00:00+05:30,1119.0,1119.0,1113.35,1114.8,2014
2023-05-17 10:15:00+05:30,1114.9,1119.0,1113.55,1117.4,2564
2023-05-17 10:30:00+05:30,1117.4,1118.45,1115.45,1116.85,1188
2023-05-17 10:45:00+05:30,1115.6,1117.9,1113.05,1117.55,1612
2023-05-17 11:00:00+05:30,1117.55,1119.0,1117.0,1118.4,2484
2023-05-17 11:15:00+05:30,1118.0,1118.05,1114.8,1118.0,2079
2023-05-17 11:30:00+05:30,1118.0,1124.0,1116.45,1121.5,22692
2023-05-17 11:45:00+05:30,1121.5,1121.5,1116.95,1119.25,2930
2023-05-17 12:00:00+05:30,1119.25,1120.0,1116.4,1116.55,2440
2023-05-17 12:15:00+05:30,1116.55,1118.15,1115.1,1118.1,1463
2023-05-17 12:30:00+05:30,1117.0,1120.0,1117.0,1120.0,729
2023-05-17 12:45:00+05:30,1120.0,1120.0,1113.2,1118.5,1920
2023-05-17 13:00:00+05:30,1118.5,1122.95,1115.1,1116.0,6780
2023-05-17 13:15:00+05:30,1116.0,1118.0,1115.15,1118.0,906
2023-05-17 13:30:00+05:30,1118.0,1119.8,1116.0,1116.65,3291
2023-05-17 13:45:00+05:30,1116.65,1118.5,1116.35,1117.6,3353
2023-05-17 14:00:00+05:30,1117.6,1120.0,1115.3,1116.8,9967
2023-05-17 14:15:00+05:30,1116.8,1117.35,1114.05,1116.0,2221
2023-05-17 14:30:00+05:30,1116.0,1117.4,1115.55,1117.35,1076
2023-05-17 14:45:00+05:30,1117.35,1122.1,1116.5,1117.8,4515
2023-05-17 15:00:00+05:30,1117.8,1118.0,1112.85,1114.35,3517
2023-05-17 15:15:00+05:30,1113.3,1121.0,1112.3,1120.5,10041
2023-05-17 15:30:00+05:30,1120.4,1129.3,1119.25,1121.25,32699
2023-05-18 09:30:00+05:30,1130.0,1130.0,1119.5,1121.25,8228
2023-05-18 09:45:00+05:30,1122.35,1123.6,1120.5,1122.9,2798
2023-05-18 10:00:00+05:30,1122.9,1124.0,1122.45,1123.65,3743
2023-05-18 10:15:00+05:30,1123.65,1123.65,1122.0,1122.0,2457
2023-05-18 10:30:00+05:30,1122.0,1124.0,1121.25,1122.95,4829
2023-05-18 10:45:00+05:30,1122.95,1126.7,1121.0,1123.6,20311
2023-05-18 11:00:00+05:30,1123.6,1125.0,1122.4,1125.0,1114
2023-05-18 11:15:00+05:30,1125.0,1126.15,1123.45,1126.15,1043
2023-05-18 11:30:00+05:30,1126.15,1126.45,1123.65,1124.4,727
2023-05-18 11:45:00+05:30,1124.4,1125.5,1123.5,1124.3,475
2023-05-18 12:00:00+05:30,1124.7,1126.7,1124.7,1125.3,5679
2023-05-18 12:15:00+05:30,1126.0,1127.1,1121.9,1122.15,12598
2023-05-18 12:30:00+05:30,1123.0,1124.9,1121.7,1123.0,23741
2023-05-18 12:45:00+05:30,1123.0,1126.0,1122.55,1125.1,5755
2023-05-18 13:00:00+05:30,1125.1,1125.75,1125.05,1125.7,1869
2023-05-18 13:15:00+05:30,1125.7,1126.0,1125.05,1125.05,1063
2023-05-18 13:30:00+05:30,1125.05,1126.0,1125.0,1125.45,5877
2023-05-18 13:45:00+05:30,1125.45,1126.45,1119.0,1122.3,10959
2023-05-18 14:00:00+05:30,1122.3,1124.2,1122.3,1122.5,1252
2023-05-18 14:15:00+05:30,1122.5,1124.95,1121.95,1124.95,3284
2023-05-18 14:30:00+05:30,1123.75,1125.0,1122.95,1123.45,7560
2023-05-18 14:45:00+05:30,1123.5,1123.5,1122.6,1123.5,1449
2023-05-18 15:00:00+05:30,1122.6,1123.5,1122.0,1123.0,1681
2023-05-18 15:15:00+05:30,1123.0,1123.45,1118.7,1122.0,7017
2023-05-18 15:30:00+05:30,1122.05,1122.5,1118.5,1121.9,15282
2023-05-19 09:30:00+05:30,1121.95,1141.95,1121.95,1132.5,18788
2023-05-19 09:45:00+05:30,1132.5,1133.75,1126.8,1131.0,9846
2023-05-19 10:00:00+05:30,1130.5,1130.5,1127.0,1127.0,3161
2023-05-19 10:15:00+05:30,1127.0,1130.0,1125.05,1126.95,6950
2023-05-19 10:30:00+05:30,1126.95,1127.8,1124.7,1127.15,2850
2023-05-19 10:45:00+05:30,1127.15,1129.55,1125.35,1129.15,3684
2023-05-19 11:00:00+05:30,1129.45,1129.45,1125.7,1127.3,596
2023-05-19 11:15:00+05:30,1127.3,1129.95,1127.0,1129.8,1828
2023-05-19 11:30:00+05:30,1129.8,1132.0,1129.2,1130.95,5152
2023-05-19 11:45:00+05:30,1130.95,1132.0,1129.65,1130.4,38212
2023-05-19 12:00:00+05:30,1130.4,1131.95,1130.0,1131.0,1320
2023-05-19 12:15:00+05:30,1131.0,1132.0,1129.9,1131.8,4646
2023-05-19 12:30:00+05:30,1131.8,1139.0,1129.5,1136.0,21879
2023-05-19 12:45:00+05:30,1136.0,1139.0,1133.0,1136.9,10370
2023-05-19 13:00:00+05:30,1136.9,1136.9,1135.0,1136.0,1427
2023-05-19 13:15:00+05:30,1136.05,1137.45,1135.1,1136.2,3097
2023-05-19 13:30:00+05:30,1136.2,1137.25,1135.0,1135.55,4771
2023-05-19 13:45:00+05:30,1135.55,1137.7,1135.0,1135.6,4050
2023-05-19 14:00:00+05:30,1135.55,1137.05,1132.15,1135.0,9332
2023-05-19 14:15:00+05:30,1135.0,1135.0,1130.4,1132.0,3691
2023-05-19 14:30:00+05:30,1131.7,1138.0,1131.55,1136.15,20600
2023-05-19 14:45:00+05:30,1137.2,1153.0,1133.95,1149.5,88438
2023-05-19 15:00:00+05:30,1149.5,1153.0,1148.0,1150.0,32116
2023-05-19 15:15:00+05:30,1151.0,1158.9,1150.0,1156.0,43838
2023-05-19 15:30:00+05:30,1156.3,1162.0,1155.05,1156.0,37393
2023-05-22 09:30:00+05:30,1161.0,1174.0,1156.85,1163.1,28663
2023-05-22 09:45:00+05:30,1162.25,1164.35,1160.3,1163.85,9214
2023-05-22 10:00:00+05:30,1163.85,1167.0,1161.9,1162.95,7359
2023-05-22 10:15:00+05:30,1162.95,1165.8,1160.05,1163.85,4506
2023-05-22 10:30:00+05:30,1163.85,1163.85,1161.1,1162.35,1724
2023-05-22 10:45:00+05:30,1162.35,1164.8,1161.7,1161.9,4167
2023-05-22 11:00:00+05:30,1161.9,1164.9,1161.6,1162.65,5197
2023-05-22 11:15:00+05:30,1163.5,1164.0,1160.8,1162.95,3431
2023-05-22 11:30:00+05:30,1162.95,1165.0,1162.25,1163.8,4533
2023-05-22 11:45:00+05:30,1165.0,1165.65,1162.5,1164.15,2772
2023-05-22 12:00:00+05:30,1164.15,1165.0,1161.85,1162.0,2279
2023-05-22 12:15:00+05:30,1163.35,1164.4,1162.0,1162.55,2100
2023-05-22 12:30:00+05:30,1162.55,1163.7,1159.15,1162.95,4326
2023-05-22 12:45:00+05:30,1162.95,1163.7,1161.0,1162.25,1823
2023-05-22 13:00:00+05:30,1162.25,1163.0,1161.4,1162.0,4472
2023-05-22 13:15:00+05:30,1162.45,1163.5,1147.7,1163.5,20871
2023-05-22 13:30:00+05:30,1163.5,1163.9,1161.7,1163.2,1105
2023-05-22 13:45:00+05:30,1162.95,1162.95,1159.6,1161.4,1715
2023-05-22 14:00:00+05:30,1162.2,1162.2,1159.0,1159.95,1851
2023-05-22 14:15:00+05:30,1160.0,1164.0,1160.0,1163.45,5009
2023-05-22 14:30:00+05:30,1162.75,1166.0,1162.1,1165.95,5689
2023-05-22 14:45:00+05:30,1165.95,1166.3,1162.0,1164.7,4546
2023-05-22 15:00:00+05:30,1164.7,1167.2,1163.3,1165.1,3382
2023-05-22 15:15:00+05:30,1165.2,1167.0,1164.4,1167.0,8744
2023-05-22 15:30:00+05:30,1167.0,1171.0,1163.0,1170.0,28740
2023-05-23 09:30:00+05:30,1170.0,1178.65,1162.05,1164.7,8888
2023-05-23 09:45:00+05:30,1164.7,1169.5,1164.7,1166.8,1328
2023-05-23 10:00:00+05:30,1166.8,1168.5,1166.05,1168.0,777
2023-05-23 10:15:00+05:30,1168.0,1168.9,1166.1,1166.1,2102
2023-05-23 10:30:00+05:30,1166.1,1167.9,1163.0,1163.0,1470
2023-05-23 10:45:00+05:30,1163.85,1164.65,1162.55,1162.55,928
2023-05-23 11:00:00+05:30,1162.95,1163.9,1158.5,1161.5,2013
2023-05-23 11:15:00+05:30,1161.5,1163.55,1160.0,1161.85,1177
2023-05-23 11:30:00+05:30,1161.85,1162.75,1159.0,1159.1,1249
2023-05-23 11:45:00+05:30,1159.65,1161.35,1159.0,1160.95,1725
2023-05-23 12:00:00+05:30,1160.95,1162.05,1160.1,1160.3,1924
2023-05-23 12:15:00+05:30,1160.3,1160.3,1153.0,1153.35,4256
2023-05-23 12:30:00+05:30,1154.6,1155.3,1150.2,1153.6,3641
2023-05-23 12:45:00+05:30,1153.6,1154.65,1153.6,1153.65,477
2023-05-23 13:00:00+05:30,1153.65,1155.0,1152.6,1154.5,1324
2023-05-23 13:15:00+05:30,1154.5,1156.6,1154.5,1156.0,1627
2023-05-23 13:30:00+05:30,1154.85,1156.55,1152.5,1155.1,2030
2023-05-23 13:45:00+05:30,1155.8,1159.0,1155.1,1157.0,1022
2023-05-23 14:00:00+05:30,1157.0,1158.7,1154.05,1155.85,988
2023-05-23 14:15:00+05:30,1155.85,1157.3,1154.55,1157.3,383
2023-05-23 14:30:00+05:30,1157.3,1159.5,1156.65,1156.65,1185
2023-05-23 14:45:00+05:30,1156.65,1157.2,1154.35,1155.2,1326
2023-05-23 15:00:00+05:30,1155.2,1157.4,1152.1,1155.3,2016
2023-05-23 15:15:00+05:30,1155.3,1159.75,1152.6,1159.0,6359
2023-05-23 15:30:00+05:30,1159.95,1166.0,1155.25,1166.0,7751
2023-05-24 09:30:00+05:30,1159.0,1163.95,1148.6,1149.25,9380
2023-05-24 09:45:00+05:30,1150.3,1151.25,1146.65,1148.6,2703
2023-05-24 10:00:00+05:30,1148.6,1151.0,1147.0,1149.0,2208
2023-05-24 10:15:00+05:30,1149.0,1150.5,1149.0,1149.5,1368
2023-05-24 10:30:00+05:30,1149.5,1150.0,1144.1,1148.65,2988
2023-05-24 10:45:00+05:30,1148.65,1149.7,1147.0,1148.0,749
2023-05-24 11:00:00+05:30,1148.0,1149.95,1147.0,1147.95,382
2023-05-24 11:15:00+05:30,1147.95,1149.85,1146.65,1146.65,664
2023-05-24 11:30:00+05:30,1146.65,1148.0,1145.1,1146.0,1421
2023-05-24 11:45:00+05:30,1146.0,1148.0,1146.0,1147.15,1081
2023-05-24 12:00:00+05:30,1146.65,1147.85,1140.1,1140.5,7248
2023-05-24 12:15:00+05:30,1140.5,1141.9,1139.6,1139.65,2510
2023-05-24 12:30:00+05:30,1139.65,1143.05,1139.1,1143.05,292
2023-05-24 12:45:00+05:30,1143.05,1143.35,1142.0,1142.6,258
2023-05-24 13:00:00+05:30,1142.6,1144.15,1142.6,1144.15,721
2023-05-24 13:15:00+05:30,1144.15,1145.5,1143.2,1143.6,525
2023-05-24 13:30:00+05:30,1143.6,1147.9,1143.1,1147.9,1316
2023-05-24 13:45:00+05:30,1147.7,1148.0,1147.0,1147.0,1762
2023-05-24 14:00:00+05:30,1147.0,1147.75,1146.1,1147.1,1019
2023-05-24 14:15:00+05:30,1147.1,1147.95,1144.15,1144.6,3402
2023-05-24 14:30:00+05:30,1144.6,1145.0,1143.1,1143.1,1785
2023-05-24 14:45:00+05:30,1143.9,1144.85,1143.2,1143.65,981
2023-05-24 15:00:00+05:30,1143.65,1144.4,1138.1,1138.85,3236
2023-05-24 15:15:00+05:30,1138.1,1139.5,1137.0,1139.5,2692
2023-05-24 15:30:00+05:30,1138.4,1145.0,1136.0,1145.0,6222
2023-05-25 09:30:00+05:30,1144.5,1149.35,1130.1,1131.3,18494
2023-05-25 09:45:00+05:30,1130.35,1139.0,1130.35,1138.7,5896
2023-05-25 10:00:00+05:30,1138.7,1138.7,1133.75,1136.65,2569
2023-05-25 10:15:00+05:30,1136.65,1138.0,1135.45,1137.45,1309
2023-05-25 10:30:00+05:30,1137.45,1141.0,1135.75,1139.5,2660
2023-05-25 10:45:00+05:30,1140.95,1140.95,1138.7,1138.75,439
2023-05-25 11:00:00+05:30,1138.75,1141.05,1138.55,1139.95,1563
2023-05-25 11:15:00+05:30,1139.95,1141.0,1138.5,1138.6,1109
2023-05-25 11:30:00+05:30,1138.6,1139.0,1135.5,1136.0,1914
2023-05-25 11:45:00+05:30,1136.0,1140.0,1135.9,1135.9,889
2023-05-25 12:00:00+05:30,1135.9,1139.1,1135.9,1136.9,292
2023-05-25 12:15:00+05:30,1136.25,1140.05,1136.25,1138.7,2286
2023-05-25 12:30:00+05:30,1138.7,1138.7,1136.55,1138.0,234
2023-05-25 12:45:00+05:30,1136.9,1138.0,1136.75,1137.25,512
2023-05-25 13:00:00+05:30,1138.4,1140.0,1136.5,1137.05,606
2023-05-25 13:15:00+05:30,1137.05,1139.25,1136.5,1137.1,326
2023-05-25 13:30:00+05:30,1137.1,1139.5,1137.1,1137.85,340
2023-05-25 13:45:00+05:30,1137.85,1138.85,1136.05,1136.05,790
2023-05-25 14:00:00+05:30,1136.05,1138.3,1135.35,1136.9,440
2023-05-25 14:15:00+05:30,1136.9,1137.2,1133.75,1136.3,1082
2023-05-25 14:30:00+05:30,1136.3,1137.15,1132.25,1134.65,1763
2023-05-25 14:45:00+05:30,1136.2,1138.9,1136.1,1138.1,1051
2023-05-25 15:00:00+05:30,1138.1,1140.0,1136.25,1139.5,1563
2023-05-25 15:15:00+05:30,1139.5,1140.0,1136.5,1139.6,7029
2023-05-25 15:30:00+05:30,1139.6,1141.2,1133.0,1141.15,11018
2023-05-26 09:30:00+05:30,1102.25,1132.9,1096.4,1125.95,55732
2023-05-26 09:45:00+05:30,1125.95,1128.0,1125.1,1127.55,6147
2023-05-26 10:00:00+05:30,1127.55,1128.8,1122.0,1127.7,10990
2023-05-26 10:15:00+05:30,1127.9,1129.95,1125.55,1126.0,3462
2023-05-26 10:30:00+05:30,1126.0,1127.55,1125.4,1126.05,2294
2023-05-26 10:45:00+05:30,1126.0,1127.75,1125.0,1126.0,795
2023-05-26 11:00:00+05:30,1126.0,1127.1,1125.0,1126.1,967
2023-05-26 11:15:00+05:30,1126.1,1136.0,1126.1,1135.35,5394
2023-05-26 11:30:00+05:30,1136.45,1139.0,1130.95,1134.55,5792
2023-05-26 11:45:00+05:30,1134.55,1139.0,1134.55,1136.05,5235
2023-05-26 12:00:00+05:30,1136.05,1137.0,1134.65,1134.65,1756
2023-05-26 12:15:00+05:30,1135.0,1138.3,1134.65,1135.0,1161
2023-05-26 12:30:00+05:30,1135.0,1137.95,1133.05,1135.75,1819
2023-05-26 12:45:00+05:30,1135.8,1143.9,1134.55,1142.2,4243
2023-05-26 13:00:00+05:30,1141.4,1155.8,1138.15,1154.7,11013
2023-05-26 13:15:00+05:30,1153.6,1156.0,1149.8,1154.4,10617
2023-05-26 13:30:00+05:30,1154.4,1174.85,1153.4,1165.1,31798
2023-05-26 13:45:00+05:30,1164.9,1174.8,1164.4,1169.7,27615
2023-05-26 14:00:00+05:30,1169.7,1170.0,1162.05,1167.9,13121
2023-05-26 14:15:00+05:30,1167.9,1168.0,1164.5,1165.95,8027
2023-05-26 14:30:00+05:30,1165.45,1168.4,1163.75,1166.2,8867
2023-05-26 14:45:00+05:30,1166.25,1173.5,1165.55,1171.0,15612
2023-05-26 15:00:00+05:30,1171.35,1173.0,1169.0,1170.0,10724
2023-05-26 15:15:00+05:30,1170.95,1171.0,1162.05,1165.3,13709
2023-05-26 15:30:00+05:30,1164.8,1165.7,1153.0,1153.0,21717
2023-05-29 09:30:00+05:30,1161.4,1161.4,1143.8,1152.95,17678
2023-05-29 09:45:00+05:30,1151.25,1153.0,1147.35,1150.95,2616
2023-05-29 10:00:00+05:30,1150.95,1152.5,1148.5,1152.5,3603
2023-05-29 10:15:00+05:30,1152.5,1153.4,1149.05,1153.4,4357
2023-05-29 10:30:00+05:30,1153.4,1174.5,1152.55,1167.0,16160
2023-05-29 10:45:00+05:30,1167.85,1168.1,1157.05,1162.55,6716
2023-05-29 11:00:00+05:30,1162.55,1164.4,1161.0,1161.0,790
2023-05-29 11:15:00+05:30,1161.0,1162.0,1159.2,1160.0,5342
2023-05-29 11:30:00+05:30,1160.0,1161.5,1160.0,1161.5,2021
2023-05-29 11:45:00+05:30,1161.5,1161.5,1159.15,1160.55,905
2023-05-29 12:00:00+05:30,1160.55,1161.55,1159.65,1160.0,313
2023-05-29 12:15:00+05:30,1160.0,1162.0,1159.15,1161.2,1878
2023-05-29 12:30:00+05:30,1161.2,1163.4,1160.2,1162.4,1043
2023-05-29 12:45:00+05:30,1162.4,1162.95,1159.15,1159.2,2421
2023-05-29 13:00:00+05:30,1159.2,1160.0,1159.0,1159.3,3993
2023-05-29 13:15:00+05:30,1159.95,1166.45,1159.3,1166.4,2963
2023-05-29 13:30:00+05:30,1166.4,1166.4,1162.4,1164.0,708
2023-05-29 13:45:00+05:30,1164.0,1165.0,1162.0,1162.25,1522
2023-05-29 14:00:00+05:30,1162.25,1163.85,1162.0,1162.85,1262
2023-05-29 14:15:00+05:30,1162.85,1165.4,1162.6,1163.8,3235
2023-05-29 14:30:00+05:30,1163.8,1164.0,1159.15,1159.15,4085
2023-05-29 14:45:00+05:30,1159.15,1162.95,1159.0,1161.0,3063
2023-05-29 15:00:00+05:30,1161.0,1164.05,1159.15,1160.15,6013
2023-05-29 15:15:00+05:30,1161.95,1163.05,1159.0,1159.15,3855
2023-05-29 15:30:00+05:30,1160.55,1162.0,1158.0,1160.0,10637
2023-05-30 09:30:00+05:30,1155.6,1164.0,1155.6,1158.7,6129
2023-05-30 09:45:00+05:30,1158.05,1158.7,1152.25,1154.05,3201
2023-05-30 10:00:00+05:30,1154.05,1159.0,1153.05,1157.45,6519
2023-05-30 10:15:00+05:30,1157.45,1162.0,1156.85,1161.7,1249
2023-05-30 10:30:00+05:30,1161.7,1162.95,1160.6,1160.8,2004
2023-05-30 10:45:00+05:30,1160.0,1162.95,1160.0,1162.95,2125
2023-05-30 11:00:00+05:30,1162.95,1163.0,1162.0,1162.0,1699
2023-05-30 11:15:00+05:30,1162.0,1163.0,1162.0,1162.0,2814
2023-05-30 11:30:00+05:30,1162.0,1162.95,1161.6,1162.0,1731
2023-05-30 11:45:00+05:30,1162.0,1162.95,1160.05,1161.15,612
2023-05-30 12:00:00+05:30,1161.15,1163.0,1157.05,1160.0,1722
2023-05-30 12:15:00+05:30,1160.0,1161.45,1152.0,1152.65,1094
2023-05-30 12:30:00+05:30,1152.65,1154.45,1150.1,1151.1,2656
2023-05-30 12:45:00+05:30,1151.1,1154.3,1142.25,1144.45,8851
2023-05-30 13:00:00+05:30,1144.45,1148.05,1144.4,1148.05,3055
2023-05-30 13:15:00+05:30,1148.05,1149.9,1146.5,1148.0,513
2023-05-30 13:30:00+05:30,1148.0,1148.0,1147.0,1148.0,356
2023-05-30 13:45:00+05:30,1148.0,1169.4,1148.0,1166.25,13779
2023-05-30 14:00:00+05:30,1167.45,1173.0,1165.25,1170.7,16977
2023-05-30 14:15:00+05:30,1171.0,1172.95,1170.1,1172.5,6751
2023-05-30 14:30:00+05:30,1172.5,1178.0,1172.0,1176.9,21256
2023-05-30 14:45:00+05:30,1177.0,1177.0,1174.05,1175.75,11126
2023-05-30 15:00:00+05:30,1175.65,1176.0,1173.45,1174.4,7157
2023-05-30 15:15:00+05:30,1174.7,1175.35,1170.9,1172.95,15438
2023-05-30 15:30:00+05:30,1173.0,1175.0,1157.55,1165.4,12260
2023-05-31 09:30:00+05:30,1174.0,1175.5,1168.0,1169.0,5584
2023-05-31 09:45:00+05:30,1169.0,1170.5,1166.7,1170.0,3807
2023-05-31 10:00:00+05:30,1170.0,1171.4,1168.1,1169.8,1742
2023-05-31 10:15:00+05:30,1169.8,1170.0,1165.45,1167.2,1954
2023-05-31 10:30:00+05:30,1167.2,1169.35,1167.2,1168.4,1162
2023-05-31 10:45:00+05:30,1168.4,1169.65,1166.3,1167.0,859
2023-05-31 11:00:00+05:30,1167.0,1170.0,1166.1,1169.0,1704
2023-05-31 11:15:00+05:30,1169.0,1189.2,1169.0,1179.05,26690
2023-05-31 11:30:00+05:30,1179.05,1185.0,1176.0,1182.5,13367
2023-05-31 11:45:00+05:30,1182.5,1182.5,1173.3,1173.3,4348
2023-05-31 12:00:00+05:30,1173.3,1174.95,1171.0,1173.0,2076
2023-05-31 12:15:00+05:30,1173.0,1173.0,1170.15,1170.8,940
2023-05-31 12:30:00+05:30,1170.8,1172.45,1170.35,1170.35,707
2023-05-31 12:45:00+05:30,1170.35,1177.0,1168.9,1173.8,3350
2023-05-31 13:00:00+05:30,1173.8,1179.1,1172.6,1177.4,3639
2023-05-31 13:15:00+05:30,1177.4,1178.75,1177.0,1177.3,2181
2023-05-31 13:30:00+05:30,1177.3,1179.1,1175.45,1177.55,3578
2023-05-31 13:45:00+05:30,1177.55,1179.95,1177.45,1179.9,1010
2023-05-31 14:00:00+05:30,1179.9,1181.45,1177.85,1180.0,3160
2023-05-31 14:15:00+05:30,1180.0,1181.0,1180.0,1180.0,4277
2023-05-31 14:30:00+05:30,1180.0,1183.15,1180.0,1180.0,3126
2023-05-31 14:45:00+05:30,1180.0,1185.6,1180.0,1183.2,7236
2023-05-31 15:00:00+05:30,1184.25,1192.0,1184.25,1190.3,18169
2023-05-31 15:15:00+05:30,1189.4,1189.4,1168.55,1172.8,44450
2023-05-31 15:30:00+05:30,1171.15,1171.15,1160.0,1168.9,47785
2023-06-01 09:30:00+05:30,1166.25,1175.65,1166.25,1169.9,7807
2023-06-01 09:45:00+05:30,1169.9,1182.85,1168.0,1178.4,12844
2023-06-01 10:00:00+05:30,1178.4,1183.9,1176.9,1181.2,11690
2023-06-01 10:15:00+05:30,1181.2,1181.6,1178.85,1178.85,2164
2023-06-01 10:30:00+05:30,1178.85,1182.05,1178.0,1180.35,7084
2023-06-01 10:45:00+05:30,1180.35,1182.0,1180.0,1181.55,1566
2023-06-01 11:00:00+05:30,1181.55,1181.55,1177.6,1181.2,3225
2023-06-01 11:15:00+05:30,1181.65,1186.45,1180.2,1183.85,4025
2023-06-01 11:30:00+05:30,1183.85,1184.8,1180.0,1180.8,2375
2023-06-01 11:45:00+05:30,1180.8,1181.0,1178.3,1179.05,759
2023-06-01 12:00:00+05:30,1179.05,1181.35,1179.05,1180.7,2823
2023-06-01 12:15:00+05:30,1180.7,1180.95,1178.15,1178.2,793
2023-06-01 12:30:00+05:30,1178.6,1179.0,1173.1,1174.75,2475
2023-06-01 12:45:00+05:30,1175.55,1177.15,1173.55,1176.25,1827
2023-06-01 13:00:00+05:30,1176.25,1177.5,1174.05,1174.05,1296
2023-06-01 13:15:00+05:30,1174.05,1176.3,1173.55,1174.45,1007
2023-06-01 13:30:00+05:30,1174.45,1177.35,1173.65,1174.75,1044
2023-06-01 13:45:00+05:30,1174.75,1174.9,1172.25,1174.5,1007
2023-06-01 14:00:00+05:30,1173.6,1174.5,1170.25,1171.85,1211
2023-06-01 14:15:00+05:30,1171.9,1172.8,1169.0,1170.0,1734
2023-06-01 14:30:00+05:30,1170.0,1171.2,1168.0,1169.0,3758
2023-06-01 14:45:00+05:30,1169.0,1170.0,1167.5,1170.0,1345
2023-06-01 15:00:00+05:30,1170.0,1180.95,1168.75,1179.15,7908
2023-06-01 15:15:00+05:30,1180.7,1182.6,1170.0,1170.8,9430
2023-06-01 15:30:00+05:30,1171.0,1172.65,1165.0,1167.0,8237
2023-06-02 09:30:00+05:30,1178.95,1184.7,1174.2,1183.5,6267
2023-06-02 09:45:00+05:30,1184.85,1184.85,1180.0,1183.75,4585
2023-06-02 10:00:00+05:30,1183.75,1183.75,1178.1,1181.5,4721
2023-06-02 10:15:00+05:30,1180.8,1184.05,1179.55,1182.05,9064
2023-06-02 10:30:00+05:30,1182.05,1183.15,1182.0,1183.15,873
2023-06-02 10:45:00+05:30,1183.15,1190.1,1182.0,1188.0,13187
2023-06-02 11:00:00+05:30,1188.0,1191.45,1187.0,1188.95,5364
2023-06-02 11:15:00+05:30,1188.95,1194.5,1186.9,1190.0,8355
2023-06-02 11:30:00+05:30,1190.0,1190.95,1188.35,1189.7,1045
2023-06-02 11:45:00+05:30,1189.7,1189.7,1187.0,1188.15,1193
2023-06-02 12:00:00+05:30,1188.15,1188.75,1186.0,1188.2,1033
2023-06-02 12:15:00+05:30,1188.2,1190.35,1187.05,1190.3,3261
2023-06-02 12:30:00+05:30,1190.3,1190.3,1185.0,1186.35,1905
2023-06-02 12:45:00+05:30,1186.35,1188.55,1185.85,1187.95,1306
2023-06-02 13:00:00+05:30,1187.95,1189.6,1185.55,1186.2,3461
2023-06-02 13:15:00+05:30,1186.2,1187.0,1185.0,1185.0,740
2023-06-02 13:30:00+05:30,1185.0,1187.0,1185.0,1186.55,3136
2023-06-02 13:45:00+05:30,1187.35,1188.65,1186.5,1186.5,1010
2023-06-02 14:00:00+05:30,1186.5,1187.15,1186.5,1186.5,675
2023-06-02 14:15:00+05:30,1186.5,1189.0,1186.5,1187.9,676
2023-06-02 14:30:00+05:30,1187.9,1188.3,1187.0,1187.0,884
2023-06-02 14:45:00+05:30,1187.0,1191.0,1187.0,1190.0,2822
2023-06-02 15:00:00+05:30,1190.0,1194.25,1189.45,1192.1,9537
2023-06-02 15:15:00+05:30,1193.1,1198.0,1191.55,1197.4,14922
2023-06-02 15:30:00+05:30,1196.5,1200.0,1194.0,1197.1,35426
2023-06-05 09:30:00+05:30,1203.8,1208.5,1194.0,1198.65,7845
2023-06-05 09:45:00+05:30,1198.65,1204.3,1195.0,1202.0,7773
2023-06-05 10:00:00+05:30,1202.0,1203.9,1195.0,1196.15,4081
2023-06-05 10:15:00+05:30,1196.15,1197.2,1192.65,1193.3,2187
2023-06-05 10:30:00+05:30,1193.3,1194.8,1191.1,1193.0,2004
2023-06-05 10:45:00+05:30,1193.0,1194.95,1191.95,1192.0,4976
2023-06-05 11:00:00+05:30,1192.0,1192.5,1191.7,1192.4,1317
2023-06-05 11:15:00+05:30,1191.7,1192.2,1190.05,1191.5,3400
2023-06-05 11:30:00+05:30,1190.6,1191.75,1190.0,1190.2,1872
2023-06-05 11:45:00+05:30,1190.2,1191.7,1190.0,1191.05,613
2023-06-05 12:00:00+05:30,1191.0,1195.9,1191.0,1192.75,8945
2023-06-05 12:15:00+05:30,1193.2,1202.0,1192.75,1201.25,13315
2023-06-05 12:30:00+05:30,1201.25,1203.55,1195.0,1195.0,10680
2023-06-05 12:45:00+05:30,1196.2,1201.4,1195.0,1200.05,9037
2023-06-05 13:00:00+05:30,1200.05,1202.75,1199.95,1202.0,2402
2023-06-05 13:15:00+05:30,1202.0,1206.8,1199.85,1202.5,6035
2023-06-05 13:30:00+05:30,1202.5,1205.55,1202.25,1203.35,2054
2023-06-05 13:45:00+05:30,1203.35,1210.5,1202.85,1207.95,10174
2023-06-05 14:00:00+05:30,1207.95,1213.35,1207.6,1213.05,7777
2023-06-05 14:15:00+05:30,1213.05,1216.8,1209.0,1214.8,13097
2023-06-05 14:30:00+05:30,1214.8,1215.0,1213.0,1214.1,3871
2023-06-05 14:45:00+05:30,1214.1,1214.1,1207.85,1208.65,5871
2023-06-05 15:00:00+05:30,1210.0,1215.2,1208.05,1214.5,8845
2023-06-05 15:15:00+05:30,1214.8,1214.9,1210.0,1211.15,7679
2023-06-05 15:30:00+05:30,1211.65,1213.7,1210.0,1210.0,9600
2023-06-06 09:30:00+05:30,1218.0,1218.0,1198.75,1203.15,11393
2023-06-06 09:45:00+05:30,1203.15,1209.1,1203.1,1204.8,8962
2023-06-06 10:00:00+05:30,1204.8,1206.45,1200.0,1202.0,4837
2023-06-06 10:15:00+05:30,1201.95,1204.95,1200.0,1203.2,3718
2023-06-06 10:30:00+05:30,1203.2,1203.2,1193.8,1198.25,6009
2023-06-06 10:45:00+05:30,1198.25,1200.0,1196.45,1199.0,3305
2023-06-06 11:00:00+05:30,1199.0,1199.45,1194.3,1194.3,2158
2023-06-06 11:15:00+05:30,1196.45,1198.3,1194.3,1197.8,11187
2023-06-06 11:30:00+05:30,1197.8,1199.0,1196.8,1196.8,17329
2023-06-06 11:45:00+05:30,1196.8,1198.0,1196.5,1196.5,2046
2023-06-06 12:00:00+05:30,1196.55,1198.0,1196.0,1197.8,2774
2023-06-06 12:15:00+05:30,1198.0,1198.0,1197.4,1197.45,547
2023-06-06 12:30:00+05:30,1197.45,1197.8,1197.4,1197.4,1222
2023-06-06 12:45:00+05:30,1197.5,1198.0,1197.45,1198.0,1411
2023-06-06 13:00:00+05:30,1198.0,1202.85,1197.8,1200.0,2944
2023-06-06 13:15:00+05:30,1200.0,1201.0,1196.7,1197.3,2038
2023-06-06 13:30:00+05:30,1197.3,1198.55,1196.9,1198.0,2542
2023-06-06 13:45:00+05:30,1198.0,1199.35,1197.0,1197.7,655
2023-06-06 14:00:00+05:30,1197.1,1201.95,1197.05,1198.4,2332
2023-06-06 14:15:00+05:30,1198.4,1200.75,1197.05,1197.45,2047
2023-06-06 14:30:00+05:30,1197.45,1202.1,1197.0,1200.2,3914
2023-06-06 14:45:00+05:30,1199.05,1204.0,1198.6,1203.5,4453
2023-06-06 15:00:00+05:30,1203.5,1212.35,1203.45,1205.0,16961
2023-06-06 15:15:00+05:30,1205.0,1210.0,1203.35,1209.05,8470
2023-06-06 15:30:00+05:30,1209.3,1210.0,1198.0,1207.0,12063
2023-06-07 09:30:00+05:30,1210.0,1225.0,1205.6,1212.7,16993
2023-06-07 09:45:00+05:30,1211.2,1223.8,1211.2,1213.5,14838
2023-06-07 10:00:00+05:30,1213.5,1215.9,1209.9,1212.0,51435
2023-06-07 10:15:00+05:30,1212.6,1212.6,1201.1,1202.95,8782
2023-06-07 10:30:00+05:30,1202.95,1204.45,1198.2,1203.25,6197
2023-06-07 10:45:00+05:30,1203.25,1203.25,1197.15,1199.85,4811
2023-06-07 11:00:00+05:30,1200.05,1205.3,1199.05,1202.6,4347
2023-06-07 11:15:00+05:30,1203.6,1205.0,1202.05,1204.95,3060
2023-06-07 11:30:00+05:30,1204.85,1207.2,1203.35,1204.3,1371
2023-06-07 11:45:00+05:30,1204.3,1205.4,1203.0,1203.15,2751
2023-06-07 12:00:00+05:30,1203.15,1204.75,1197.75,1199.05,7727
2023-06-07 12:15:00+05:30,1199.65,1201.25,1198.1,1198.8,6994
2023-06-07 12:30:00+05:30,1198.8,1199.95,1197.9,1197.9,8332
2023-06-07 12:45:00+05:30,1198.0,1198.0,1194.1,1194.25,5818
2023-06-07 13:00:00+05:30,1194.2,1196.15,1194.2,1195.3,6822
2023-06-07 13:15:00+05:30,1195.3,1195.3,1192.05,1194.25,6629
2023-06-07 13:30:00+05:30,1194.25,1195.7,1194.0,1195.1,3547
2023-06-07 13:45:00+05:30,1195.1,1195.1,1192.5,1193.0,4514
2023-06-07 14:00:00+05:30,1193.0,1193.0,1189.05,1192.15,8326
2023-06-07 14:15:00+05:30,1192.05,1192.85,1190.75,1191.95,2337
2023-06-07 14:30:00+05:30,1191.95,1195.95,1191.1,1194.95,4860
2023-06-07 14:45:00+05:30,1194.95,1195.8,1194.25,1195.0,2439
2023-06-07 15:00:00+05:30,1195.0,1195.45,1192.2,1193.0,6139
2023-06-07 15:15:00+05:30,1192.95,1194.6,1190.0,1192.8,9274
2023-06-07 15:30:00+05:30,1192.75,1202.1,1191.0,1201.0,47705
2023-06-08 09:30:00+05:30,1194.95,1208.4,1194.95,1204.65,23298
2023-06-08 09:45:00+05:30,1203.75,1211.95,1202.35,1209.9,24852
2023-06-08 10:00:00+05:30,1210.2,1211.0,1209.05,1210.2,4772
2023-06-08 10:15:00+05:30,1210.2,1225.0,1209.2,1219.5,92491
2023-06-08 10:30:00+05:30,1220.1,1221.0,1213.9,1216.1,8584
2023-06-08 10:45:00+05:30,1216.0,1216.0,1208.15,1210.05,11315
2023-06-08 11:00:00+05:30,1210.05,1215.15,1210.05,1214.2,3488
2023-06-08 11:15:00+05:30,1215.4,1216.5,1212.7,1215.15,3605
2023-06-08 11:30:00+05:30,1215.15,1216.5,1213.15,1214.0,2088
2023-06-08 11:45:00+05:30,1214.0,1215.7,1213.3,1215.05,3762
2023-06-08 12:00:00+05:30,1215.05,1215.5,1212.55,1213.85,7821
2023-06-08 12:15:00+05:30,1213.95,1214.6,1212.95,1214.15,3013
2023-06-08 12:30:00+05:30,1214.15,1216.0,1214.1,1215.6,1626
2023-06-08 12:45:00+05:30,1215.6,1216.9,1214.0,1215.9,3529
2023-06-08 13:00:00+05:30,1215.9,1216.5,1214.0,1215.4,2535
2023-06-08 13:15:00+05:30,1215.4,1216.0,1214.6,1215.35,1061
2023-06-08 13:30:00+05:30,1215.35,1216.95,1214.8,1216.0,2712
2023-06-08 13:45:00+05:30,1214.55,1215.55,1214.0,1215.0,10640
2023-06-08 14:00:00+05:30,1215.0,1215.0,1212.25,1213.1,4622
2023-06-08 14:15:00+05:30,1213.3,1214.0,1209.05,1210.55,9577
2023-06-08 14:30:00+05:30,1210.55,1214.45,1209.2,1211.25,6882
2023-06-08 14:45:00+05:30,1211.25,1212.75,1208.1,1209.7,38355
2023-06-08 15:00:00+05:30,1209.7,1211.6,1209.05,1209.05,14704
2023-06-08 15:15:00+05:30,1209.05,1211.4,1204.05,1204.85,7045
2023-06-08 15:30:00+05:30,1205.2,1208.95,1202.8,1204.35,11515
2023-06-09 09:30:00+05:30,1215.0,1219.9,1202.5,1205.1,5589
2023-06-09 09:45:00+05:30,1205.1,1205.7,1202.5,1203.2,4210
2023-06-09 10:00:00+05:30,1203.2,1208.05,1202.5,1207.5,4177
2023-06-09 10:15:00+05:30,1208.0,1209.2,1205.0,1205.3,1405
2023-06-09 10:30:00+05:30,1205.0,1206.3,1201.0,1201.15,1053
2023-06-09 10:45:00+05:30,1201.15,1202.0,1192.25,1198.15,4742
2023-06-09 11:00:00+05:30,1198.15,1199.55,1197.1,1197.85,3639
2023-06-09 11:15:00+05:30,1197.5,1200.0,1197.3,1198.8,2379
2023-06-09 11:30:00+05:30,1199.3,1201.6,1198.05,1201.3,1559
2023-06-09 11:45:00+05:30,1201.3,1201.8,1196.75,1200.95,2408
2023-06-09 12:00:00+05:30,1200.95,1201.7,1196.7,1198.75,2159
2023-06-09 12:15:00+05:30,1198.75,1199.25,1196.7,1198.0,621
2023-06-09 12:30:00+05:30,1198.0,1198.65,1198.0,1198.65,562
2023-06-09 12:45:00+05:30,1198.65,1200.0,1196.7,1197.0,1093
2023-06-09 13:00:00+05:30,1196.95,1197.0,1194.25,1195.05,1087
2023-06-09 13:15:00+05:30,1195.05,1196.0,1194.55,1195.0,1085
2023-06-09 13:30:00+05:30,1195.0,1197.0,1195.0,1195.85,1207
2023-06-09 13:45:00+05:30,1196.6,1197.0,1195.6,1196.15,348
2023-06-09 14:00:00+05:30,1196.15,1197.0,1195.7,1197.0,880
2023-06-09 14:15:00+05:30,1197.5,1197.5,1195.35,1195.35,1488
2023-06-09 14:30:00+05:30,1195.35,1198.15,1195.0,1195.7,2019
2023-06-09 14:45:00+05:30,1195.7,1198.05,1195.2,1197.8,1772
2023-06-09 15:00:00+05:30,1197.8,1197.85,1194.0,1194.0,1367
2023-06-09 15:15:00+05:30,1194.9,1196.0,1194.0,1194.6,1577
2023-06-09 15:30:00+05:30,1194.5,1194.6,1187.4,1189.8,8884
2023-06-12 09:30:00+05:30,1185.0,1197.2,1176.1,1176.15,11942
2023-06-12 09:45:00+05:30,1177.6,1180.7,1176.25,1180.0,5302
2023-06-12 10:00:00+05:30,1180.0,1181.95,1179.05,1179.2,8142
2023-06-12 10:15:00+05:30,1179.0,1180.45,1175.05,1176.85,6131
2023-06-12 10:30:00+05:30,1176.85,1177.0,1171.7,1172.55,6281
2023-06-12 10:45:00+05:30,1172.4,1177.0,1172.4,1176.85,1231
2023-06-12 11:00:00+05:30,1176.9,1180.9,1175.7,1177.9,3076
2023-06-12 11:15:00+05:30,1178.8,1181.0,1177.9,1180.5,1278
2023-06-12 11:30:00+05:30,1180.5,1183.45,1172.5,1172.55,6043
2023-06-12 11:45:00+05:30,1172.55,1175.6,1170.25,1174.2,7115
2023-06-12 12:00:00+05:30,1174.2,1178.0,1172.75,1178.0,2698
2023-06-12 12:15:00+05:30,1178.0,1178.75,1176.2,1176.5,641
2023-06-12 12:30:00+05:30,1176.5,1178.6,1173.55,1177.3,1934
2023-06-12 12:45:00+05:30,1177.3,1182.75,1177.3,1181.05,14599
2023-06-12 13:00:00+05:30,1181.05,1183.0,1180.1,1180.3,2065
2023-06-12 13:15:00+05:30,1179.95,1182.45,1179.95,1181.0,6816
2023-06-12 13:30:00+05:30,1181.0,1182.0,1180.65,1181.35,693
2023-06-12 13:45:00+05:30,1181.35,1183.4,1181.35,1182.5,1130
2023-06-12 14:00:00+05:30,1182.1,1187.0,1182.05,1186.0,2841
2023-06-12 14:15:00+05:30,1186.05,1187.0,1184.45,1186.75,3263
2023-06-12 14:30:00+05:30,1186.75,1188.2,1186.0,1186.15,1564
2023-06-12 14:45:00+05:30,1186.15,1190.9,1186.0,1190.1,7436
2023-06-12 15:00:00+05:30,1190.05,1194.0,1187.0,1189.15,21740
2023-06-12 15:15:00+05:30,1189.15,1194.85,1188.3,1194.75,9902
2023-06-12 15:30:00+05:30,1194.75,1195.0,1189.6,1192.0,7820
2023-06-13 09:30:00+05:30,1198.8,1208.85,1194.1,1204.0,10270
2023-06-13 09:45:00+05:30,1204.0,1205.8,1199.3,1205.1,5519
2023-06-13 10:00:00+05:30,1206.0,1206.95,1201.25,1206.4,4753
2023-06-13 10:15:00+05:30,1205.5,1206.95,1202.55,1202.55,2806
2023-06-13 10:30:00+05:30,1202.6,1206.1,1202.0,1203.15,1330
2023-06-13 10:45:00+05:30,1203.15,1205.2,1202.0,1204.65,3588
2023-06-13 11:00:00+05:30,1204.25,1204.7,1199.05,1201.45,3147
2023-06-13 11:15:00+05:30,1201.45,1205.0,1199.65,1203.45,5220
2023-06-13 11:30:00+05:30,1203.4,1210.0,1202.5,1203.15,32501
2023-06-13 11:45:00+05:30,1203.4,1204.2,1202.8,1203.5,16512
2023-06-13 12:00:00+05:30,1203.5,1203.6,1203.5,1203.55,13792
2023-06-13 12:15:00+05:30,1203.5,1204.4,1203.05,1203.5,15339
2023-06-13 12:30:00+05:30,1203.5,1203.75,1203.5,1203.5,14246
2023-06-13 12:45:00+05:30,1203.5,1203.95,1203.5,1203.5,13836
2023-06-13 13:00:00+05:30,1203.5,1204.0,1203.5,1203.5,17608
2023-06-13 13:15:00+05:30,1203.5,1204.15,1203.0,1203.5,11695
2023-06-13 13:30:00+05:30,1203.5,1203.8,1202.0,1203.5,13859
2023-06-13 13:45:00+05:30,1203.5,1204.4,1203.15,1203.5,13384
2023-06-13 14:00:00+05:30,1203.5,1204.3,1203.15,1203.15,12370
2023-06-13 14:15:00+05:30,1203.5,1203.55,1202.4,1203.1,9210
2023-06-13 14:30:00+05:30,1203.15,1203.6,1202.5,1203.5,11523
2023-06-13 14:45:00+05:30,1203.5,1203.85,1202.8,1203.5,17057
2023-06-13 15:00:00+05:30,1203.5,1203.65,1203.5,1203.5,11715
2023-06-13 15:15:00+05:30,1203.5,1204.5,1203.5,1203.5,15219
2023-06-13 15:30:00+05:30,1203.5,1204.0,1203.5,1203.9,16435
2023-06-14 09:30:00+05:30,1213.4,1213.4,1197.05,1197.65,9360
2023-06-14 09:45:00+05:30,1198.5,1201.15,1195.0,1200.1,3174
2023-06-14 10:00:00+05:30,1200.15,1205.2,1199.35,1203.55,4862
2023-06-14 10:15:00+05:30,1203.55,1205.8,1203.0,1203.05,1511
2023-06-14 10:30:00+05:30,1203.9,1213.75,1203.0,1210.4,7444
2023-06-14 10:45:00+05:30,1210.4,1215.45,1205.9,1208.8,9052
2023-06-14 11:00:00+05:30,1208.8,1214.45,1207.9,1211.2,5958
2023-06-14 11:15:00+05:30,1211.3,1212.5,1210.0,1211.0,1093
2023-06-14 11:30:00+05:30,1211.0,1211.0,1208.0,1208.55,2644
2023-06-14 11:45:00+05:30,1207.15,1211.0,1207.15,1210.0,2560
2023-06-14 12:00:00+05:30,1210.0,1210.25,1206.15,1209.0,3818
2023-06-14 12:15:00+05:30,1209.0,1209.0,1192.25,1194.4,10935
2023-06-14 12:30:00+05:30,1194.4,1196.05,1184.8,1192.15,10689
2023-06-14 12:45:00+05:30,1192.15,1196.25,1190.9,1195.6,1962
2023-06-14 13:00:00+05:30,1195.6,1197.45,1194.15,1196.0,1291
2023-06-14 13:15:00+05:30,1196.0,1198.15,1194.15,1196.85,901
2023-06-14 13:30:00+05:30,1196.85,1198.0,1196.0,1196.0,1321
2023-06-14 13:45:00+05:30,1196.0,1197.7,1195.15,1196.5,2142
2023-06-14 14:00:00+05:30,1196.55,1197.95,1195.0,1195.3,1651
2023-06-14 14:15:00+05:30,1195.3,1197.0,1184.0,1186.0,6953
2023-06-14 14:30:00+05:30,1186.0,1188.9,1185.55,1186.2,2715
2023-06-14 14:45:00+05:30,1186.2,1193.2,1186.2,1188.65,4699
2023-06-14 15:00:00+05:30,1187.55,1190.0,1187.25,1188.05,2290
2023-06-14 15:15:00+05:30,1189.0,1189.0,1185.0,1187.7,10384
2023-06-14 15:30:00+05:30,1187.7,1189.9,1180.1,1183.0,15698
2023-06-15 09:30:00+05:30,1191.0,1193.8,1182.2,1186.1,8507
2023-06-15 09:45:00+05:30,1186.15,1190.0,1186.15,1189.25,2855
2023-06-15 10:00:00+05:30,1188.9,1194.1,1188.9,1192.9,11179
2023-06-15 10:15:00+05:30,1192.9,1195.55,1192.4,1193.35,2540
2023-06-15 10:30:00+05:30,1193.3,1193.9,1190.4,1190.7,1763
2023-06-15 10:45:00+05:30,1190.75,1191.55,1188.85,1189.45,882
2023-06-15 11:00:00+05:30,1189.45,1189.8,1188.15,1188.9,1232
2023-06-15 11:15:00+05:30,1188.9,1193.15,1188.1,1190.6,4945
2023-06-15 11:30:00+05:30,1191.2,1192.85,1190.05,1190.9,835
2023-06-15 11:45:00+05:30,1190.9,1190.95,1188.1,1189.3,997
2023-06-15 12:00:00+05:30,1189.3,1189.6,1186.8,1187.5,1285
2023-06-15 12:15:00+05:30,1187.5,1188.0,1186.0,1186.3,5756
2023-06-15 12:30:00+05:30,1186.3,1186.85,1185.95,1186.85,168
2023-06-15 12:45:00+05:30,1186.85,1186.85,1185.1,1185.5,2446
2023-06-15 13:00:00+05:30,1185.5,1191.0,1185.1,1190.05,16188
2023-06-15 13:15:00+05:30,1190.05,1193.9,1189.5,1191.35,2905
2023-06-15 13:30:00+05:30,1191.35,1193.0,1188.0,1189.35,2455
2023-06-15 13:45:00+05:30,1189.35,1192.65,1187.25,1191.0,1682
2023-06-15 14:00:00+05:30,1191.0,1191.85,1189.4,1191.4,1302
2023-06-15 14:15:00+05:30,1191.4,1191.4,1186.3,1187.3,1201
2023-06-15 14:30:00+05:30,1187.3,1187.5,1184.5,1185.4,2289
2023-06-15 14:45:00+05:30,1185.4,1188.65,1185.05,1188.65,1895
2023-06-15 15:00:00+05:30,1188.65,1190.5,1186.05,1186.2,3314
2023-06-15 15:15:00+05:30,1189.05,1191.3,1185.9,1188.7,4194
2023-06-15 15:30:00+05:30,1188.25,1189.75,1181.0,1183.2,4839
2023-06-16 09:30:00+05:30,1187.95,1198.0,1181.1,1188.55,5851
2023-06-16 09:45:00+05:30,1188.55,1190.0,1187.7,1190.0,1860
2023-06-16 10:00:00+05:30,1190.0,1191.3,1188.05,1189.0,3695
2023-06-16 10:15:00+05:30,1189.0,1190.95,1187.1,1188.5,2789
2023-06-16 10:30:00+05:30,1188.5,1189.0,1187.7,1189.0,7383
2023-06-16 10:45:00+05:30,1189.0,1189.4,1187.75,1188.5,1337
2023-06-16 11:00:00+05:30,1188.5,1189.15,1187.25,1188.5,2107
2023-06-16 11:15:00+05:30,1188.5,1189.25,1187.0,1187.8,625
2023-06-16 11:30:00+05:30,1187.8,1188.4,1186.9,1188.3,387
2023-06-16 11:45:00+05:30,1188.3,1188.5,1187.1,1188.5,440
2023-06-16 12:00:00+05:30,1188.5,1188.5,1188.0,1188.5,587
2023-06-16 12:15:00+05:30,1188.5,1188.5,1187.0,1187.0,580
2023-06-16 12:30:00+05:30,1187.4,1188.7,1186.0,1188.7,1447
2023-06-16 12:45:00+05:30,1188.7,1195.5,1187.8,1195.0,5134
2023-06-16 13:00:00+05:30,1195.0,1195.0,1192.0,1193.65,3262
2023-06-16 13:15:00+05:30,1193.1,1194.0,1192.0,1192.9,1636
2023-06-16 13:30:00+05:30,1192.6,1195.0,1192.0,1194.05,5258
2023-06-16 13:45:00+05:30,1194.0,1196.3,1194.0,1195.4,2155
2023-06-16 14:00:00+05:30,1195.4,1197.8,1194.45,1194.65,5745
2023-06-16 14:15:00+05:30,1195.5,1196.1,1194.0,1195.05,1029
2023-06-16 14:30:00+05:30,1195.85,1196.95,1194.3,1195.5,2048
2023-06-16 14:45:00+05:30,1195.5,1196.95,1195.0,1195.0,1894
2023-06-16 15:00:00+05:30,1195.0,1205.0,1194.4,1200.95,17994
2023-06-16 15:15:00+05:30,1201.2,1201.65,1198.35,1200.55,49071
2023-06-16 15:30:00+05:30,1200.55,1201.9,1190.0,1195.0,12505
2023-06-19 09:30:00+05:30,1194.0,1203.1,1189.05,1191.35,9146
2023-06-19 09:45:00+05:30,1192.7,1193.25,1189.2,1189.2,3741
2023-06-19 10:00:00+05:30,1189.0,1193.05,1189.0,1190.5,2075
2023-06-19 10:15:00+05:30,1190.5,1191.0,1188.95,1189.5,2270
2023-06-19 10:30:00+05:30,1189.5,1193.0,1188.7,1192.0,2356
2023-06-19 10:45:00+05:30,1192.0,1192.0,1189.0,1189.95,1623
2023-06-19 11:00:00+05:30,1189.95,1191.0,1188.35,1189.05,1687
2023-06-19 11:15:00+05:30,1189.05,1190.0,1187.75,1187.95,939
2023-06-19 11:30:00+05:30,1188.6,1190.0,1187.25,1187.5,2464
2023-06-19 11:45:00+05:30,1187.5,1192.0,1187.5,1189.7,2054
2023-06-19 12:00:00+05:30,1190.45,1193.45,1189.3,1193.25,1351
2023-06-19 12:15:00+05:30,1193.25,1193.25,1190.3,1191.65,1478
2023-06-19 12:30:00+05:30,1191.65,1192.25,1190.05,1190.8,948
2023-06-19 12:45:00+05:30,1190.8,1191.85,1189.55,1191.75,310
2023-06-19 13:00:00+05:30,1191.75,1191.95,1190.0,1190.05,1105
2023-06-19 13:15:00+05:30,1190.2,1194.4,1189.7,1193.0,4418
2023-06-19 13:30:00+05:30,1193.0,1193.45,1191.3,1191.8,1712
2023-06-19 13:45:00+05:30,1192.35,1193.0,1191.2,1191.9,3329
2023-06-19 14:00:00+05:30,1192.35,1193.0,1189.45,1191.5,5431
2023-06-19 14:15:00+05:30,1191.4,1192.5,1190.05,1192.35,5218
2023-06-19 14:30:00+05:30,1191.75,1192.35,1190.9,1192.1,1058
2023-06-19 14:45:00+05:30,1192.1,1194.1,1190.05,1191.35,3825
2023-06-19 15:00:00+05:30,1191.35,1196.45,1188.85,1195.75,8953
2023-06-19 15:15:00+05:30,1196.0,1196.6,1191.8,1192.4,2818
2023-06-19 15:30:00+05:30,1193.85,1203.0,1191.75,1201.0,19714
2023-06-20 09:30:00+05:30,1193.0,1208.8,1193.0,1199.6,8933
2023-06-20 09:45:00+05:30,1199.85,1214.0,1197.4,1213.3,12504
2023-06-20 10:00:00+05:30,1211.05,1240.0,1211.05,1217.05,132439
2023-06-20 10:15:00+05:30,1217.05,1223.0,1217.0,1221.55,25178
2023-06-20 10:30:00+05:30,1220.0,1221.2,1217.15,1218.85,10193
2023-06-20 10:45:00+05:30,1218.1,1222.0,1215.1,1219.55,11750
2023-06-20 11:00:00+05:30,1220.0,1221.5,1218.5,1220.4,5075
2023-06-20 11:15:00+05:30,1219.5,1221.4,1219.1,1220.6,5060
2023-06-20 11:30:00+05:30,1221.45,1230.0,1219.5,1225.95,19685
2023-06-20 11:45:00+05:30,1225.0,1226.3,1215.55,1215.6,15664
2023-06-20 12:00:00+05:30,1216.9,1220.0,1216.05,1218.0,5590
2023-06-20 12:15:00+05:30,1218.0,1218.5,1216.05,1216.05,5242
2023-06-20 12:30:00+05:30,1216.05,1217.25,1206.05,1209.1,14673
2023-06-20 12:45:00+05:30,1209.1,1210.0,1206.75,1206.75,3080
2023-06-20 13:00:00+05:30,1206.75,1212.0,1206.05,1208.3,8325
2023-06-20 13:15:00+05:30,1208.9,1213.7,1207.15,1210.0,4146
2023-06-20 13:30:00+05:30,1210.0,1211.85,1209.0,1210.0,3235
2023-06-20 13:45:00+05:30,1210.0,1212.9,1208.35,1208.55,3569
2023-06-20 14:00:00+05:30,1208.35,1215.0,1208.1,1212.95,13963
2023-06-20 14:15:00+05:30,1213.0,1215.0,1212.0,1214.3,2983
2023-06-20 14:30:00+05:30,1213.75,1214.6,1208.5,1211.35,4300
2023-06-20 14:45:00+05:30,1211.4,1213.55,1208.2,1209.65,27802
2023-06-20 15:00:00+05:30,1209.65,1211.8,1208.65,1210.3,3056
2023-06-20 15:15:00+05:30,1210.3,1213.8,1210.0,1212.35,8377
2023-06-20 15:30:00+05:30,1211.45,1215.0,1208.0,1208.4,20441
2023-06-20 15:45:00+05:30,1208.9,1208.9,1208.9,1208.9,103
2023-06-21 09:30:00+05:30,1210.95,1216.0,1187.55,1193.25,35670
2023-06-21 09:45:00+05:30,1193.25,1199.7,1192.5,1197.05,13379
2023-06-21 10:00:00+05:30,1197.0,1201.95,1196.5,1199.95,10463
2023-06-21 10:15:00+05:30,1199.0,1203.85,1199.0,1200.05,6592
2023-06-21 10:30:00+05:30,1200.05,1210.6,1200.0,1210.3,13201
2023-06-21 10:45:00+05:30,1210.6,1224.5,1208.0,1221.0,30905
2023-06-21 11:00:00+05:30,1221.0,1222.0,1212.0,1212.1,6554
2023-06-21 11:15:00+05:30,1212.8,1217.0,1212.0,1215.15,4687
2023-06-21 11:30:00+05:30,1215.25,1216.2,1208.15,1208.75,3414
2023-06-21 11:45:00+05:30,1208.75,1208.75,1204.0,1205.55,3354
2023-06-21 12:00:00+05:30,1205.55,1205.55,1204.55,1205.3,1582
2023-06-21 12:15:00+05:30,1205.3,1205.9,1205.0,1205.9,1844
2023-06-21 12:30:00+05:30,1205.2,1205.9,1200.05,1200.05,2834
2023-06-21 12:45:00+05:30,1200.5,1213.5,1200.05,1211.7,7034
2023-06-21 13:00:00+05:30,1211.8,1215.0,1210.0,1213.5,3911
2023-06-21 13:15:00+05:30,1213.7,1238.55,1213.7,1230.05,45163
2023-06-21 13:30:00+05:30,1230.6,1234.9,1227.0,1229.5,21089
2023-06-21 13:45:00+05:30,1230.0,1232.0,1225.05,1226.65,9756
2023-06-21 14:00:00+05:30,1226.65,1234.6,1226.1,1233.55,118861
2023-06-21 14:15:00+05:30,1234.4,1236.55,1228.05,1233.3,129258
2023-06-21 14:30:00+05:30,1233.3,1235.8,1227.0,1227.8,9719
2023-06-21 14:45:00+05:30,1227.9,1227.9,1223.65,1225.0,8868
2023-06-21 15:00:00+05:30,1225.0,1229.0,1225.0,1227.15,5658
2023-06-21 15:15:00+05:30,1227.15,1230.0,1226.15,1229.9,13595
2023-06-21 15:30:00+05:30,1229.7,1230.0,1220.55,1220.55,22919
2023-06-22 09:30:00+05:30,1235.0,1235.05,1226.6,1230.05,19904
2023-06-22 09:45:00+05:30,1230.05,1231.1,1220.0,1220.2,6736
2023-06-22 10:00:00+05:30,1220.0,1229.8,1220.0,1228.85,9971
2023-06-22 10:15:00+05:30,1228.85,1230.65,1227.85,1228.0,3788
2023-06-22 10:30:00+05:30,1228.0,1229.6,1227.15,1227.85,1282
2023-06-22 10:45:00+05:30,1227.85,1228.0,1225.6,1226.2,3358
2023-06-22 11:00:00+05:30,1226.2,1227.2,1225.0,1225.75,2523
2023-06-22 11:15:00+05:30,1225.75,1230.0,1225.0,1229.2,5393
2023-06-22 11:30:00+05:30,1229.7,1230.85,1228.15,1230.0,6566
2023-06-22 11:45:00+05:30,1230.0,1236.0,1229.0,1229.8,14247
2023-06-22 12:00:00+05:30,1229.8,1229.8,1225.0,1227.05,5802
2023-06-22 12:15:00+05:30,1227.05,1229.1,1225.7,1225.7,36838
2023-06-22 12:30:00+05:30,1225.7,1227.95,1225.0,1227.8,5107
2023-06-22 12:45:00+05:30,1227.8,1230.0,1225.05,1228.9,7413
2023-06-22 13:00:00+05:30,1228.9,1228.95,1225.25,1225.9,1873
2023-06-22 13:15:00+05:30,1225.4,1228.0,1225.0,1227.05,5401
2023-06-22 13:30:00+05:30,1226.85,1228.6,1224.45,1225.65,5133
2023-06-22 13:45:00+05:30,1225.2,1225.6,1221.55,1223.85,3568
2023-06-22 14:00:00+05:30,1223.85,1225.35,1222.7,1223.05,4747
2023-06-22 14:15:00+05:30,1223.05,1224.0,1222.1,1223.45,867
2023-06-22 14:30:00+05:30,1223.45,1229.7,1223.45,1228.45,2816
2023-06-22 14:45:00+05:30,1228.6,1230.4,1226.0,1226.5,11558
2023-06-22 15:00:00+05:30,1226.5,1230.0,1222.05,1223.95,5154
2023-06-22 15:15:00+05:30,1223.0,1224.35,1217.35,1223.55,5578
2023-06-22 15:30:00+05:30,1223.95,1224.45,1210.0,1214.0,12049
2023-06-23 09:30:00+05:30,1220.0,1226.0,1202.3,1202.35,6486
2023-06-23 09:45:00+05:30,1203.1,1204.85,1195.0,1196.25,7780
2023-06-23 10:00:00+05:30,1195.2,1205.0,1194.25,1201.35,10613
2023-06-23 10:15:00+05:30,1201.25,1203.45,1197.0,1197.8,4143
2023-06-23 10:30:00+05:30,1197.8,1206.05,1197.8,1202.65,2247
2023-06-23 10:45:00+05:30,1202.65,1203.1,1193.1,1194.8,3639
2023-06-23 11:00:00+05:30,1194.8,1197.0,1194.1,1194.1,74537
2023-06-23 11:15:00+05:30,1194.1,1196.45,1193.8,1195.0,4252
2023-06-23 11:30:00+05:30,1195.0,1196.8,1194.5,1195.0,4092
2023-06-23 11:45:00+05:30,1195.0,1196.05,1195.0,1195.05,2010
2023-06-23 12:00:00+05:30,1195.05,1201.4,1195.0,1199.75,2543
2023-06-23 12:15:00+05:30,1198.9,1201.9,1198.75,1200.0,4323
2023-06-23 12:30:00+05:30,1200.0,1201.15,1199.9,1200.0,2959
2023-06-23 12:45:00+05:30,1200.45,1201.05,1199.95,1200.0,2265
2023-06-23 13:00:00+05:30,1200.0,1201.95,1199.9,1200.0,2478
2023-06-23 13:15:00+05:30,1200.0,1201.6,1199.95,1199.95,2635
2023-06-23 13:30:00+05:30,1199.95,1200.4,1199.9,1200.0,2218
2023-06-23 13:45:00+05:30,1200.0,1200.85,1198.9,1199.4,4923
2023-06-23 14:00:00+05:30,1199.85,1201.95,1197.3,1197.3,3336
2023-06-23 14:15:00+05:30,1198.2,1199.1,1195.5,1196.05,3913
2023-06-23 14:30:00+05:30,1197.6,1198.7,1195.2,1197.55,4324
2023-06-23 14:45:00+05:30,1197.55,1203.3,1196.0,1202.0,7298
2023-06-23 15:00:00+05:30,1203.75,1203.75,1196.0,1200.55,10564
2023-06-23 15:15:00+05:30,1200.55,1200.55,1195.0,1196.5,5884
2023-06-23 15:30:00+05:30,1196.05,1196.7,1195.0,1195.0,7925
2023-06-26 09:30:00+05:30,1191.0,1195.3,1185.8,1192.2,3283
2023-06-26 09:45:00+05:30,1192.2,1202.15,1189.3,1197.05,7198
2023-06-26 10:00:00+05:30,1197.05,1197.45,1186.05,1186.05,11128
2023-06-26 10:15:00+05:30,1186.05,1188.65,1178.1,1182.0,11988
2023-06-26 10:30:00+05:30,1182.0,1191.1,1180.95,1188.5,3114
2023-06-26 10:45:00+05:30,1188.5,1190.65,1187.6,1189.0,1514
2023-06-26 11:00:00+05:30,1189.0,1189.0,1186.0,1187.55,1324
2023-06-26 11:15:00+05:30,1187.55,1189.85,1186.5,1189.25,1902
2023-06-26 11:30:00+05:30,1189.25,1192.65,1187.55,1192.1,742
2023-06-26 11:45:00+05:30,1192.1,1192.75,1189.5,1189.85,1387
2023-06-26 12:00:00+05:30,1189.85,1197.4,1189.85,1196.9,3837
2023-06-26 12:15:00+05:30,1196.9,1197.0,1194.0,1196.4,1060
2023-06-26 12:30:00+05:30,1196.4,1207.75,1196.0,1205.6,7405
2023-06-26 12:45:00+05:30,1206.2,1206.5,1203.0,1204.0,2063
2023-06-26 13:00:00+05:30,1204.0,1204.0,1200.7,1201.9,899
2023-06-26 13:15:00+05:30,1201.9,1202.0,1200.6,1201.65,578
2023-06-26 13:30:00+05:30,1201.65,1202.0,1200.7,1202.0,698
2023-06-26 13:45:00+05:30,1202.0,1204.8,1201.35,1204.3,1265
2023-06-26 14:00:00+05:30,1204.9,1206.0,1202.7,1203.25,1401
2023-06-26 14:15:00+05:30,1203.25,1208.9,1202.7,1208.75,5449
2023-06-26 14:30:00+05:30,1208.75,1208.75,1206.25,1207.9,3268
2023-06-26 14:45:00+05:30,1207.9,1209.95,1205.6,1207.35,6389
2023-06-26 15:00:00+05:30,1207.85,1208.85,1206.95,1207.0,2502
2023-06-26 15:15:00+05:30,1207.8,1210.0,1206.2,1210.0,7398
2023-06-26 15:30:00+05:30,1210.0,1211.0,1198.2,1201.5,11821
2023-06-27 09:30:00+05:30,1202.85,1208.95,1199.55,1208.35,5799
2023-06-27 09:45:00+05:30,1208.35,1212.0,1206.0,1210.7,3464
2023-06-27 10:00:00+05:30,1210.8,1212.0,1207.3,1211.2,2826
2023-06-27 10:15:00+05:30,1211.2,1219.35,1210.05,1216.5,4144
2023-06-27 10:30:00+05:30,1216.5,1216.5,1212.0,1213.45,2056
2023-06-27 10:45:00+05:30,1213.45,1225.0,1213.45,1223.0,8516
2023-06-27 11:00:00+05:30,1223.0,1225.85,1218.05,1220.45,6938
2023-06-27 11:15:00+05:30,1220.45,1221.95,1220.0,1221.0,795
2023-06-27 11:30:00+05:30,1221.0,1224.0,1220.0,1221.95,51786
2023-06-27 11:45:00+05:30,1221.95,1222.95,1220.2,1222.9,91800
2023-06-27 12:00:00+05:30,1222.9,1223.6,1220.35,1220.7,1477
2023-06-27 12:15:00+05:30,1221.5,1222.8,1216.5,1219.2,2535
2023-06-27 12:30:00+05:30,1219.2,1221.8,1212.0,1215.8,5259
2023-06-27 12:45:00+05:30,1214.6,1215.8,1212.0,1215.7,1746
2023-06-27 13:00:00+05:30,1216.1,1217.0,1213.85,1214.95,558
2023-06-27 13:15:00+05:30,1214.95,1216.9,1213.1,1215.35,1100
2023-06-27 13:30:00+05:30,1214.55,1216.0,1213.9,1215.15,291
2023-06-27 13:45:00+05:30,1215.15,1215.15,1212.0,1213.15,2118
2023-06-27 14:00:00+05:30,1213.9,1230.35,1213.25,1226.0,18687
2023-06-27 14:15:00+05:30,1224.9,1230.0,1223.8,1229.7,7803
2023-06-27 14:30:00+05:30,1229.7,1230.05,1225.0,1226.95,41744
2023-06-27 14:45:00+05:30,1227.0,1227.95,1225.0,1226.1,4679
2023-06-27 15:00:00+05:30,1226.1,1230.0,1225.8,1229.7,9794
2023-06-27 15:15:00+05:30,1229.7,1231.45,1226.7,1226.95,9975
2023-06-27 15:30:00+05:30,1226.95,1229.85,1215.1,1218.4,14325
2023-06-28 09:30:00+05:30,1235.1,1235.15,1217.45,1229.75,20092
2023-06-28 09:45:00+05:30,1229.25,1230.8,1221.5,1222.9,4187
2023-06-28 10:00:00+05:30,1221.95,1223.0,1215.5,1218.55,3553
2023-06-28 10:15:00+05:30,1218.55,1219.95,1213.0,1216.35,3819
2023-06-28 10:30:00+05:30,1216.35,1216.45,1213.55,1214.3,2995
2023-06-28 10:45:00+05:30,1214.3,1217.9,1213.0,1217.1,3228
2023-06-28 11:00:00+05:30,1217.8,1219.5,1217.0,1217.0,1588
2023-06-28 11:15:00+05:30,1217.0,1220.0,1217.0,1220.0,882
2023-06-28 11:30:00+05:30,1220.0,1220.0,1217.0,1218.25,927
2023-06-28 11:45:00+05:30,1218.25,1219.0,1215.0,1216.0,1288
2023-06-28 12:00:00+05:30,1216.0,1217.75,1215.0,1217.5,693
2023-06-28 12:15:00+05:30,1217.5,1217.5,1216.05,1216.5,259
2023-06-28 12:30:00+05:30,1216.5,1222.85,1216.0,1221.7,1174
2023-06-28 12:45:00+05:30,1221.7,1222.35,1217.0,1218.95,1034
2023-06-28 13:00:00+05:30,1218.95,1219.5,1217.4,1218.8,532
2023-06-28 13:15:00+05:30,1218.8,1219.0,1216.5,1218.1,1039
2023-06-28 13:30:00+05:30,1218.6,1219.0,1216.65,1217.95,1173
2023-06-28 13:45:00+05:30,1217.95,1220.0,1215.0,1216.75,4195
2023-06-28 14:00:00+05:30,1216.75,1217.35,1215.1,1216.15,1041
2023-06-28 14:15:00+05:30,1216.15,1216.15,1215.1,1215.65,381
2023-06-28 14:30:00+05:30,1215.65,1221.0,1215.1,1216.7,2491
2023-06-28 14:45:00+05:30,1216.7,1217.7,1215.0,1216.6,2719
2023-06-28 15:00:00+05:30,1216.6,1217.6,1215.1,1215.15,912
2023-06-28 15:15:00+05:30,1215.15,1215.5,1213.0,1213.85,3619
2023-06-28 15:30:00+05:30,1213.85,1216.55,1205.5,1216.0,11421
2023-06-30 09:30:00+05:30,1213.0,1228.8,1213.0,1227.05,15744
2023-06-30 09:45:00+05:30,1227.9,1230.2,1226.65,1227.8,21322
2023-06-30 10:00:00+05:30,1226.8,1228.65,1221.2,1225.0,4365
2023-06-30 10:15:00+05:30,1225.0,1225.2,1220.7,1222.4,2557
2023-06-30 10:30:00+05:30,1222.4,1225.0,1220.0,1224.3,2953
2023-06-30 10:45:00+05:30,1224.3,1227.95,1222.65,1224.95,12188
2023-06-30 11:00:00+05:30,1224.95,1225.0,1223.75,1224.5,1220
2023-06-30 11:15:00+05:30,1224.5,1226.0,1223.6,1225.0,2008
2023-06-30 11:30:00+05:30,1225.0,1225.0,1221.0,1221.35,1209
2023-06-30 11:45:00+05:30,1221.9,1223.95,1216.25,1223.95,11823
2023-06-30 12:00:00+05:30,1223.95,1223.95,1222.0,1223.9,323
2023-06-30 12:15:00+05:30,1223.9,1223.9,1222.6,1223.75,1545
2023-06-30 12:30:00+05:30,1223.75,1223.75,1222.35,1223.6,318
2023-06-30 12:45:00+05:30,1223.25,1223.95,1222.2,1223.4,1812
2023-06-30 13:00:00+05:30,1223.85,1224.9,1222.6,1224.9,2900
2023-06-30 13:15:00+05:30,1224.9,1224.9,1222.8,1223.25,1449
2023-06-30 13:30:00+05:30,1223.25,1223.25,1218.25,1220.75,1485
2023-06-30 13:45:00+05:30,1220.9,1222.25,1206.65,1209.2,3463
2023-06-30 14:00:00+05:30,1209.2,1211.75,1207.6,1209.4,2597
2023-06-30 14:15:00+05:30,1209.4,1210.25,1207.0,1208.05,2602
2023-06-30 14:30:00+05:30,1208.05,1209.35,1205.1,1209.25,4009
2023-06-30 14:45:00+05:30,1209.45,1211.3,1207.0,1208.15,1725
2023-06-30 15:00:00+05:30,1207.35,1208.1,1202.65,1204.5,3753
2023-06-30 15:15:00+05:30,1204.5,1206.85,1200.0,1200.0,10617
2023-06-30 15:30:00+05:30,1200.0,1222.0,1196.0,1220.05,32092
2023-07-03 09:30:00+05:30,1215.0,1216.0,1210.6,1214.1,4364
2023-07-03 09:45:00+05:30,1215.5,1222.95,1214.05,1221.1,4290
2023-07-03 10:00:00+05:30,1222.35,1225.65,1219.7,1224.9,4060
2023-07-03 10:15:00+05:30,1225.0,1225.0,1220.1,1223.6,5090
2023-07-03 10:30:00+05:30,1223.6,1225.5,1222.0,1225.0,3377
2023-07-03 10:45:00+05:30,1225.0,1225.0,1222.0,1223.55,2300
2023-07-03 11:00:00+05:30,1222.95,1229.95,1222.95,1226.7,9188
2023-07-03 11:15:00+05:30,1227.5,1227.5,1221.05,1223.0,1517
2023-07-03 11:30:00+05:30,1223.0,1224.45,1218.1,1220.0,2506
2023-07-03 11:45:00+05:30,1220.15,1222.0,1220.0,1221.35,1426
2023-07-03 12:00:00+05:30,1221.35,1222.0,1219.0,1219.05,1622
2023-07-03 12:15:00+05:30,1219.8,1220.0,1217.8,1219.4,1688
2023-07-03 12:30:00+05:30,1219.4,1223.65,1218.25,1221.95,1163
2023-07-03 12:45:00+05:30,1221.95,1225.8,1220.95,1223.7,3194
2023-07-03 13:00:00+05:30,1224.45,1228.4,1223.3,1227.5,3175
2023-07-03 13:15:00+05:30,1228.0,1230.0,1224.9,1226.8,4875
2023-07-03 13:30:00+05:30,1226.8,1228.0,1222.25,1222.25,2904
2023-07-03 13:45:00+05:30,1223.45,1223.45,1220.1,1221.45,2252
2023-07-03 14:00:00+05:30,1221.45,1227.0,1220.1,1226.0,3854
2023-07-03 14:15:00+05:30,1226.0,1232.0,1225.85,1227.0,16833
2023-07-03 14:30:00+05:30,1227.0,1268.5,1227.0,1263.8,125854
2023-07-03 14:45:00+05:30,1265.0,1288.9,1260.0,1281.1,211160
2023-07-03 15:00:00+05:30,1281.1,1285.0,1270.0,1281.0,81960
2023-07-03 15:15:00+05:30,1281.0,1284.75,1276.15,1281.0,60876
2023-07-03 15:30:00+05:30,1281.0,1283.85,1270.0,1278.5,51460
2023-07-04 09:30:00+05:30,1288.05,1293.3,1270.0,1270.0,55064
2023-07-04 09:45:00+05:30,1269.55,1273.0,1262.0,1262.0,17377
2023-07-04 10:00:00+05:30,1261.05,1272.7,1261.0,1266.95,13863
2023-07-04 10:15:00+05:30,1266.6,1267.65,1265.0,1266.35,4849
2023-07-04 10:30:00+05:30,1266.35,1269.6,1266.15,1269.6,3542
2023-07-04 10:45:00+05:30,1269.6,1277.4,1266.0,1277.4,18717
2023-07-04 11:00:00+05:30,1277.9,1314.4,1277.45,1312.0,156476
2023-07-04 11:15:00+05:30,1312.9,1323.8,1311.0,1322.5,85394
2023-07-04 11:30:00+05:30,1322.5,1340.65,1321.25,1337.5,114599
2023-07-04 11:45:00+05:30,1337.55,1368.0,1328.1,1367.0,266334
2023-07-04 12:00:00+05:30,1367.0,1367.0,1357.0,1360.75,186371
2023-07-04 12:15:00+05:30,1362.0,1395.0,1358.55,1378.45,241413
2023-07-04 12:30:00+05:30,1379.0,1385.0,1363.3,1367.3,161096
2023-07-04 12:45:00+05:30,1367.55,1376.7,1367.25,1372.75,68485
2023-07-04 13:00:00+05:30,1372.25,1373.3,1363.55,1364.6,63507
2023-07-04 13:15:00+05:30,1365.0,1370.0,1363.0,1368.1,42988
2023-07-04 13:30:00+05:30,1368.1,1370.0,1363.0,1365.0,45272
2023-07-04 13:45:00+05:30,1365.0,1365.0,1352.0,1354.95,75285
2023-07-04 14:00:00+05:30,1355.0,1355.6,1348.0,1349.05,71159
2023-07-04 14:15:00+05:30,1349.0,1350.95,1340.25,1341.35,49175
2023-07-04 14:30:00+05:30,1340.55,1358.8,1335.0,1350.0,76850
2023-07-04 14:45:00+05:30,1350.15,1350.9,1340.0,1340.0,43067
2023-07-04 15:00:00+05:30,1340.0,1345.55,1336.05,1339.0,53851
2023-07-04 15:15:00+05:30,1339.0,1344.4,1328.85,1330.25,48983
2023-07-04 15:30:00+05:30,1330.95,1333.55,1318.0,1320.0,87493
2023-07-05 09:30:00+05:30,1322.75,1346.3,1312.35,1341.5,69309
2023-07-05 09:45:00+05:30,1341.55,1365.0,1341.55,1363.7,74655
2023-07-05 10:00:00+05:30,1363.7,1378.0,1356.1,1367.8,79733
2023-07-05 10:15:00+05:30,1368.0,1368.3,1353.3,1358.2,44793
2023-07-05 10:30:00+05:30,1358.0,1360.75,1354.35,1360.45,14940
2023-07-05 10:45:00+05:30,1360.0,1362.4,1355.0,1358.1,24571
2023-07-05 11:00:00+05:30,1358.9,1361.05,1355.05,1357.4,16687
2023-07-05 11:15:00+05:30,1357.15,1360.45,1356.45,1360.2,6457
2023-07-05 11:30:00+05:30,1360.05,1360.05,1353.0,1355.35,16173
2023-07-05 11:45:00+05:30,1354.2,1359.1,1354.2,1358.05,5753
2023-07-05 12:00:00+05:30,1358.4,1360.45,1357.5,1359.9,8163
2023-07-05 12:15:00+05:30,1359.5,1361.05,1359.0,1359.35,6708
2023-07-05 12:30:00+05:30,1359.8,1360.8,1357.0,1358.8,11145
2023-07-05 12:45:00+05:30,1358.85,1360.75,1357.9,1359.2,5667
2023-07-05 13:00:00+05:30,1359.2,1364.0,1355.65,1364.0,40931
2023-07-05 13:15:00+05:30,1364.45,1367.65,1361.0,1361.8,9166
2023-07-05 13:30:00+05:30,1362.05,1362.9,1356.1,1359.15,6582
2023-07-05 13:45:00+05:30,1359.15,1359.65,1356.0,1359.6,7706
2023-07-05 14:00:00+05:30,1359.15,1361.9,1358.25,1360.0,5205
2023-07-05 14:15:00+05:30,1360.0,1362.45,1356.9,1360.25,8566
2023-07-05 14:30:00+05:30,1360.25,1362.0,1358.45,1360.4,7525
2023-07-05 14:45:00+05:30,1361.0,1362.65,1359.05,1360.7,6484
2023-07-05 15:00:00+05:30,1360.95,1362.8,1359.4,1360.25,11780
2023-07-05 15:15:00+05:30,1360.8,1360.8,1351.15,1359.95,41723
2023-07-05 15:30:00+05:30,1359.95,1362.45,1354.95,1362.45,39642
2023-07-06 09:30:00+05:30,1362.0,1448.85,1356.3,1442.65,162041
2023-07-06 09:45:00+05:30,1442.0,1445.9,1394.05,1402.55,276470
2023-07-06 10:00:00+05:30,1402.55,1414.0,1395.0,1399.95,76445
2023-07-06 10:15:00+05:30,1399.95,1400.6,1396.5,1397.05,24320
2023-07-06 10:30:00+05:30,1397.0,1400.0,1393.45,1399.9,32050
2023-07-06 10:45:00+05:30,1399.9,1403.3,1397.0,1403.0,24875
2023-07-06 11:00:00+05:30,1401.85,1406.0,1401.55,1403.0,23632
2023-07-06 11:15:00+05:30,1403.0,1403.8,1397.5,1399.2,51672
2023-07-06 11:30:00+05:30,1399.2,1400.0,1392.8,1399.0,13086
2023-07-06 11:45:00+05:30,1399.0,1400.35,1397.0,1398.95,8115
2023-07-06 12:00:00+05:30,1398.5,1399.9,1391.65,1395.45,13181
2023-07-06 12:15:00+05:30,1396.7,1396.95,1386.0,1388.6,28410
2023-07-06 12:30:00+05:30,1388.2,1392.0,1388.2,1392.0,8148
2023-07-06 12:45:00+05:30,1392.0,1392.5,1390.0,1391.5,21125
2023-07-06 13:00:00+05:30,1391.5,1392.5,1389.0,1390.2,12190
2023-07-06 13:15:00+05:30,1391.05,1391.95,1387.5,1389.95,15350
2023-07-06 13:30:00+05:30,1388.55,1390.0,1381.9,1386.4,9852
2023-07-06 13:45:00+05:30,1386.4,1389.6,1385.0,1389.0,4354
2023-07-06 14:00:00+05:30,1389.0,1398.2,1389.0,1394.0,21552
2023-07-06 14:15:00+05:30,1393.2,1393.2,1388.05,1390.3,3683
2023-07-06 14:30:00+05:30,1390.3,1397.6,1390.3,1393.0,16217
2023-07-06 14:45:00+05:30,1393.0,1397.9,1388.3,1388.3,19164
2023-07-06 15:00:00+05:30,1388.8,1390.0,1387.6,1388.85,13175
2023-07-06 15:15:00+05:30,1388.8,1390.0,1387.3,1389.25,20648
2023-07-06 15:30:00+05:30,1389.25,1389.3,1369.75,1373.95,57174
2023-07-07 09:30:00+05:30,1373.8,1376.65,1360.0,1364.0,28990
2023-07-07 09:45:00+05:30,1364.0,1364.75,1355.0,1357.1,15675
2023-07-07 10:00:00+05:30,1357.1,1362.0,1356.0,1357.05,8249
2023-07-07 10:15:00+05:30,1358.2,1358.25,1355.1,1355.65,5519
2023-07-07 10:30:00+05:30,1355.55,1360.0,1354.5,1358.85,6632
2023-07-07 10:45:00+05:30,1358.0,1359.15,1345.1,1347.0,10775
2023-07-07 11:00:00+05:30,1346.1,1350.7,1342.1,1349.5,5568
2023-07-07 11:15:00+05:30,1349.5,1357.15,1346.9,1356.65,105962
2023-07-07 11:30:00+05:30,1356.65,1359.9,1350.0,1351.3,6097
2023-07-07 11:45:00+05:30,1351.7,1355.0,1350.6,1353.0,2355
2023-07-07 12:00:00+05:30,1353.0,1353.65,1351.8,1353.0,528
2023-07-07 12:15:00+05:30,1353.45,1354.2,1349.7,1353.05,4705
2023-07-07 12:30:00+05:30,1352.0,1353.95,1351.65,1353.75,1810
2023-07-07 12:45:00+05:30,1353.9,1355.6,1351.7,1355.6,3593
2023-07-07 13:00:00+05:30,1355.6,1359.8,1350.9,1352.3,5748
2023-07-07 13:15:00+05:30,1352.3,1353.2,1342.35,1348.65,17425
2023-07-07 13:30:00+05:30,1348.65,1350.0,1347.1,1349.95,3489
2023-07-07 13:45:00+05:30,1349.95,1350.0,1347.0,1349.6,11895
2023-07-07 14:00:00+05:30,1349.6,1350.3,1348.0,1349.95,6002
2023-07-07 14:15:00+05:30,1350.0,1354.1,1348.8,1354.1,4780
2023-07-07 14:30:00+05:30,1353.6,1354.9,1350.4,1354.8,2718
2023-07-07 14:45:00+05:30,1354.8,1359.75,1352.05,1352.7,10075
2023-07-07 15:00:00+05:30,1351.05,1360.0,1350.1,1359.45,10751
2023-07-07 15:15:00+05:30,1358.55,1359.9,1354.05,1357.0,10359
2023-07-07 15:30:00+05:30,1357.0,1357.0,1350.0,1355.85,19313
2023-07-10 09:30:00+05:30,1335.05,1352.85,1335.05,1348.0,29116
2023-07-10 09:45:00+05:30,1348.4,1360.0,1346.9,1350.0,11358
2023-07-10 10:00:00+05:30,1348.55,1351.7,1345.0,1345.0,4647
2023-07-10 10:15:00+05:30,1346.45,1346.75,1340.0,1340.0,3743
2023-07-10 10:30:00+05:30,1340.0,1343.0,1336.6,1342.05,2547
2023-07-10 10:45:00+05:30,1342.05,1348.9,1342.05,1347.5,2569
2023-07-10 11:00:00+05:30,1347.5,1348.85,1345.0,1348.5,3001
2023-07-10 11:15:00+05:30,1349.35,1358.5,1348.45,1349.5,6161
2023-07-10 11:30:00+05:30,1349.9,1350.0,1346.05,1347.7,3057
2023-07-10 11:45:00+05:30,1347.7,1352.35,1345.05,1352.35,1450
2023-07-10 12:00:00+05:30,1352.35,1352.35,1350.0,1351.3,1117
2023-07-10 12:15:00+05:30,1351.3,1351.3,1345.25,1348.3,2060
2023-07-10 12:30:00+05:30,1348.3,1354.0,1348.05,1352.75,1764
2023-07-10 12:45:00+05:30,1353.95,1353.95,1350.55,1351.95,1473
2023-07-10 13:00:00+05:30,1351.95,1353.95,1351.0,1352.5,1889
2023-07-10 13:15:00+05:30,1352.5,1357.0,1352.35,1356.05,2323
2023-07-10 13:30:00+05:30,1356.75,1360.0,1354.5,1359.1,14372
2023-07-10 13:45:00+05:30,1359.45,1360.0,1357.5,1359.6,2009
2023-07-10 14:00:00+05:30,1358.55,1360.0,1356.05,1359.0,2454
2023-07-10 14:15:00+05:30,1359.05,1359.95,1357.05,1358.9,1884
2023-07-10 14:30:00+05:30,1358.9,1359.0,1357.25,1358.7,1824
2023-07-10 14:45:00+05:30,1358.7,1359.0,1347.1,1349.95,7692
2023-07-10 15:00:00+05:30,1349.95,1349.95,1341.65,1343.45,2948
2023-07-10 15:15:00+05:30,1342.75,1343.55,1340.0,1341.0,5969
2023-07-10 15:30:00+05:30,1341.05,1359.0,1341.0,1351.05,7936
2023-07-11 09:30:00+05:30,1355.0,1366.65,1346.1,1352.05,8569
2023-07-11 09:45:00+05:30,1352.05,1355.0,1351.0,1351.8,3936
2023-07-11 10:00:00+05:30,1352.1,1352.1,1336.2,1337.05,9532
2023-07-11 10:15:00+05:30,1337.0,1338.7,1322.0,1333.8,120333
2023-07-11 10:30:00+05:30,1334.65,1349.85,1334.65,1343.85,15713
2023-07-11 10:45:00+05:30,1343.85,1345.3,1336.1,1341.2,8149
2023-07-11 11:00:00+05:30,1342.55,1346.0,1340.65,1341.0,2735
2023-07-11 11:15:00+05:30,1341.0,1344.85,1340.15,1341.0,3412
2023-07-11 11:30:00+05:30,1341.0,1343.75,1332.0,1333.0,15344
2023-07-11 11:45:00+05:30,1333.0,1335.45,1328.45,1334.45,104899
2023-07-11 12:00:00+05:30,1334.45,1336.9,1326.85,1329.8,12986
2023-07-11 12:15:00+05:30,1329.75,1329.85,1324.7,1324.7,3507
2023-07-11 12:30:00+05:30,1324.7,1328.55,1324.7,1328.3,3981
2023-07-11 12:45:00+05:30,1328.3,1329.95,1325.8,1326.35,4206
2023-07-11 13:00:00+05:30,1326.35,1327.3,1324.05,1325.05,3812
2023-07-11 13:15:00+05:30,1325.05,1326.55,1323.1,1325.0,2670
2023-07-11 13:30:00+05:30,1324.8,1325.3,1322.0,1322.55,2574
2023-07-11 13:45:00+05:30,1322.7,1324.2,1316.25,1317.85,7274
2023-07-11 14:00:00+05:30,1317.85,1319.25,1310.6,1312.75,7925
2023-07-11 14:15:00+05:30,1312.75,1320.7,1312.75,1315.05,4131
2023-07-11 14:30:00+05:30,1315.05,1320.65,1313.15,1314.0,6297
2023-07-11 14:45:00+05:30,1314.0,1327.15,1313.2,1326.95,11475
2023-07-11 15:00:00+05:30,1326.95,1333.95,1324.4,1331.0,9785
2023-07-11 15:15:00+05:30,1331.65,1336.6,1330.45,1334.8,13231
2023-07-11 15:30:00+05:30,1334.95,1338.8,1310.0,1337.0,19012
2023-07-12 09:30:00+05:30,1342.0,1365.95,1338.9,1357.1,22279
2023-07-12 09:45:00+05:30,1356.45,1380.0,1355.05,1370.1,50155
2023-07-12 10:00:00+05:30,1369.6,1371.0,1360.05,1367.9,18996
2023-07-12 10:15:00+05:30,1367.9,1400.0,1367.9,1385.45,85453
2023-07-12 10:30:00+05:30,1384.1,1388.95,1374.0,1375.0,24572
2023-07-12 10:45:00+05:30,1375.95,1385.0,1374.0,1381.9,21287
2023-07-12 11:00:00+05:30,1381.65,1396.0,1370.0,1395.0,33294
2023-07-12 11:15:00+05:30,1395.0,1397.4,1388.05,1392.0,16489
2023-07-12 11:30:00+05:30,1392.0,1393.6,1383.45,1387.9,27127
2023-07-12 11:45:00+05:30,1388.0,1392.0,1383.5,1385.05,22528
2023-07-12 12:00:00+05:30,1385.05,1392.85,1384.65,1391.1,12201
2023-07-12 12:15:00+05:30,1392.0,1392.0,1386.95,1387.4,6804
2023-07-12 12:30:00+05:30,1387.4,1387.4,1382.1,1387.1,4405
2023-07-12 12:45:00+05:30,1387.1,1387.1,1381.0,1381.2,5668
2023-07-12 13:00:00+05:30,1381.2,1382.0,1377.45,1378.25,7152
2023-07-12 13:15:00+05:30,1378.25,1380.25,1377.05,1380.2,4192
2023-07-12 13:30:00+05:30,1380.2,1385.0,1379.8,1384.75,4723
2023-07-12 13:45:00+05:30,1384.75,1384.75,1380.0,1381.9,2545
2023-07-12 14:00:00+05:30,1381.9,1382.6,1380.0,1381.85,2008
2023-07-12 14:15:00+05:30,1381.85,1384.7,1380.15,1382.95,3926
2023-07-12 14:30:00+05:30,1382.95,1382.95,1379.0,1380.15,3720
2023-07-12 14:45:00+05:30,1380.25,1383.0,1375.0,1381.95,9160
2023-07-12 15:00:00+05:30,1381.95,1386.65,1378.0,1381.65,5051
2023-07-12 15:15:00+05:30,1381.65,1400.0,1381.25,1391.55,44660
2023-07-12 15:30:00+05:30,1391.55,1395.0,1389.0,1389.0,28662
2023-07-13 09:30:00+05:30,1418.95,1418.95,1375.5,1375.5,27770
2023-07-13 09:45:00+05:30,1378.3,1387.95,1376.6,1386.75,10490
2023-07-13 10:00:00+05:30,1388.0,1388.45,1380.05,1381.5,5656
2023-07-13 10:15:00+05:30,1382.0,1382.95,1377.0,1379.2,3011
2023-07-13 10:30:00+05:30,1378.55,1383.0,1378.5,1381.3,4090
2023-07-13 10:45:00+05:30,1381.3,1383.65,1378.5,1378.9,2569
2023-07-13 11:00:00+05:30,1378.9,1380.0,1376.05,1376.55,2807
2023-07-13 11:15:00+05:30,1376.55,1383.5,1376.45,1381.75,3202
2023-07-13 11:30:00+05:30,1381.7,1388.5,1381.65,1382.9,6389
2023-07-13 11:45:00+05:30,1382.9,1386.25,1382.0,1386.25,1758
2023-07-13 12:00:00+05:30,1386.25,1387.5,1382.3,1382.55,1840
2023-07-13 12:15:00+05:30,1382.55,1384.35,1381.2,1381.7,873
2023-07-13 12:30:00+05:30,1382.5,1382.5,1379.25,1380.0,13005
2023-07-13 12:45:00+05:30,1380.0,1380.0,1369.0,1369.95,7926
2023-07-13 13:00:00+05:30,1369.95,1370.35,1365.0,1368.1,4009
2023-07-13 13:15:00+05:30,1368.1,1375.0,1367.45,1371.0,5178
2023-07-13 13:30:00+05:30,1371.0,1372.75,1370.05,1371.65,3314
2023-07-13 13:45:00+05:30,1372.55,1380.35,1370.0,1371.9,203922
2023-07-13 14:00:00+05:30,1371.9,1372.0,1358.55,1358.55,11573
2023-07-13 14:15:00+05:30,1359.25,1364.0,1356.2,1356.2,8464
2023-07-13 14:30:00+05:30,1356.2,1359.7,1351.25,1357.65,5989
2023-07-13 14:45:00+05:30,1359.0,1359.0,1351.95,1351.95,5600
2023-07-13 15:00:00+05:30,1351.9,1357.7,1349.2,1349.9,8040
2023-07-13 15:15:00+05:30,1350.3,1358.8,1346.0,1358.8,64538
2023-07-13 15:30:00+05:30,1361.9,1367.85,1360.0,1365.15,22612
2023-07-14 09:30:00+05:30,1365.15,1373.95,1359.45,1371.0,16745
2023-07-14 09:45:00+05:30,1371.0,1379.3,1370.0,1370.65,7616
2023-07-14 10:00:00+05:30,1370.65,1374.95,1366.3,1374.85,114256
2023-07-14 10:15:00+05:30,1372.95,1380.45,1372.05,1376.55,113396
2023-07-14 10:30:00+05:30,1376.55,1384.75,1375.55,1384.05,8783
2023-07-14 10:45:00+05:30,1383.2,1385.95,1379.35,1381.0,7704
2023-07-14 11:00:00+05:30,1381.0,1381.95,1378.0,1380.05,2127
2023-07-14 11:15:00+05:30,1380.05,1383.0,1376.45,1380.05,3329
2023-07-14 11:30:00+05:30,1380.05,1383.9,1380.0,1381.0,2360
2023-07-14 11:45:00+05:30,1381.0,1385.35,1380.55,1381.3,7005
2023-07-14 12:00:00+05:30,1381.3,1385.5,1380.05,1382.3,4777
2023-07-14 12:15:00+05:30,1381.15,1389.55,1381.0,1385.55,11479
2023-07-14 12:30:00+05:30,1385.55,1391.85,1385.0,1387.45,6939
2023-07-14 12:45:00+05:30,1387.45,1387.45,1382.85,1385.5,6160
2023-07-14 13:00:00+05:30,1385.5,1385.65,1382.85,1383.9,3111
2023-07-14 13:15:00+05:30,1383.9,1384.0,1381.9,1383.7,1535
2023-07-14 13:30:00+05:30,1383.7,1385.0,1382.05,1383.05,3217
2023-07-14 13:45:00+05:30,1383.05,1384.8,1381.1,1381.35,5695
2023-07-14 14:00:00+05:30,1381.35,1382.0,1376.45,1376.85,5152
2023-07-14 14:15:00+05:30,1376.85,1378.0,1372.65,1372.85,5216
2023-07-14 14:30:00+05:30,1372.85,1375.0,1363.05,1370.6,11556
2023-07-14 14:45:00+05:30,1372.25,1374.0,1370.9,1372.0,2345
2023-07-14 15:00:00+05:30,1371.95,1378.1,1371.95,1375.0,4532
2023-07-14 15:15:00+05:30,1376.6,1381.0,1374.05,1376.45,8686
2023-07-14 15:30:00+05:30,1376.4,1387.8,1374.05,1385.1,20465
2023-07-17 09:30:00+05:30,1386.0,1397.85,1378.7,1394.5,17852
2023-07-17 09:45:00+05:30,1394.5,1396.2,1392.0,1395.7,8229
2023-07-17 10:00:00+05:30,1395.75,1399.0,1393.7,1395.25,7929
2023-07-17 10:15:00+05:30,1395.25,1396.45,1393.0,1393.0,2520
2023-07-17 10:30:00+05:30,1393.95,1394.75,1386.25,1387.05,5826
2023-07-17 10:45:00+05:30,1387.6,1390.65,1387.05,1389.55,1525
2023-07-17 11:00:00+05:30,1389.55,1394.7,1389.15,1393.4,3603
2023-07-17 11:15:00+05:30,1394.0,1394.7,1393.0,1393.4,2450
2023-07-17 11:30:00+05:30,1393.75,1394.6,1393.0,1393.6,2877
2023-07-17 11:45:00+05:30,1393.55,1395.0,1393.0,1393.75,5113
2023-07-17 12:00:00+05:30,1394.6,1395.0,1393.0,1394.05,4268
2023-07-17 12:15:00+05:30,1394.35,1395.0,1391.9,1392.5,2657
2023-07-17 12:30:00+05:30,1392.5,1393.65,1389.15,1389.75,4077
2023-07-17 12:45:00+05:30,1390.0,1390.0,1386.65,1388.75,6012
2023-07-17 13:00:00+05:30,1387.75,1390.0,1387.75,1389.95,30168
2023-07-17 13:15:00+05:30,1389.75,1390.0,1388.5,1389.75,2135
2023-07-17 13:30:00+05:30,1389.95,1390.0,1386.85,1387.8,1818
2023-07-17 13:45:00+05:30,1387.8,1390.0,1387.4,1389.0,2287
2023-07-17 14:00:00+05:30,1389.0,1390.0,1389.0,1389.2,4459
2023-07-17 14:15:00+05:30,1389.2,1390.0,1387.9,1389.35,2219
2023-07-17 14:30:00+05:30,1390.0,1390.75,1380.0,1381.15,8498
2023-07-17 14:45:00+05:30,1381.15,1387.05,1380.85,1383.15,2732
2023-07-17 15:00:00+05:30,1383.15,1386.35,1379.85,1381.2,12546
2023-07-17 15:15:00+05:30,1380.7,1382.55,1373.55,1376.0,4265
2023-07-17 15:30:00+05:30,1376.0,1380.0,1372.9,1378.85,8733
2023-07-18 09:30:00+05:30,1378.85,1407.0,1378.85,1399.1,33515
2023-07-18 09:45:00+05:30,1398.95,1398.95,1390.2,1393.75,12855
2023-07-18 10:00:00+05:30,1393.8,1396.2,1392.0,1392.0,10325
2023-07-18 10:15:00+05:30,1392.0,1396.35,1390.5,1395.0,15416
2023-07-18 10:30:00+05:30,1395.0,1395.35,1381.1,1382.4,11008
2023-07-18 10:45:00+05:30,1382.35,1382.35,1375.5,1375.5,5577
2023-07-18 11:00:00+05:30,1375.5,1380.0,1373.45,1378.7,3589
2023-07-18 11:15:00+05:30,1378.75,1389.85,1378.0,1379.95,18895
2023-07-18 11:30:00+05:30,1379.95,1392.0,1375.6,1390.75,7374
2023-07-18 11:45:00+05:30,1390.0,1393.95,1375.6,1379.8,39437
2023-07-18 12:00:00+05:30,1379.8,1380.0,1375.5,1380.0,3345
2023-07-18 12:15:00+05:30,1380.0,1380.0,1361.0,1366.7,11110
2023-07-18 12:30:00+05:30,1366.45,1379.0,1366.45,1375.8,1998
2023-07-18 12:45:00+05:30,1375.8,1378.0,1362.3,1363.7,4880
2023-07-18 13:00:00+05:30,1365.2,1369.9,1364.05,1368.65,1900
2023-07-18 13:15:00+05:30,1368.7,1374.95,1365.8,1373.1,2124
2023-07-18 13:30:00+05:30,1373.35,1377.0,1372.3,1375.3,3205
2023-07-18 13:45:00+05:30,1375.3,1379.35,1374.0,1376.45,2944
2023-07-18 14:00:00+05:30,1376.3,1382.0,1375.8,1382.0,3498
2023-07-18 14:15:00+05:30,1382.0,1387.15,1372.85,1384.8,11104
2023-07-18 14:30:00+05:30,1384.8,1398.3,1384.1,1396.45,25452
2023-07-18 14:45:00+05:30,1395.25,1395.95,1385.0,1388.0,12418
2023-07-18 15:00:00+05:30,1388.0,1389.8,1386.5,1389.8,4058
2023-07-18 15:15:00+05:30,1389.9,1390.45,1388.05,1389.7,21364
2023-07-18 15:30:00+05:30,1389.4,1398.0,1388.45,1390.0,36682
2023-07-19 09:30:00+05:30,1390.9,1395.85,1380.3,1390.0,7854
2023-07-19 09:45:00+05:30,1390.15,1393.8,1390.0,1392.25,3146
2023-07-19 10:00:00+05:30,1392.25,1392.8,1390.0,1391.0,1633
2023-07-19 10:15:00+05:30,1391.55,1392.3,1390.0,1390.85,2667
2023-07-19 10:30:00+05:30,1390.85,1391.55,1390.0,1391.3,2150
2023-07-19 10:45:00+05:30,1391.3,1391.35,1389.05,1390.75,2550
2023-07-19 11:00:00+05:30,1390.75,1390.75,1388.85,1390.0,3840
2023-07-19 11:15:00+05:30,1390.0,1390.75,1380.0,1381.15,49492
2023-07-19 11:30:00+05:30,1381.15,1383.3,1373.7,1374.0,29041
2023-07-19 11:45:00+05:30,1374.9,1377.9,1374.05,1377.9,20561
2023-07-19 12:00:00+05:30,1378.15,1379.0,1376.0,1377.4,1852
2023-07-19 12:15:00+05:30,1377.4,1377.6,1375.2,1377.05,1243
2023-07-19 12:30:00+05:30,1377.35,1377.35,1375.0,1377.05,3323
2023-07-19 12:45:00+05:30,1375.25,1377.15,1375.0,1375.8,1832
2023-07-19 13:00:00+05:30,1375.8,1377.4,1375.0,1375.75,2133
2023-07-19 13:15:00+05:30,1375.75,1376.5,1375.1,1376.0,786
2023-07-19 13:30:00+05:30,1376.0,1376.0,1375.0,1375.5,992
2023-07-19 13:45:00+05:30,1375.5,1376.55,1375.0,1375.95,2624
2023-07-19 14:00:00+05:30,1375.95,1375.95,1374.35,1375.0,2459
2023-07-19 14:15:00+05:30,1375.0,1376.0,1375.0,1375.0,2654
2023-07-19 14:30:00+05:30,1375.0,1376.3,1375.0,1375.0,7119
2023-07-19 14:45:00+05:30,1375.0,1376.0,1375.0,1376.0,3052
2023-07-19 15:00:00+05:30,1376.0,1376.4,1374.9,1376.25,2511
2023-07-19 15:15:00+05:30,1376.25,1382.0,1376.2,1378.05,7493
2023-07-19 15:30:00+05:30,1378.15,1378.15,1373.0,1376.5,14460
2023-07-20 09:30:00+05:30,1384.0,1390.0,1374.1,1379.85,15613
2023-07-20 09:45:00+05:30,1380.25,1380.75,1371.9,1372.85,6736
2023-07-20 10:00:00+05:30,1372.45,1374.1,1370.45,1371.8,3830
2023-07-20 10:15:00+05:30,1372.15,1372.5,1355.8,1358.85,9874
2023-07-20 10:30:00+05:30,1358.85,1365.0,1358.0,1362.9,7184
2023-07-20 10:45:00+05:30,1362.95,1366.05,1361.65,1365.0,4890
2023-07-20 11:00:00+05:30,1365.05,1368.0,1363.45,1368.0,2614
2023-07-20 11:15:00+05:30,1368.05,1368.35,1364.0,1367.85,3950
2023-07-20 11:30:00+05:30,1367.85,1367.85,1365.0,1366.45,1063
2023-07-20 11:45:00+05:30,1366.45,1368.0,1365.0,1366.15,1678
2023-07-20 12:00:00+05:30,1366.2,1368.4,1364.05,1365.45,5797
2023-07-20 12:15:00+05:30,1365.45,1367.1,1364.45,1366.6,1650
2023-07-20 12:30:00+05:30,1366.6,1366.6,1357.95,1360.05,23350
2023-07-20 12:45:00+05:30,1360.05,1361.8,1353.5,1358.9,5620
2023-07-20 13:00:00+05:30,1358.9,1360.35,1357.0,1359.15,53557
2023-07-20 13:15:00+05:30,1359.15,1359.8,1357.0,1358.0,36038
2023-07-20 13:30:00+05:30,1358.0,1359.25,1355.35,1356.95,3306
2023-07-20 13:45:00+05:30,1357.0,1357.45,1353.05,1353.1,4189
2023-07-20 14:00:00+05:30,1353.1,1359.2,1353.0,1353.75,8596
2023-07-20 14:15:00+05:30,1353.0,1354.4,1348.45,1351.35,9847
2023-07-20 14:30:00+05:30,1351.3,1351.8,1340.8,1346.6,13836
2023-07-20 14:45:00+05:30,1347.5,1350.35,1343.5,1343.7,7890
2023-07-20 15:00:00+05:30,1344.0,1348.0,1343.9,1345.0,5973
2023-07-20 15:15:00+05:30,1344.8,1345.0,1339.35,1339.35,10991
2023-07-20 15:30:00+05:30,1339.35,1339.7,1330.05,1334.6,24124
2023-07-21 09:30:00+05:30,1336.3,1356.0,1336.3,1346.8,17959
2023-07-21 09:45:00+05:30,1347.45,1348.85,1326.0,1332.05,18343
2023-07-21 10:00:00+05:30,1332.1,1346.0,1328.9,1344.4,42058
2023-07-21 10:15:00+05:30,1344.3,1344.4,1338.55,1341.95,6409
2023-07-21 10:30:00+05:30,1341.95,1354.95,1339.95,1347.0,11460
2023-07-21 10:45:00+05:30,1347.0,1364.8,1345.7,1355.9,30642
2023-07-21 11:00:00+05:30,1357.85,1370.0,1356.05,1365.6,32203
2023-07-21 11:15:00+05:30,1365.9,1373.95,1364.0,1365.0,16109
2023-07-21 11:30:00+05:30,1364.0,1366.3,1360.05,1362.45,7571
2023-07-21 11:45:00+05:30,1361.6,1371.95,1357.1,1370.05,13285
2023-07-21 12:00:00+05:30,1371.25,1383.8,1367.15,1378.5,19609
2023-07-21 12:15:00+05:30,1378.5,1389.05,1376.05,1380.55,23824
2023-07-21 12:30:00+05:30,1380.55,1383.7,1376.85,1382.2,19749
2023-07-21 12:45:00+05:30,1381.1,1387.95,1380.0,1387.8,9273
2023-07-21 13:00:00+05:30,1387.8,1387.8,1382.85,1385.0,10706
2023-07-21 13:15:00+05:30,1385.3,1390.2,1381.3,1381.3,71010
2023-07-21 13:30:00+05:30,1381.3,1382.5,1376.05,1378.95,7755
2023-07-21 13:45:00+05:30,1378.95,1381.4,1376.6,1381.4,4875
2023-07-21 14:00:00+05:30,1381.4,1383.05,1379.55,1381.05,10144
2023-07-21 14:15:00+05:30,1381.05,1385.0,1380.0,1381.25,4679
2023-07-21 14:30:00+05:30,1381.25,1386.4,1381.25,1385.0,12422
2023-07-21 14:45:00+05:30,1385.0,1399.0,1383.05,1397.0,57164
2023-07-21 15:00:00+05:30,1397.0,1409.0,1394.0,1400.05,87784
2023-07-21 15:15:00+05:30,1400.05,1403.7,1395.55,1400.05,22682
2023-07-21 15:30:00+05:30,1401.85,1402.4,1395.1,1399.5,35716
2023-07-24 09:30:00+05:30,1410.0,1418.95,1393.35,1408.05,34036
2023-07-24 09:45:00+05:30,1406.75,1409.0,1400.05,1403.9,15555
2023-07-24 10:00:00+05:30,1403.9,1405.0,1394.25,1403.7,11919
2023-07-24 10:15:00+05:30,1403.5,1408.0,1401.1,1401.1,6983
2023-07-24 10:30:00+05:30,1401.1,1405.0,1399.0,1403.75,6254
2023-07-24 10:45:00+05:30,1403.75,1409.6,1400.0,1405.75,10382
2023-07-24 11:00:00+05:30,1406.9,1407.2,1402.7,1403.65,4536
2023-07-24 11:15:00+05:30,1404.6,1408.5,1402.15,1407.5,5943
2023-07-24 11:30:00+05:30,1407.5,1408.05,1404.0,1405.7,5090
2023-07-24 11:45:00+05:30,1405.75,1407.55,1404.0,1404.05,4431
2023-07-24 12:00:00+05:30,1404.05,1406.0,1400.05,1404.0,6137
2023-07-24 12:15:00+05:30,1404.0,1408.0,1404.0,1407.0,5879
2023-07-24 12:30:00+05:30,1406.15,1407.7,1404.0,1405.0,2130
2023-07-24 12:45:00+05:30,1406.05,1406.4,1404.0,1405.1,1962
2023-07-24 13:00:00+05:30,1404.95,1411.6,1404.0,1411.0,8425
2023-07-24 13:15:00+05:30,1411.0,1411.75,1406.55,1408.5,8023
2023-07-24 13:30:00+05:30,1408.65,1410.0,1405.0,1405.0,3878
2023-07-24 13:45:00+05:30,1405.0,1406.95,1405.0,1405.35,2164
2023-07-24 14:00:00+05:30,1405.0,1408.5,1404.6,1406.3,4396
2023-07-24 14:15:00+05:30,1406.35,1407.05,1402.1,1404.25,14950
2023-07-24 14:30:00+05:30,1404.25,1404.9,1398.15,1403.0,15827
2023-07-24 14:45:00+05:30,1402.9,1405.0,1401.55,1403.65,4126
2023-07-24 15:00:00+05:30,1403.7,1405.0,1401.0,1402.0,30010
2023-07-24 15:15:00+05:30,1402.95,1403.25,1400.9,1402.05,8242
2023-07-24 15:30:00+05:30,1402.1,1408.0,1400.05,1406.9,18520
2023-07-25 09:30:00+05:30,1404.0,1406.95,1392.85,1400.25,9759
2023-07-25 09:45:00+05:30,1399.95,1410.0,1397.3,1407.5,8441
2023-07-25 10:00:00+05:30,1408.2,1414.0,1407.45,1413.0,12075
2023-07-25 10:15:00+05:30,1414.15,1414.6,1404.0,1405.7,5998
2023-07-25 10:30:00+05:30,1405.0,1407.45,1397.2,1398.0,8096
2023-07-25 10:45:00+05:30,1399.15,1402.25,1395.05,1400.9,3936
2023-07-25 11:00:00+05:30,1401.6,1402.2,1397.25,1397.25,2566
2023-07-25 11:15:00+05:30,1397.1,1398.25,1391.2,1395.0,8409
2023-07-25 11:30:00+05:30,1395.0,1395.5,1388.2,1392.3,5468
2023-07-25 11:45:00+05:30,1392.3,1393.1,1388.0,1388.85,3206
2023-07-25 12:00:00+05:30,1388.85,1391.0,1388.0,1390.0,2122
2023-07-25 12:15:00+05:30,1390.0,1390.0,1378.0,1378.45,10135
2023-07-25 12:30:00+05:30,1378.45,1382.0,1378.0,1381.65,3609
2023-07-25 12:45:00+05:30,1381.65,1386.0,1381.45,1386.0,3152
2023-07-25 13:00:00+05:30,1386.0,1387.0,1383.65,1386.6,3038
2023-07-25 13:15:00+05:30,1386.5,1386.6,1376.0,1377.3,8342
2023-07-25 13:30:00+05:30,1377.0,1379.0,1370.0,1371.6,8348
2023-07-25 13:45:00+05:30,1371.6,1381.6,1370.55,1378.15,3509
2023-07-25 14:00:00+05:30,1378.15,1387.0,1377.45,1385.2,4283
2023-07-25 14:15:00+05:30,1385.2,1390.0,1385.0,1385.1,5834
2023-07-25 14:30:00+05:30,1385.1,1386.35,1381.15,1381.9,3370
2023-07-25 14:45:00+05:30,1382.75,1389.0,1382.05,1387.9,2361
2023-07-25 15:00:00+05:30,1387.9,1387.9,1376.15,1382.45,7128
2023-07-25 15:15:00+05:30,1383.2,1393.4,1381.95,1383.15,17444
2023-07-25 15:30:00+05:30,1383.2,1393.05,1377.25,1383.85,26466
2023-07-26 09:30:00+05:30,1390.0,1403.95,1371.25,1372.05,11835
2023-07-26 09:45:00+05:30,1372.05,1372.05,1365.5,1366.0,13906
2023-07-26 10:00:00+05:30,1366.0,1375.0,1366.0,1373.2,9517
2023-07-26 10:15:00+05:30,1373.2,1374.5,1368.2,1369.0,4097
2023-07-26 10:30:00+05:30,1369.0,1370.0,1368.15,1368.85,2261
2023-07-26 10:45:00+05:30,1368.85,1370.0,1362.85,1366.55,27191
2023-07-26 11:00:00+05:30,1366.55,1369.0,1364.35,1365.5,5396
2023-07-26 11:15:00+05:30,1365.5,1366.95,1363.25,1364.65,5936
2023-07-26 11:30:00+05:30,1364.0,1367.15,1364.0,1365.1,2629
2023-07-26 11:45:00+05:30,1365.1,1366.05,1363.0,1363.8,7790
2023-07-26 12:00:00+05:30,1363.8,1365.55,1363.5,1363.7,47073
2023-07-26 12:15:00+05:30,1364.9,1365.25,1363.45,1365.0,4144
2023-07-26 12:30:00+05:30,1365.0,1365.0,1361.1,1361.1,3382
2023-07-26 12:45:00+05:30,1361.95,1363.45,1361.0,1362.15,1418
2023-07-26 13:00:00+05:30,1363.05,1363.85,1361.1,1362.35,1573
2023-07-26 13:15:00+05:30,1362.35,1363.55,1361.35,1362.75,2157
2023-07-26 13:30:00+05:30,1362.75,1365.8,1361.0,1364.95,3256
2023-07-26 13:45:00+05:30,1364.95,1365.15,1362.1,1364.55,2089
2023-07-26 14:00:00+05:30,1363.35,1365.1,1363.35,1364.95,3601
2023-07-26 14:15:00+05:30,1364.95,1365.25,1363.0,1364.95,6756
2023-07-26 14:30:00+05:30,1364.95,1365.0,1363.0,1364.65,12305
2023-07-26 14:45:00+05:30,1363.25,1365.15,1361.1,1364.5,4671
2023-07-26 15:00:00+05:30,1363.9,1364.5,1361.5,1362.05,4131
2023-07-26 15:15:00+05:30,1362.05,1366.45,1361.0,1362.95,9628
2023-07-26 15:30:00+05:30,1362.95,1365.0,1356.8,1363.0,19186
2023-07-27 09:30:00+05:30,1361.85,1382.95,1361.85,1377.9,9694
2023-07-27 09:45:00+05:30,1377.95,1378.0,1372.7,1376.55,4329
2023-07-27 10:00:00+05:30,1376.55,1377.55,1372.85,1373.5,3519
2023-07-27 10:15:00+05:30,1374.0,1376.0,1371.9,1374.9,3926
2023-07-27 10:30:00+05:30,1374.9,1385.0,1374.0,1382.95,9753
2023-07-27 10:45:00+05:30,1383.0,1385.0,1380.7,1383.95,2732
2023-07-27 11:00:00+05:30,1383.9,1383.9,1379.1,1379.15,2504
2023-07-27 11:15:00+05:30,1379.15,1381.0,1377.15,1377.3,3013
2023-07-27 11:30:00+05:30,1377.3,1380.0,1375.0,1379.9,5526
2023-07-27 11:45:00+05:30,1379.9,1379.9,1376.0,1376.1,956
2023-07-27 12:00:00+05:30,1376.1,1379.95,1376.0,1379.0,978
2023-07-27 12:15:00+05:30,1379.0,1381.0,1378.2,1378.9,2855
2023-07-27 12:30:00+05:30,1378.9,1379.0,1376.9,1376.9,3038
2023-07-27 12:45:00+05:30,1376.9,1379.0,1375.85,1378.65,1854
2023-07-27 13:00:00+05:30,1378.7,1380.95,1377.05,1379.95,1580
2023-07-27 13:15:00+05:30,1379.95,1379.95,1377.15,1378.0,458
2023-07-27 13:30:00+05:30,1378.0,1378.5,1376.8,1377.85,531
2023-07-27 13:45:00+05:30,1377.85,1384.7,1376.15,1381.2,4303
2023-07-27 14:00:00+05:30,1381.2,1389.75,1380.0,1388.9,5436
2023-07-27 14:15:00+05:30,1389.75,1389.8,1380.05,1380.9,4082
2023-07-27 14:30:00+05:30,1380.9,1382.2,1377.85,1377.9,2441
2023-07-27 14:45:00+05:30,1379.95,1379.95,1373.3,1377.95,3513
2023-07-27 15:00:00+05:30,1377.7,1378.75,1374.8,1378.75,2353
2023-07-27 15:15:00+05:30,1379.7,1387.95,1377.55,1383.45,11976
2023-07-27 15:30:00+05:30,1383.0,1383.45,1365.1,1377.0,8816
2023-07-28 09:30:00+05:30,1382.0,1388.95,1378.85,1383.05,5543
2023-07-28 09:45:00+05:30,1383.05,1392.0,1380.0,1387.0,8531
2023-07-28 10:00:00+05:30,1385.85,1389.75,1384.2,1384.85,1447
2023-07-28 10:15:00+05:30,1385.05,1386.45,1384.0,1386.0,644
2023-07-28 10:30:00+05:30,1386.0,1386.0,1383.0,1384.8,1125
2023-07-28 10:45:00+05:30,1384.8,1386.25,1381.05,1385.45,5754
2023-07-28 11:00:00+05:30,1385.45,1386.5,1384.5,1386.5,2297
2023-07-28 11:15:00+05:30,1387.0,1387.0,1385.5,1386.95,2873
2023-07-28 11:30:00+05:30,1386.95,1388.0,1385.0,1388.0,3452
2023-07-28 11:45:00+05:30,1388.0,1394.75,1385.7,1390.05,7080
2023-07-28 12:00:00+05:30,1391.55,1391.7,1388.05,1391.45,3990
2023-07-28 12:15:00+05:30,1391.45,1391.45,1389.0,1390.95,1477
2023-07-28 12:30:00+05:30,1390.95,1391.05,1388.6,1390.85,3233
2023-07-28 12:45:00+05:30,1390.95,1393.0,1389.05,1391.8,1377
2023-07-28 13:00:00+05:30,1391.8,1393.0,1390.0,1390.75,1821
2023-07-28 13:15:00+05:30,1391.95,1393.0,1390.65,1393.0,2085
2023-07-28 13:30:00+05:30,1393.0,1393.0,1391.2,1392.65,1764
2023-07-28 13:45:00+05:30,1392.65,1392.65,1384.0,1388.5,3501
2023-07-28 14:00:00+05:30,1389.2,1389.95,1386.75,1389.5,2600
2023-07-28 14:15:00+05:30,1389.75,1389.9,1386.9,1388.25,3843
2023-07-28 14:30:00+05:30,1389.7,1390.0,1389.2,1389.95,1590
2023-07-28 14:45:00+05:30,1389.95,1392.0,1387.05,1387.05,5055
2023-07-28 15:00:00+05:30,1389.95,1390.0,1388.65,1389.95,3631
2023-07-28 15:15:00+05:30,1389.4,1390.0,1388.0,1388.95,4926
2023-07-28 15:30:00+05:30,1389.15,1392.0,1388.0,1391.75,12212
2023-07-31 09:30:00+05:30,1394.0,1409.0,1391.0,1392.0,27976
2023-07-31 09:45:00+05:30,1392.0,1395.0,1389.5,1390.95,6715
2023-07-31 10:00:00+05:30,1390.95,1403.4,1389.75,1403.0,10176
2023-07-31 10:15:00+05:30,1404.0,1414.9,1403.4,1413.5,20976
2023-07-31 10:30:00+05:30,1413.5,1415.0,1403.45,1409.1,16660
2023-07-31 10:45:00+05:30,1409.8,1409.8,1406.0,1406.0,2876
2023-07-31 11:00:00+05:30,1406.0,1407.5,1406.0,1406.25,4408
2023-07-31 11:15:00+05:30,1406.25,1407.0,1404.1,1406.0,2560
2023-07-31 11:30:00+05:30,1406.0,1406.0,1403.0,1403.0,2142
2023-07-31 11:45:00+05:30,1403.15,1404.5,1399.7,1399.7,4524
2023-07-31 12:00:00+05:30,1399.9,1413.0,1398.95,1412.0,48878
2023-07-31 12:15:00+05:30,1412.0,1412.0,1409.05,1409.5,7419
2023-07-31 12:30:00+05:30,1410.1,1411.85,1409.55,1411.0,5245
2023-07-31 12:45:00+05:30,1411.0,1411.8,1408.0,1410.45,4386
2023-07-31 13:00:00+05:30,1410.45,1412.25,1409.2,1412.25,3369
2023-07-31 13:15:00+05:30,1412.25,1413.0,1410.0,1410.95,1928
2023-07-31 13:30:00+05:30,1411.0,1411.25,1410.0,1411.0,775
2023-07-31 13:45:00+05:30,1410.45,1412.95,1410.0,1411.1,2447
2023-07-31 14:00:00+05:30,1411.5,1411.5,1409.75,1410.95,2169
2023-07-31 14:15:00+05:30,1410.1,1432.0,1410.1,1432.0,47347
2023-07-31 14:30:00+05:30,1433.0,1470.0,1431.45,1450.25,119109
2023-07-31 14:45:00+05:30,1451.9,1459.95,1446.0,1447.55,32194
2023-07-31 15:00:00+05:30,1447.5,1454.25,1440.1,1453.2,38381
2023-07-31 15:15:00+05:30,1453.75,1460.0,1444.0,1458.3,41659
2023-07-31 15:30:00+05:30,1458.35,1458.35,1441.0,1447.85,33833
2023-08-01 09:30:00+05:30,1451.95,1474.0,1451.35,1473.05,37948
2023-08-01 09:45:00+05:30,1473.65,1478.0,1460.65,1467.7,32420
2023-08-01 10:00:00+05:30,1467.7,1469.95,1439.7,1458.1,59789
2023-08-01 10:15:00+05:30,1458.5,1458.5,1448.05,1450.75,18507
2023-08-01 10:30:00+05:30,1450.75,1453.55,1447.3,1449.55,23670
2023-08-01 10:45:00+05:30,1450.0,1454.0,1448.75,1448.75,10819
2023-08-01 11:00:00+05:30,1448.75,1454.0,1446.0,1453.9,12528
2023-08-01 11:15:00+05:30,1455.1,1455.1,1449.0,1450.85,14785
2023-08-01 11:30:00+05:30,1451.4,1451.45,1447.75,1450.95,11198
2023-08-01 11:45:00+05:30,1451.2,1451.2,1448.6,1450.0,19809
2023-08-01 12:00:00+05:30,1450.05,1453.95,1447.25,1449.35,16119
2023-08-01 12:15:00+05:30,1450.0,1451.0,1448.6,1449.5,9504
2023-08-01 12:30:00+05:30,1450.0,1454.0,1449.0,1450.55,10217
2023-08-01 12:45:00+05:30,1451.8,1457.95,1450.2,1452.05,14229
2023-08-01 13:00:00+05:30,1453.8,1457.6,1452.45,1456.35,7318
2023-08-01 13:15:00+05:30,1456.8,1460.0,1455.25,1459.7,14306
2023-08-01 13:30:00+05:30,1459.4,1460.0,1455.5,1456.0,10415
2023-08-01 13:45:00+05:30,1457.4,1463.95,1456.05,1460.05,12016
2023-08-01 14:00:00+05:30,1459.95,1460.5,1455.65,1458.8,10508
2023-08-01 14:15:00+05:30,1458.7,1460.0,1454.6,1460.0,10135
2023-08-01 14:30:00+05:30,1459.65,1459.65,1445.0,1447.75,16997
2023-08-01 14:45:00+05:30,1447.8,1449.55,1439.25,1449.55,18337
2023-08-01 15:00:00+05:30,1449.55,1456.85,1449.1,1451.1,13680
2023-08-01 15:15:00+05:30,1450.9,1454.95,1448.1,1448.1,13523
2023-08-01 15:30:00+05:30,1449.2,1450.0,1429.0,1438.0,19826
2023-08-02 09:30:00+05:30,1469.9,1469.9,1439.95,1441.7,34570
2023-08-02 09:45:00+05:30,1441.35,1444.8,1435.55,1441.95,11933
2023-08-02 10:00:00+05:30,1441.95,1442.75,1436.0,1438.8,4490
2023-08-02 10:15:00+05:30,1438.8,1447.5,1438.8,1446.4,38156
2023-08-02 10:30:00+05:30,1446.4,1455.0,1446.4,1449.6,407565
2023-08-02 10:45:00+05:30,1449.6,1451.6,1443.0,1449.05,7020
2023-08-02 11:00:00+05:30,1449.05,1450.25,1444.55,1450.0,218550
2023-08-02 11:15:00+05:30,1450.0,1450.0,1444.15,1444.25,9031
2023-08-02 11:30:00+05:30,1444.95,1445.0,1444.05,1444.7,3888
2023-08-02 11:45:00+05:30,1444.7,1445.0,1444.25,1445.0,2966
2023-08-02 12:00:00+05:30,1445.0,1450.0,1444.75,1449.9,12281
2023-08-02 12:15:00+05:30,1449.9,1450.0,1449.5,1450.0,10494
2023-08-02 12:30:00+05:30,1450.0,1450.0,1449.55,1450.0,5942
2023-08-02 12:45:00+05:30,1450.0,1450.45,1449.5,1450.45,9273
2023-08-02 13:00:00+05:30,1450.45,1450.75,1448.45,1449.25,6277
2023-08-02 13:15:00+05:30,1449.25,1450.0,1447.95,1449.0,1607
2023-08-02 13:30:00+05:30,1449.0,1449.0,1445.75,1446.1,1781
2023-08-02 13:45:00+05:30,1446.1,1447.0,1445.25,1445.4,3431
2023-08-02 14:00:00+05:30,1445.85,1449.95,1443.65,1447.8,7835
2023-08-02 14:15:00+05:30,1448.0,1448.0,1427.0,1429.3,17058
2023-08-02 14:30:00+05:30,1429.0,1437.35,1427.4,1437.35,11322
2023-08-02 14:45:00+05:30,1436.4,1445.0,1436.4,1440.0,20729
2023-08-02 15:00:00+05:30,1440.0,1441.5,1435.5,1438.85,49660
2023-08-02 15:15:00+05:30,1439.0,1440.5,1436.15,1440.0,115953
2023-08-02 15:30:00+05:30,1440.0,1440.0,1412.2,1417.8,25942
2023-08-03 09:30:00+05:30,1403.0,1426.95,1401.05,1422.65,25290
2023-08-03 09:45:00+05:30,1422.65,1437.65,1421.0,1426.25,10030
2023-08-03 10:00:00+05:30,1426.25,1427.15,1422.1,1422.55,5422
2023-08-03 10:15:00+05:30,1423.15,1426.25,1422.15,1424.95,3805
2023-08-03 10:30:00+05:30,1424.95,1450.0,1424.95,1447.0,15515
2023-08-03 10:45:00+05:30,1447.0,1449.7,1442.0,1449.7,5264
2023-08-03 11:00:00+05:30,1449.7,1450.5,1446.1,1447.95,10570
2023-08-03 11:15:00+05:30,1447.95,1450.0,1447.1,1449.2,4978
2023-08-03 11:30:00+05:30,1449.2,1450.0,1447.6,1448.1,8464
2023-08-03 11:45:00+05:30,1448.5,1450.0,1447.55,1447.85,3332
2023-08-03 12:00:00+05:30,1447.85,1447.85,1443.1,1445.9,4815
2023-08-03 12:15:00+05:30,1445.9,1447.75,1440.2,1444.9,4398
2023-08-03 12:30:00+05:30,1444.9,1444.9,1431.75,1441.8,14169
2023-08-03 12:45:00+05:30,1440.9,1448.0,1435.4,1445.75,7672
2023-08-03 13:00:00+05:30,1445.2,1446.8,1441.9,1443.8,4551
2023-08-03 13:15:00+05:30,1443.85,1445.85,1439.6,1443.7,2831
2023-08-03 13:30:00+05:30,1442.8,1445.3,1438.3,1441.9,4068
2023-08-03 13:45:00+05:30,1440.0,1446.5,1440.0,1443.1,3349
2023-08-03 14:00:00+05:30,1443.1,1443.45,1434.05,1436.05,6382
2023-08-03 14:15:00+05:30,1436.4,1440.0,1426.25,1431.9,10680
2023-08-03 14:30:00+05:30,1431.2,1444.35,1431.2,1441.3,3730
2023-08-03 14:45:00+05:30,1441.0,1450.0,1437.0,1450.0,19436
2023-08-03 15:00:00+05:30,1449.95,1450.0,1443.8,1445.7,10909
2023-08-03 15:15:00+05:30,1446.2,1449.6,1438.75,1449.0,8547
2023-08-03 15:30:00+05:30,1449.5,1450.0,1445.05,1448.0,11660
2023-08-04 09:30:00+05:30,1473.0,1473.0,1436.0,1439.65,81671
2023-08-04 09:45:00+05:30,1438.4,1439.9,1427.9,1437.15,44312
2023-08-04 10:00:00+05:30,1437.2,1449.9,1436.45,1447.95,23554
2023-08-04 10:15:00+05:30,1446.1,1450.0,1445.05,1448.9,9867
2023-08-04 10:30:00+05:30,1448.9,1449.65,1445.55,1446.95,3400
2023-08-04 10:45:00+05:30,1446.4,1446.95,1438.85,1441.65,12815
2023-08-04 11:00:00+05:30,1440.05,1444.0,1440.05,1443.25,3938
2023-08-04 11:15:00+05:30,1443.25,1445.0,1442.05,1444.0,4828
2023-08-04 11:30:00+05:30,1444.0,1445.0,1442.3,1443.55,3818
2023-08-04 11:45:00+05:30,1443.55,1444.95,1441.6,1443.7,5100
2023-08-04 12:00:00+05:30,1443.7,1444.8,1440.95,1443.9,5205
2023-08-04 12:15:00+05:30,1443.9,1444.8,1441.3,1444.5,3885
2023-08-04 12:30:00+05:30,1444.5,1446.95,1442.05,1445.15,2971
2023-08-04 12:45:00+05:30,1445.15,1446.5,1441.05,1443.85,4056
2023-08-04 13:00:00+05:30,1443.85,1445.5,1443.05,1443.4,5470
2023-08-04 13:15:00+05:30,1443.4,1447.35,1442.95,1445.0,4013
2023-08-04 13:30:00+05:30,1445.0,1448.45,1444.9,1445.05,5029
2023-08-04 13:45:00+05:30,1445.05,1448.45,1442.35,1447.8,6394
2023-08-04 14:00:00+05:30,1447.8,1448.95,1431.05,1431.1,31752
2023-08-04 14:15:00+05:30,1431.1,1433.8,1385.6,1398.95,110703
2023-08-04 14:30:00+05:30,1397.5,1400.0,1392.1,1393.8,25543
2023-08-04 14:45:00+05:30,1388.9,1399.9,1388.85,1397.6,23754
2023-08-04 15:00:00+05:30,1401.0,1403.0,1393.0,1393.9,12714
2023-08-04 15:15:00+05:30,1392.85,1394.95,1385.5,1389.95,21636
2023-08-04 15:30:00+05:30,1389.3,1395.0,1366.0,1376.2,49502
2023-08-07 09:30:00+05:30,1378.85,1396.95,1377.0,1390.2,29844
2023-08-07 09:45:00+05:30,1390.2,1395.7,1385.0,1393.4,13087
2023-08-07 10:00:00+05:30,1393.4,1395.0,1388.05,1390.55,7510
2023-08-07 10:15:00+05:30,1390.55,1403.95,1390.55,1397.4,9012
2023-08-07 10:30:00+05:30,1396.2,1398.15,1396.0,1396.0,7365
2023-08-07 10:45:00+05:30,1397.25,1397.25,1390.45,1392.0,3575
2023-08-07 11:00:00+05:30,1392.0,1392.45,1388.1,1389.05,3486
2023-08-07 11:15:00+05:30,1389.05,1390.0,1382.6,1385.55,35989
2023-08-07 11:30:00+05:30,1385.55,1387.45,1378.0,1379.0,5657
2023-08-07 11:45:00+05:30,1379.0,1382.3,1376.95,1377.5,5049
2023-08-07 12:00:00+05:30,1377.5,1378.0,1368.5,1369.5,6753
2023-08-07 12:15:00+05:30,1370.0,1371.0,1368.65,1369.95,5095
2023-08-07 12:30:00+05:30,1370.0,1370.35,1368.3,1369.25,3046
2023-08-07 12:45:00+05:30,1369.25,1372.0,1368.15,1370.0,6159
2023-08-07 13:00:00+05:30,1370.0,1370.35,1368.1,1370.0,6425
2023-08-07 13:15:00+05:30,1370.0,1370.35,1367.65,1368.3,2476
2023-08-07 13:30:00+05:30,1368.3,1368.5,1366.85,1367.0,2903
2023-08-07 13:45:00+05:30,1367.0,1368.0,1345.05,1359.45,23645
2023-08-07 14:00:00+05:30,1359.45,1362.2,1345.15,1361.95,17709
2023-08-07 14:15:00+05:30,1361.95,1362.0,1348.45,1348.45,11039
2023-08-07 14:30:00+05:30,1348.95,1357.3,1336.0,1341.35,25997
2023-08-07 14:45:00+05:30,1344.65,1346.5,1341.7,1342.0,13701
2023-08-07 15:00:00+05:30,1342.0,1342.0,1328.5,1328.95,26164
2023-08-07 15:15:00+05:30,1328.95,1345.35,1325.95,1342.0,33133
2023-08-07 15:30:00+05:30,1342.0,1349.9,1339.25,1346.0,30929
2023-08-08 09:30:00+05:30,1346.1,1376.3,1346.1,1372.75,39542
2023-08-08 09:45:00+05:30,1372.1,1378.95,1361.1,1370.0,27840
2023-08-08 10:00:00+05:30,1370.0,1370.0,1361.6,1361.6,12993
2023-08-08 10:15:00+05:30,1361.2,1377.65,1358.0,1374.4,9353
2023-08-08 10:30:00+05:30,1374.2,1380.0,1374.2,1378.0,13316
2023-08-08 10:45:00+05:30,1378.0,1378.45,1374.9,1376.85,4055
2023-08-08 11:00:00+05:30,1376.85,1376.85,1368.35,1369.95,5838
2023-08-08 11:15:00+05:30,1369.95,1370.0,1365.35,1369.8,4020
2023-08-08 11:30:00+05:30,1369.8,1369.8,1366.05,1368.0,1824
2023-08-08 11:45:00+05:30,1366.6,1370.0,1365.4,1369.95,2473
2023-08-08 12:00:00+05:30,1369.95,1375.1,1367.0,1374.8,4480
2023-08-08 12:15:00+05:30,1374.8,1374.8,1370.0,1371.85,2775
2023-08-08 12:30:00+05:30,1371.9,1374.65,1371.0,1374.25,1341
2023-08-08 12:45:00+05:30,1374.3,1375.0,1373.0,1374.55,1047
2023-08-08 13:00:00+05:30,1374.55,1376.95,1372.2,1376.9,3675
2023-08-08 13:15:00+05:30,1376.9,1378.0,1372.7,1373.85,3200
2023-08-08 13:30:00+05:30,1373.85,1376.7,1371.25,1375.95,2026
2023-08-08 13:45:00+05:30,1375.95,1386.5,1372.45,1386.5,20113
2023-08-08 14:00:00+05:30,1386.5,1386.5,1381.95,1383.35,7780
2023-08-08 14:15:00+05:30,1383.35,1383.45,1370.0,1372.45,11332
2023-08-08 14:30:00+05:30,1372.05,1383.25,1372.05,1382.0,8842
2023-08-08 14:45:00+05:30,1382.45,1389.9,1380.0,1384.5,21578
2023-08-08 15:00:00+05:30,1384.6,1389.0,1383.8,1385.0,4041
2023-08-08 15:15:00+05:30,1385.0,1394.9,1384.6,1393.3,10476
2023-08-08 15:30:00+05:30,1394.45,1400.0,1380.15,1388.85,34880
2023-08-09 09:30:00+05:30,1384.75,1393.7,1371.5,1381.1,23369
2023-08-09 09:45:00+05:30,1380.3,1382.35,1375.05,1375.25,7472
2023-08-09 10:00:00+05:30,1375.25,1376.05,1367.4,1370.5,8936
2023-08-09 10:15:00+05:30,1370.4,1373.85,1369.0,1370.2,2611
2023-08-09 10:30:00+05:30,1370.2,1370.95,1364.6,1366.9,5709
2023-08-09 10:45:00+05:30,1366.9,1373.0,1366.0,1372.35,2977
2023-08-09 11:00:00+05:30,1371.35,1376.05,1370.6,1373.15,4815
2023-08-09 11:15:00+05:30,1370.85,1373.85,1369.0,1371.05,2709
2023-08-09 11:30:00+05:30,1371.05,1371.75,1368.15,1370.7,2345
2023-08-09 11:45:00+05:30,1370.75,1371.9,1369.1,1370.15,1658
2023-08-09 12:00:00+05:30,1370.0,1370.4,1369.0,1370.0,2877
2023-08-09 12:15:00+05:30,1370.0,1372.05,1370.0,1371.1,1935
2023-08-09 12:30:00+05:30,1371.2,1371.2,1369.55,1370.45,1797
2023-08-09 12:45:00+05:30,1370.45,1371.15,1369.5,1369.5,2128
2023-08-09 13:00:00+05:30,1369.5,1372.2,1369.5,1371.2,1203
2023-08-09 13:15:00+05:30,1371.2,1372.2,1369.15,1370.5,2293
2023-08-09 13:30:00+05:30,1370.5,1371.95,1367.45,1368.55,2609
2023-08-09 13:45:00+05:30,1368.55,1368.55,1357.1,1358.05,12114
2023-08-09 14:00:00+05:30,1357.85,1366.95,1350.2,1361.15,16882
2023-08-09 14:15:00+05:30,1361.15,1366.15,1359.05,1365.45,3401
2023-08-09 14:30:00+05:30,1365.45,1367.9,1362.9,1362.9,4790
2023-08-09 14:45:00+05:30,1363.75,1365.45,1361.75,1361.9,1398
2023-08-09 15:00:00+05:30,1361.9,1367.7,1361.65,1367.7,5435
2023-08-09 15:15:00+05:30,1367.8,1367.8,1365.1,1367.0,5089
2023-08-09 15:30:00+05:30,1367.65,1367.7,1360.0,1360.0,16707
2023-08-10 09:30:00+05:30,1371.0,1394.75,1366.55,1389.35,28967
2023-08-10 09:45:00+05:30,1389.75,1389.75,1377.05,1379.65,5449
2023-08-10 10:00:00+05:30,1379.65,1386.0,1378.35,1379.8,4107
2023-08-10 10:15:00+05:30,1379.8,1384.0,1378.1,1382.8,1562
2023-08-10 10:30:00+05:30,1382.8,1382.8,1376.5,1376.95,3576
2023-08-10 10:45:00+05:30,1376.95,1383.2,1376.95,1381.5,2802
2023-08-10 11:00:00+05:30,1381.5,1383.5,1381.1,1383.1,844
2023-08-10 11:15:00+05:30,1383.4,1384.6,1381.05,1381.1,1247
2023-08-10 11:30:00+05:30,1381.1,1382.0,1376.8,1377.85,1339
2023-08-10 11:45:00+05:30,1376.35,1377.3,1366.1,1373.55,6169
2023-08-10 12:00:00+05:30,1373.65,1374.25,1367.0,1368.7,2235
2023-08-10 12:15:00+05:30,1368.7,1369.0,1364.2,1364.2,6170
2023-08-10 12:30:00+05:30,1364.15,1365.0,1356.0,1360.0,7892
2023-08-10 12:45:00+05:30,1360.0,1360.0,1358.3,1360.0,5334
2023-08-10 13:00:00+05:30,1359.9,1360.0,1358.0,1359.5,3652
2023-08-10 13:15:00+05:30,1359.5,1360.0,1357.95,1359.8,3410
2023-08-10 13:30:00+05:30,1359.8,1360.0,1357.95,1357.95,4750
2023-08-10 13:45:00+05:30,1357.95,1360.0,1357.0,1359.1,2644
2023-08-10 14:00:00+05:30,1359.1,1359.9,1352.35,1353.5,5400
2023-08-10 14:15:00+05:30,1353.05,1359.25,1347.3,1358.7,10540
2023-08-10 14:30:00+05:30,1358.65,1360.0,1348.0,1353.1,12442
2023-08-10 14:45:00+05:30,1353.1,1359.1,1347.95,1359.1,6286
2023-08-10 15:00:00+05:30,1358.55,1359.1,1354.05,1357.3,2798
2023-08-10 15:15:00+05:30,1357.75,1357.75,1351.65,1354.0,8636
2023-08-10 15:30:00+05:30,1352.9,1355.0,1352.05,1353.1,11694
2023-08-11 09:30:00+05:30,1359.65,1366.75,1354.35,1366.75,4285
2023-08-11 09:45:00+05:30,1365.2,1365.5,1357.05,1357.35,2363
2023-08-11 10:00:00+05:30,1357.2,1358.7,1347.15,1349.35,6154
2023-08-11 10:15:00+05:30,1349.35,1350.0,1345.95,1349.35,4995
2023-08-11 10:30:00+05:30,1349.35,1350.0,1347.0,1347.0,2456
2023-08-11 10:45:00+05:30,1347.0,1347.55,1341.3,1341.55,3050
2023-08-11 11:00:00+05:30,1342.35,1344.3,1340.1,1341.15,2776
2023-08-11 11:15:00+05:30,1341.15,1341.5,1336.2,1340.0,6008
2023-08-11 11:30:00+05:30,1340.0,1342.0,1336.2,1336.5,4226
2023-08-11 11:45:00+05:30,1336.5,1339.5,1336.0,1338.05,2121
2023-08-11 12:00:00+05:30,1338.05,1341.95,1338.0,1339.75,2152
2023-08-11 12:15:00+05:30,1340.95,1340.95,1339.0,1339.05,1752
2023-08-11 12:30:00+05:30,1339.05,1340.0,1338.5,1338.75,1518
2023-08-11 12:45:00+05:30,1339.95,1341.2,1338.6,1340.45,1665
2023-08-11 13:00:00+05:30,1340.45,1340.45,1338.0,1339.0,2074
2023-08-11 13:15:00+05:30,1339.0,1340.0,1338.55,1339.8,2288
2023-08-11 13:30:00+05:30,1339.8,1341.35,1338.5,1340.5,8640
2023-08-11 13:45:00+05:30,1340.5,1340.85,1339.1,1339.5,1647
2023-08-11 14:00:00+05:30,1339.5,1341.2,1339.0,1339.5,1605
2023-08-11 14:15:00+05:30,1340.0,1340.1,1338.05,1339.9,10272
2023-08-11 14:30:00+05:30,1339.9,1340.0,1337.0,1338.0,6394
2023-08-11 14:45:00+05:30,1338.0,1339.7,1336.05,1339.7,4205
2023-08-11 15:00:00+05:30,1339.7,1340.65,1337.25,1340.0,2146
2023-08-11 15:15:00+05:30,1340.0,1340.0,1338.1,1339.9,4748
2023-08-11 15:30:00+05:30,1339.95,1340.0,1336.55,1340.0,8683
2023-08-14 09:30:00+05:30,1310.0,1318.55,1294.0,1307.3,38008
2023-08-14 09:45:00+05:30,1307.35,1326.8,1304.1,1325.7,17000
2023-08-14 10:00:00+05:30,1325.7,1343.95,1325.6,1340.5,10893
2023-08-14 10:15:00+05:30,1340.5,1346.15,1340.05,1344.6,5415
2023-08-14 10:30:00+05:30,1344.6,1357.5,1343.2,1352.7,12802
2023-08-14 10:45:00+05:30,1353.3,1354.8,1344.5,1346.5,5856
2023-08-14 11:00:00+05:30,1345.0,1351.95,1338.85,1340.0,9492
2023-08-14 11:15:00+05:30,1340.0,1343.85,1339.3,1343.0,2717
2023-08-14 11:30:00+05:30,1342.05,1344.8,1340.0,1340.9,1828
2023-08-14 11:45:00+05:30,1341.0,1343.65,1340.0,1342.45,2149
2023-08-14 12:00:00+05:30,1342.45,1350.95,1342.0,1350.95,22127
2023-08-14 12:15:00+05:30,1350.75,1350.95,1343.15,1348.4,4748
2023-08-14 12:30:00+05:30,1348.4,1349.0,1346.75,1348.0,1775
2023-08-14 12:45:00+05:30,1348.0,1348.5,1341.25,1344.0,3893
2023-08-14 13:00:00+05:30,1344.0,1344.5,1342.05,1343.9,2762
2023-08-14 13:15:00+05:30,1343.9,1344.85,1343.35,1344.85,1550
2023-08-14 13:30:00+05:30,1344.85,1345.15,1342.7,1343.95,1432
2023-08-14 13:45:00+05:30,1342.7,1344.35,1341.7,1342.4,1519
2023-08-14 14:00:00+05:30,1342.4,1344.25,1341.7,1343.45,2066
2023-08-14 14:15:00+05:30,1342.6,1342.95,1340.2,1342.5,2202
2023-08-14 14:30:00+05:30,1342.5,1343.45,1340.5,1341.6,3988
2023-08-14 14:45:00+05:30,1341.6,1342.0,1340.15,1341.95,1793
2023-08-14 15:00:00+05:30,1341.95,1342.7,1335.0,1339.0,11441
2023-08-14 15:15:00+05:30,1339.95,1340.8,1337.55,1339.05,22636
2023-08-14 15:30:00+05:30,1339.05,1339.4,1324.25,1330.0,15846
2023-08-16 09:30:00+05:30,1333.0,1336.45,1316.05,1318.95,37041
2023-08-16 09:45:00+05:30,1318.95,1318.95,1285.95,1307.8,66860
2023-08-16 10:00:00+05:30,1308.45,1324.75,1296.35,1320.95,35675
2023-08-16 10:15:00+05:30,1321.7,1327.9,1318.85,1326.5,14792
2023-08-16 10:30:00+05:30,1326.5,1328.65,1291.5,1304.2,25858
2023-08-16 10:45:00+05:30,1304.2,1310.0,1304.2,1310.0,15671
2023-08-16 11:00:00+05:30,1310.0,1318.9,1309.0,1318.9,10674
2023-08-16 11:15:00+05:30,1318.85,1320.0,1316.95,1319.95,4647
2023-08-16 11:30:00+05:30,1319.95,1320.0,1317.25,1318.7,2187
2023-08-16 11:45:00+05:30,1318.7,1320.0,1317.45,1317.75,6071
2023-08-16 12:00:00+05:30,1317.75,1319.0,1294.3,1306.0,23051
2023-08-16 12:15:00+05:30,1306.0,1309.3,1299.95,1306.75,10354
2023-08-16 12:30:00+05:30,1306.75,1309.0,1299.1,1306.0,10180
2023-08-16 12:45:00+05:30,1306.0,1309.2,1303.15,1305.4,7093
2023-08-16 13:00:00+05:30,1305.4,1306.95,1302.7,1304.25,3561
2023-08-16 13:15:00+05:30,1304.65,1307.0,1303.0,1306.9,2454
2023-08-16 13:30:00+05:30,1306.9,1307.9,1303.5,1307.0,3493
2023-08-16 13:45:00+05:30,1307.0,1307.95,1298.1,1300.0,11059
2023-08-16 14:00:00+05:30,1300.0,1300.0,1297.0,1298.95,9333
2023-08-16 14:15:00+05:30,1298.95,1300.0,1291.85,1295.4,27024
2023-08-16 14:30:00+05:30,1294.35,1308.0,1294.35,1304.1,13693
2023-08-16 14:45:00+05:30,1305.7,1307.15,1296.8,1299.55,7428
2023-08-16 15:00:00+05:30,1298.85,1302.0,1298.0,1302.0,6160
2023-08-16 15:15:00+05:30,1302.0,1302.0,1293.95,1296.75,11493
2023-08-16 15:30:00+05:30,1297.9,1301.0,1294.2,1298.05,23241
2023-08-17 09:30:00+05:30,1301.95,1305.45,1288.35,1303.95,42401
2023-08-17 09:45:00+05:30,1304.6,1306.0,1298.9,1303.65,4076
2023-08-17 10:00:00+05:30,1303.65,1307.65,1302.15,1303.15,3044
2023-08-17 10:15:00+05:30,1303.15,1306.95,1300.65,1301.9,6396
2023-08-17 10:30:00+05:30,1301.9,1301.9,1293.2,1293.2,5841
2023-08-17 10:45:00+05:30,1294.0,1297.0,1290.3,1295.0,21227
2023-08-17 11:00:00+05:30,1295.0,1300.45,1293.0,1294.9,7432
2023-08-17 11:15:00+05:30,1294.9,1294.95,1292.8,1294.05,977
2023-08-17 11:30:00+05:30,1294.05,1294.2,1284.65,1285.5,10623
2023-08-17 11:45:00+05:30,1285.5,1294.1,1285.0,1293.7,3758
2023-08-17 12:00:00+05:30,1293.7,1294.0,1290.65,1293.05,1216
2023-08-17 12:15:00+05:30,1293.0,1293.4,1291.0,1292.2,878
2023-08-17 12:30:00+05:30,1292.2,1293.2,1287.95,1289.55,3333
2023-08-17 12:45:00+05:30,1289.55,1290.4,1276.3,1277.9,19134
2023-08-17 13:00:00+05:30,1277.9,1279.4,1270.0,1273.1,12694
2023-08-17 13:15:00+05:30,1273.1,1273.1,1243.75,1269.1,62560
2023-08-17 13:30:00+05:30,1269.1,1276.7,1265.35,1275.3,15933
2023-08-17 13:45:00+05:30,1275.3,1278.0,1275.0,1276.45,3603
2023-08-17 14:00:00+05:30,1276.45,1279.5,1275.0,1275.0,6117
2023-08-17 14:15:00+05:30,1275.95,1277.9,1273.4,1277.6,10914
2023-08-17 14:30:00+05:30,1277.0,1285.9,1277.0,1284.05,15894
2023-08-17 14:45:00+05:30,1284.05,1284.05,1281.65,1283.2,6991
2023-08-17 15:00:00+05:30,1283.2,1292.55,1282.0,1290.05,11950
2023-08-17 15:15:00+05:30,1290.6,1292.5,1287.35,1289.0,18302
2023-08-17 15:30:00+05:30,1288.9,1291.0,1282.55,1290.0,29581
2023-08-18 09:30:00+05:30,1280.0,1303.8,1276.0,1302.3,13931
2023-08-18 09:45:00+05:30,1301.1,1304.4,1288.5,1293.7,9330
2023-08-18 10:00:00+05:30,1292.35,1295.0,1290.0,1292.85,3535
2023-08-18 10:15:00+05:30,1292.85,1294.0,1281.05,1284.2,5039
2023-08-18 10:30:00+05:30,1284.2,1285.9,1280.55,1280.9,2979
2023-08-18 10:45:00+05:30,1282.1,1282.95,1278.15,1278.5,2786
2023-08-18 11:00:00+05:30,1278.5,1282.8,1276.35,1281.6,2324
2023-08-18 11:15:00+05:30,1281.6,1281.6,1277.0,1277.75,2250
2023-08-18 11:30:00+05:30,1277.75,1278.35,1276.15,1276.55,1381
2023-08-18 11:45:00+05:30,1276.55,1278.4,1275.05,1275.9,1550
2023-08-18 12:00:00+05:30,1276.0,1277.0,1271.0,1272.0,4798
2023-08-18 12:15:00+05:30,1271.05,1272.25,1260.1,1267.5,15928
2023-08-18 12:30:00+05:30,1266.95,1271.05,1258.65,1263.95,17385
2023-08-18 12:45:00+05:30,1263.95,1265.5,1262.85,1263.75,2605
2023-08-18 13:00:00+05:30,1263.75,1264.9,1259.5,1263.4,4522
2023-08-18 13:15:00+05:30,1263.35,1263.95,1261.85,1263.3,1820
2023-08-18 13:30:00+05:30,1263.3,1263.4,1256.55,1257.05,4613
2023-08-18 13:45:00+05:30,1257.05,1260.65,1256.05,1258.45,2529
2023-08-18 14:00:00+05:30,1258.45,1262.1,1257.05,1261.3,2961
2023-08-18 14:15:00+05:30,1260.2,1276.0,1260.2,1270.65,18251
2023-08-18 14:30:00+05:30,1270.65,1272.85,1268.9,1271.15,4115
2023-08-18 14:45:00+05:30,1270.6,1272.45,1269.85,1270.2,2484
2023-08-18 15:00:00+05:30,1270.2,1282.0,1270.0,1280.5,12492
2023-08-18 15:15:00+05:30,1282.0,1284.65,1275.45,1281.1,18664
2023-08-18 15:30:00+05:30,1280.1,1283.15,1277.1,1283.0,16271
2023-08-21 09:30:00+05:30,1284.0,1318.95,1274.05,1274.05,21168
2023-08-21 09:45:00+05:30,1273.5,1280.2,1271.7,1276.35,8139
2023-08-21 10:00:00+05:30,1277.45,1277.45,1273.8,1274.85,4336
2023-08-21 10:15:00+05:30,1274.7,1274.7,1269.55,1269.7,4405
2023-08-21 10:30:00+05:30,1269.7,1274.05,1267.5,1270.3,3422
2023-08-21 10:45:00+05:30,1270.3,1272.45,1267.7,1272.45,2509
2023-08-21 11:00:00+05:30,1272.45,1273.4,1267.0,1270.9,2655
2023-08-21 11:15:00+05:30,1270.0,1270.5,1267.8,1267.8,2459
2023-08-21 11:30:00+05:30,1267.8,1269.0,1267.0,1267.1,2236
2023-08-21 11:45:00+05:30,1267.8,1268.0,1265.3,1267.3,5486
2023-08-21 12:00:00+05:30,1267.3,1267.3,1248.65,1260.6,25844
2023-08-21 12:15:00+05:30,1260.65,1263.2,1257.0,1259.1,2846
2023-08-21 12:30:00+05:30,1259.55,1259.95,1256.4,1257.6,4176
2023-08-21 12:45:00+05:30,1257.6,1262.2,1257.6,1260.3,2462
2023-08-21 13:00:00+05:30,1260.3,1264.0,1260.1,1263.15,2955
2023-08-21 13:15:00+05:30,1264.15,1264.15,1260.4,1261.05,1887
2023-08-21 13:30:00+05:30,1261.05,1262.4,1260.8,1261.45,1327
2023-08-21 13:45:00+05:30,1261.45,1262.65,1260.1,1260.9,2760
2023-08-21 14:00:00+05:30,1260.9,1264.8,1260.8,1264.8,1762
2023-08-21 14:15:00+05:30,1264.8,1266.6,1263.2,1266.15,3241
2023-08-21 14:30:00+05:30,1266.1,1266.6,1261.1,1261.2,2397
2023-08-21 14:45:00+05:30,1262.1,1265.15,1261.2,1262.3,925
2023-08-21 15:00:00+05:30,1262.3,1264.4,1261.1,1263.15,2872
2023-08-21 15:15:00+05:30,1263.15,1264.0,1262.0,1263.3,7105
2023-08-21 15:30:00+05:30,1262.0,1263.55,1253.15,1256.65,14844
2023-08-22 09:30:00+05:30,1265.0,1265.0,1252.7,1262.3,12554
2023-08-22 09:45:00+05:30,1261.8,1265.4,1253.65,1255.85,16717
2023-08-22 10:00:00+05:30,1255.85,1272.9,1255.85,1266.0,9452
2023-08-22 10:15:00+05:30,1266.0,1266.95,1261.1,1263.65,3188
2023-08-22 10:30:00+05:30,1263.65,1265.1,1260.75,1261.0,4905
2023-08-22 10:45:00+05:30,1261.0,1261.0,1258.45,1259.5,3656
2023-08-22 11:00:00+05:30,1259.5,1260.0,1259.0,1260.0,4813
2023-08-22 11:15:00+05:30,1260.0,1260.0,1258.55,1259.95,1615
2023-08-22 11:30:00+05:30,1259.95,1260.0,1258.65,1260.0,3746
2023-08-22 11:45:00+05:30,1260.0,1262.9,1259.0,1260.5,3339
2023-08-22 12:00:00+05:30,1260.5,1260.5,1260.05,1260.5,755
2023-08-22 12:15:00+05:30,1260.5,1262.25,1259.05,1259.9,3588
2023-08-22 12:30:00+05:30,1259.9,1263.1,1259.9,1263.0,5729
2023-08-22 12:45:00+05:30,1263.0,1275.95,1261.45,1275.95,19516
2023-08-22 13:00:00+05:30,1275.95,1280.1,1273.7,1275.45,18571
2023-08-22 13:15:00+05:30,1275.45,1277.5,1267.05,1269.3,7363
2023-08-22 13:30:00+05:30,1269.3,1273.9,1269.05,1273.0,4542
2023-08-22 13:45:00+05:30,1273.0,1277.0,1272.05,1274.85,4324
2023-08-22 14:00:00+05:30,1274.85,1276.3,1271.05,1275.9,7704
2023-08-22 14:15:00+05:30,1275.9,1275.9,1247.0,1255.2,37564
2023-08-22 14:30:00+05:30,1255.2,1258.7,1252.6,1255.0,12769
2023-08-22 14:45:00+05:30,1255.0,1256.8,1249.0,1249.0,12322
2023-08-22 15:00:00+05:30,1249.95,1257.45,1249.95,1255.6,6560
2023-08-22 15:15:00+05:30,1256.5,1257.55,1254.0,1256.3,5244
2023-08-22 15:30:00+05:30,1255.0,1257.0,1250.2,1254.2,9453
2023-08-23 09:30:00+05:30,1245.0,1275.0,1235.0,1259.5,36725
2023-08-23 09:45:00+05:30,1259.5,1264.0,1252.25,1264.0,12566
2023-08-23 10:00:00+05:30,1264.95,1264.95,1240.15,1246.1,21825
2023-08-23 10:15:00+05:30,1246.1,1248.55,1245.0,1245.7,9134
2023-08-23 10:30:00+05:30,1245.7,1248.7,1242.65,1243.75,6879
2023-08-23 10:45:00+05:30,1243.75,1244.3,1236.0,1239.05,16239
2023-08-23 11:00:00+05:30,1239.05,1239.3,1225.0,1229.9,31685
2023-08-23 11:15:00+05:30,1229.95,1233.95,1228.25,1232.0,15603
2023-08-23 11:30:00+05:30,1232.0,1234.95,1229.0,1232.2,15325
2023-08-23 11:45:00+05:30,1232.2,1239.6,1231.15,1235.05,9268
2023-08-23 12:00:00+05:30,1237.0,1238.0,1235.0,1237.2,9240
2023-08-23 12:15:00+05:30,1237.2,1237.2,1233.0,1233.55,4327
2023-08-23 12:30:00+05:30,1233.55,1237.0,1231.95,1232.85,11151
2023-08-23 12:45:00+05:30,1233.7,1234.75,1226.9,1230.45,12854
2023-08-23 13:00:00+05:30,1230.45,1232.2,1229.1,1230.1,6526
2023-08-23 13:15:00+05:30,1230.1,1230.6,1229.0,1230.0,5046
2023-08-23 13:30:00+05:30,1230.0,1233.3,1229.5,1231.8,7444
2023-08-23 13:45:00+05:30,1231.35,1232.6,1230.75,1231.0,3738
2023-08-23 14:00:00+05:30,1231.0,1231.7,1228.05,1229.9,6060
2023-08-23 14:15:00+05:30,1229.9,1230.95,1226.0,1228.75,10637
2023-08-23 14:30:00+05:30,1228.75,1231.35,1227.1,1228.0,6483
2023-08-23 14:45:00+05:30,1227.0,1229.5,1225.75,1226.05,14795
2023-08-23 15:00:00+05:30,1226.2,1227.7,1218.0,1220.75,31110
2023-08-23 15:15:00+05:30,1220.75,1225.55,1220.05,1223.0,22313
2023-08-23 15:30:00+05:30,1223.75,1223.75,1214.45,1216.0,33539
2023-08-24 09:30:00+05:30,1220.05,1236.75,1216.05,1223.8,26388
2023-08-24 09:45:00+05:30,1224.1,1228.0,1220.15,1227.0,16537
2023-08-24 10:00:00+05:30,1226.05,1227.0,1220.2,1220.75,7372
2023-08-24 10:15:00+05:30,1220.85,1221.25,1211.55,1211.8,21572
2023-08-24 10:30:00+05:30,1212.0,1212.85,1203.55,1207.85,26012
2023-08-24 10:45:00+05:30,1208.6,1210.0,1205.45,1209.25,7807
2023-08-24 11:00:00+05:30,1209.25,1210.0,1206.7,1209.5,8207
2023-08-24 11:15:00+05:30,1209.2,1211.85,1208.0,1210.0,8586
2023-08-24 11:30:00+05:30,1209.35,1211.0,1207.0,1209.6,7553
2023-08-24 11:45:00+05:30,1210.25,1211.0,1208.3,1210.45,2952
2023-08-24 12:00:00+05:30,1210.45,1227.85,1208.65,1222.8,41162
2023-08-24 12:15:00+05:30,1222.8,1231.0,1222.25,1227.05,19225
2023-08-24 12:30:00+05:30,1227.05,1236.0,1222.05,1235.0,13810
2023-08-24 12:45:00+05:30,1235.6,1239.85,1228.35,1233.25,13201
2023-08-24 13:00:00+05:30,1233.9,1234.7,1225.5,1225.95,8048
2023-08-24 13:15:00+05:30,1225.95,1228.65,1223.75,1226.8,7812
2023-08-24 13:30:00+05:30,1227.9,1237.0,1226.25,1227.15,8114
2023-08-24 13:45:00+05:30,1227.15,1232.0,1226.0,1227.05,4768
2023-08-24 14:00:00+05:30,1227.55,1231.4,1226.2,1230.4,3869
2023-08-24 14:15:00+05:30,1230.45,1234.85,1230.0,1230.05,7434
2023-08-24 14:30:00+05:30,1230.6,1234.0,1230.3,1231.35,2812
2023-08-24 14:45:00+05:30,1231.35,1231.45,1228.05,1229.05,3002
2023-08-24 15:00:00+05:30,1229.05,1229.35,1224.4,1225.65,3990
2023-08-24 15:15:00+05:30,1226.3,1227.0,1223.05,1226.3,7312
2023-08-24 15:30:00+05:30,1225.35,1228.3,1218.0,1218.05,11386
2023-08-25 09:30:00+05:30,1227.0,1232.0,1223.1,1228.95,15832
2023-08-25 09:45:00+05:30,1227.6,1244.45,1224.0,1242.85,27379
2023-08-25 10:00:00+05:30,1242.9,1250.0,1241.0,1243.0,40470
2023-08-25 10:15:00+05:30,1243.3,1246.3,1242.05,1244.9,10292
2023-08-25 10:30:00+05:30,1244.7,1244.9,1240.0,1241.4,9475
2023-08-25 10:45:00+05:30,1240.45,1250.2,1240.05,1247.75,16414
2023-08-25 11:00:00+05:30,1247.75,1254.6,1246.05,1249.45,19210
2023-08-25 11:15:00+05:30,1250.0,1251.2,1248.45,1250.0,12355
2023-08-25 11:30:00+05:30,1250.0,1256.7,1250.0,1253.9,16497
2023-08-25 11:45:00+05:30,1253.15,1255.0,1251.5,1253.85,5465
2023-08-25 12:00:00+05:30,1253.85,1258.0,1253.0,1257.0,16243
2023-08-25 12:15:00+05:30,1257.0,1259.45,1255.35,1256.8,10721
2023-08-25 12:30:00+05:30,1256.8,1258.1,1255.75,1256.5,7619
2023-08-25 12:45:00+05:30,1256.5,1257.2,1256.0,1256.2,2979
2023-08-25 13:00:00+05:30,1256.2,1260.7,1256.2,1260.0,17711
2023-08-25 13:15:00+05:30,1258.9,1262.0,1257.9,1259.05,17455
2023-08-25 13:30:00+05:30,1258.85,1261.3,1244.85,1249.9,35202
2023-08-25 13:45:00+05:30,1249.9,1251.95,1248.05,1249.0,21025
2023-08-25 14:00:00+05:30,1249.0,1249.8,1241.05,1248.05,17597
2023-08-25 14:15:00+05:30,1248.05,1249.45,1246.45,1248.2,9203
2023-08-25 14:30:00+05:30,1248.2,1248.2,1245.5,1247.9,5796
2023-08-25 14:45:00+05:30,1247.05,1247.9,1240.35,1242.0,12505
2023-08-25 15:00:00+05:30,1241.4,1244.5,1241.4,1244.5,3930
2023-08-25 15:15:00+05:30,1245.6,1249.0,1243.25,1245.8,7646
2023-08-25 15:30:00+05:30,1244.95,1245.5,1240.0,1244.0,22052
2023-08-28 09:30:00+05:30,1255.0,1270.0,1248.8,1259.5,20317
2023-08-28 09:45:00+05:30,1258.1,1260.0,1251.2,1251.2,6187
2023-08-28 10:00:00+05:30,1251.2,1253.85,1247.6,1247.6,5114
2023-08-28 10:15:00+05:30,1248.0,1249.4,1242.0,1248.0,7542
2023-08-28 10:30:00+05:30,1248.0,1252.6,1248.0,1250.85,3528
2023-08-28 10:45:00+05:30,1250.85,1256.9,1249.95,1255.0,5883
2023-08-28 11:00:00+05:30,1256.0,1259.95,1253.8,1259.95,5266
2023-08-28 11:15:00+05:30,1259.65,1260.0,1255.0,1255.15,3563
2023-08-28 11:30:00+05:30,1255.15,1257.0,1255.0,1256.15,2209
2023-08-28 11:45:00+05:30,1257.0,1259.0,1255.0,1256.5,2175
2023-08-28 12:00:00+05:30,1256.5,1257.85,1255.0,1256.4,3860
2023-08-28 12:15:00+05:30,1256.4,1257.5,1255.0,1256.1,2741
2023-08-28 12:30:00+05:30,1256.1,1258.0,1255.5,1257.0,1873
2023-08-28 12:45:00+05:30,1256.9,1259.4,1255.0,1258.55,2865
2023-08-28 13:00:00+05:30,1258.55,1258.85,1255.85,1256.05,839
2023-08-28 13:15:00+05:30,1257.0,1260.0,1255.95,1259.1,4205
2023-08-28 13:30:00+05:30,1259.25,1260.0,1258.0,1259.0,1629
2023-08-28 13:45:00+05:30,1259.9,1260.0,1256.1,1256.1,3395
2023-08-28 14:00:00+05:30,1256.95,1260.0,1255.85,1259.1,3600
2023-08-28 14:15:00+05:30,1259.1,1262.0,1258.2,1260.0,3633
2023-08-28 14:30:00+05:30,1260.0,1264.0,1260.0,1262.95,4807
2023-08-28 14:45:00+05:30,1262.95,1262.95,1259.15,1259.75,7086
2023-08-28 15:00:00+05:30,1259.75,1262.75,1259.75,1261.15,2489
2023-08-28 15:15:00+05:30,1261.9,1261.9,1255.9,1260.0,6563
2023-08-28 15:30:00+05:30,1260.0,1260.0,1256.0,1256.2,8751
2023-08-29 09:30:00+05:30,1269.0,1269.0,1251.8,1252.45,7639
2023-08-29 09:45:00+05:30,1252.9,1260.6,1249.9,1256.05,8492
2023-08-29 10:00:00+05:30,1256.95,1257.35,1254.6,1255.15,1688
2023-08-29 10:15:00+05:30,1255.15,1255.15,1253.1,1253.55,1210
2023-08-29 10:30:00+05:30,1253.55,1262.0,1253.55,1261.4,6799
2023-08-29 10:45:00+05:30,1261.05,1261.05,1248.15,1253.0,12154
2023-08-29 11:00:00+05:30,1253.0,1260.0,1253.0,1255.2,24265
2023-08-29 11:15:00+05:30,1255.2,1257.25,1252.75,1256.05,1131
2023-08-29 11:30:00+05:30,1256.05,1259.9,1255.5,1258.5,2327
2023-08-29 11:45:00+05:30,1258.5,1259.6,1257.5,1259.6,4365
2023-08-29 12:00:00+05:30,1259.6,1259.95,1255.05,1255.05,3123
2023-08-29 12:15:00+05:30,1255.05,1256.0,1253.8,1254.5,976
2023-08-29 12:30:00+05:30,1255.8,1258.6,1254.9,1258.0,1237
2023-08-29 12:45:00+05:30,1258.0,1260.7,1257.35,1259.4,2485
2023-08-29 13:00:00+05:30,1259.4,1260.0,1258.25,1259.5,1026
2023-08-29 13:15:00+05:30,1259.5,1259.7,1255.85,1257.55,1291
2023-08-29 13:30:00+05:30,1257.55,1259.7,1256.4,1259.7,1116
2023-08-29 13:45:00+05:30,1259.7,1260.0,1258.05,1259.25,1712
2023-08-29 14:00:00+05:30,1259.25,1261.95,1256.0,1256.1,3042
2023-08-29 14:15:00+05:30,1256.6,1257.65,1250.1,1252.3,10286
2023-08-29 14:30:00+05:30,1252.3,1253.45,1250.4,1251.7,1549
2023-08-29 14:45:00+05:30,1252.0,1253.85,1252.0,1253.5,1479
2023-08-29 15:00:00+05:30,1253.5,1259.1,1252.4,1257.1,2310
2023-08-29 15:15:00+05:30,1257.5,1259.35,1253.35,1257.0,5896
2023-08-29 15:30:00+05:30,1257.7,1257.7,1242.0,1245.9,15526
2023-08-30 09:30:00+05:30,1263.85,1288.0,1263.8,1270.0,30487
2023-08-30 09:45:00+05:30,1270.0,1274.95,1270.0,1271.55,11281
2023-08-30 10:00:00+05:30,1271.55,1271.8,1262.05,1262.85,23506
2023-08-30 10:15:00+05:30,1262.85,1263.95,1255.85,1257.35,13706
2023-08-30 10:30:00+05:30,1257.35,1259.4,1256.0,1257.2,6350
2023-08-30 10:45:00+05:30,1256.65,1259.9,1256.0,1257.5,3337
2023-08-30 11:00:00+05:30,1257.15,1258.55,1256.0,1257.3,4307
2023-08-30 11:15:00+05:30,1257.3,1258.3,1256.1,1257.0,1488
2023-08-30 11:30:00+05:30,1257.0,1258.2,1256.0,1257.0,4792
2023-08-30 11:45:00+05:30,1257.0,1258.0,1256.0,1257.0,3677
2023-08-30 12:00:00+05:30,1257.0,1258.8,1257.0,1257.05,3562
2023-08-30 12:15:00+05:30,1257.05,1260.2,1257.0,1257.05,5305
2023-08-30 12:30:00+05:30,1257.05,1259.05,1257.05,1258.0,2560
2023-08-30 12:45:00+05:30,1258.2,1265.05,1257.6,1260.85,9074
2023-08-30 13:00:00+05:30,1260.7,1262.0,1257.25,1257.25,3464
2023-08-30 13:15:00+05:30,1258.45,1262.4,1257.05,1258.05,32081
2023-08-30 13:30:00+05:30,1257.7,1260.35,1257.0,1257.0,4887
2023-08-30 13:45:00+05:30,1257.0,1260.65,1256.5,1258.85,22816
2023-08-30 14:00:00+05:30,1258.85,1260.0,1258.25,1259.6,2321
2023-08-30 14:15:00+05:30,1259.0,1260.0,1256.3,1257.4,2628
2023-08-30 14:30:00+05:30,1257.9,1258.0,1256.0,1257.0,3617
2023-08-30 14:45:00+05:30,1257.0,1258.7,1256.0,1256.0,5466
2023-08-30 15:00:00+05:30,1256.0,1259.9,1255.75,1258.35,5095
2023-08-30 15:15:00+05:30,1257.45,1260.0,1254.0,1256.35,17929
2023-08-30 15:30:00+05:30,1256.35,1262.0,1254.0,1257.0,9949
2023-08-31 09:30:00+05:30,1265.0,1269.85,1235.05,1249.3,36559
2023-08-31 09:45:00+05:30,1249.3,1252.3,1246.65,1249.0,5421
2023-08-31 10:00:00+05:30,1249.0,1254.35,1241.8,1251.8,13022
2023-08-31 10:15:00+05:30,1251.15,1254.9,1250.0,1250.95,4119
2023-08-31 10:30:00+05:30,1250.95,1253.0,1249.7,1253.0,3154
2023-08-31 10:45:00+05:30,1253.0,1253.0,1249.55,1251.1,3129
2023-08-31 11:00:00+05:30,1251.1,1257.0,1251.1,1257.0,2840
2023-08-31 11:15:00+05:30,1257.0,1257.0,1255.9,1256.55,1672
2023-08-31 11:30:00+05:30,1256.55,1257.55,1255.25,1256.75,41757
2023-08-31 11:45:00+05:30,1256.75,1258.0,1256.05,1256.4,888
2023-08-31 12:00:00+05:30,1257.1,1258.85,1256.5,1258.85,2598
2023-08-31 12:15:00+05:30,1258.85,1266.8,1258.0,1261.2,6049
2023-08-31 12:30:00+05:30,1261.15,1263.15,1258.0,1259.45,2481
2023-08-31 12:45:00+05:30,1259.4,1260.5,1257.35,1260.5,4723
2023-08-31 13:00:00+05:30,1260.5,1264.6,1260.0,1264.25,3611
2023-08-31 13:15:00+05:30,1264.25,1264.25,1260.85,1261.85,1964
2023-08-31 13:30:00+05:30,1261.85,1262.4,1261.0,1262.35,1046
2023-08-31 13:45:00+05:30,1262.35,1263.0,1261.0,1263.0,2005
2023-08-31 14:00:00+05:30,1263.0,1263.0,1259.4,1261.0,2594
2023-08-31 14:15:00+05:30,1261.0,1261.0,1259.25,1260.05,2231
2023-08-31 14:30:00+05:30,1260.05,1261.0,1259.75,1260.15,1992
2023-08-31 14:45:00+05:30,1260.15,1260.85,1259.4,1260.5,5198
2023-08-31 15:00:00+05:30,1260.5,1260.7,1260.0,1260.1,1734
2023-08-31 15:15:00+05:30,1260.1,1265.0,1260.1,1262.2,9379
2023-08-31 15:30:00+05:30,1262.2,1265.0,1259.9,1265.0,16545
2023-09-01 09:30:00+05:30,1271.9,1274.3,1266.0,1268.45,9543
2023-09-01 09:45:00+05:30,1268.45,1269.0,1253.4,1255.95,12282
2023-09-01 10:00:00+05:30,1256.9,1257.5,1254.0,1255.65,4946
2023-09-01 10:15:00+05:30,1254.6,1257.95,1254.6,1256.7,2636
2023-09-01 10:30:00+05:30,1256.7,1260.7,1256.7,1257.2,3212
2023-09-01 10:45:00+05:30,1257.2,1259.0,1257.0,1258.0,1519
2023-09-01 11:00:00+05:30,1256.4,1258.9,1256.0,1256.55,2862
2023-09-01 11:15:00+05:30,1256.55,1257.3,1255.05,1257.3,1193
2023-09-01 11:30:00+05:30,1257.3,1257.4,1255.15,1256.1,1679
2023-09-01 11:45:00+05:30,1256.1,1257.35,1250.1,1252.3,5594
2023-09-01 12:00:00+05:30,1251.9,1252.9,1242.05,1250.35,12826
2023-09-01 12:15:00+05:30,1250.35,1254.6,1249.7,1251.55,6730
2023-09-01 12:30:00+05:30,1251.55,1252.05,1249.05,1250.9,1703
2023-09-01 12:45:00+05:30,1250.9,1251.35,1244.0,1245.65,6962
2023-09-01 13:00:00+05:30,1245.65,1246.0,1238.0,1244.85,10876
2023-09-01 13:15:00+05:30,1244.85,1245.75,1243.0,1243.4,2483
2023-09-01 13:30:00+05:30,1243.15,1245.6,1243.0,1245.45,1997
2023-09-01 13:45:00+05:30,1245.6,1245.6,1243.1,1244.2,2536
2023-09-01 14:00:00+05:30,1244.2,1246.65,1241.3,1242.75,5658
2023-09-01 14:15:00+05:30,1242.5,1245.95,1242.35,1245.95,4467
2023-09-01 14:30:00+05:30,1245.95,1246.45,1244.3,1245.75,1561
2023-09-01 14:45:00+05:30,1245.75,1250.0,1245.1,1249.45,15859
2023-09-01 15:00:00+05:30,1249.45,1253.35,1248.55,1252.9,13180
2023-09-01 15:15:00+05:30,1252.95,1255.05,1252.4,1253.45,7611
2023-09-01 15:30:00+05:30,1253.3,1266.3,1250.0,1260.0,25745
2023-09-04 09:30:00+05:30,1265.0,1265.0,1255.0,1261.1,7614
2023-09-04 09:45:00+05:30,1261.1,1263.4,1259.15,1261.5,2910
2023-09-04 10:00:00+05:30,1261.5,1264.5,1253.15,1257.0,8343
2023-09-04 10:15:00+05:30,1257.0,1257.2,1252.0,1255.95,24957
2023-09-04 10:30:00+05:30,1255.65,1256.0,1248.45,1254.95,13991
2023-09-04 10:45:00+05:30,1255.0,1255.0,1247.8,1247.95,6047
2023-09-04 11:00:00+05:30,1247.95,1249.95,1246.55,1248.45,5803
2023-09-04 11:15:00+05:30,1248.45,1248.45,1244.1,1247.45,6171
2023-09-04 11:30:00+05:30,1246.9,1249.9,1245.15,1249.4,3778
2023-09-04 11:45:00+05:30,1249.9,1255.05,1240.0,1251.0,69990
2023-09-04 12:00:00+05:30,1251.0,1255.0,1251.0,1255.0,2545
2023-09-04 12:15:00+05:30,1255.25,1255.25,1252.05,1253.45,2061
2023-09-04 12:30:00+05:30,1253.95,1254.9,1252.55,1254.85,2151
2023-09-04 12:45:00+05:30,1254.9,1255.0,1252.5,1253.4,3474
2023-09-04 13:00:00+05:30,1253.45,1255.0,1253.45,1255.0,1575
2023-09-04 13:15:00+05:30,1255.0,1255.0,1254.3,1255.0,1645
2023-09-04 13:30:00+05:30,1255.0,1255.0,1254.0,1255.0,2270
2023-09-04 13:45:00+05:30,1255.0,1255.0,1253.65,1255.0,3281
2023-09-04 14:00:00+05:30,1255.0,1255.0,1252.3,1255.0,3481
2023-09-04 14:15:00+05:30,1255.0,1255.0,1246.75,1248.8,2872
2023-09-04 14:30:00+05:30,1247.5,1248.95,1245.05,1246.75,2022
2023-09-04 14:45:00+05:30,1246.35,1250.9,1245.15,1250.7,1579
2023-09-04 15:00:00+05:30,1250.7,1251.95,1249.3,1249.4,2159
2023-09-04 15:15:00+05:30,1249.7,1252.0,1249.25,1251.5,3524
2023-09-04 15:30:00+05:30,1251.45,1251.5,1242.0,1244.0,12339
2023-09-05 09:30:00+05:30,1253.95,1257.2,1252.0,1254.85,4631
2023-09-05 09:45:00+05:30,1254.85,1260.0,1254.0,1259.0,11911
2023-09-05 10:00:00+05:30,1259.0,1260.3,1255.0,1256.9,11736
2023-09-05 10:15:00+05:30,1256.45,1256.45,1252.3,1253.0,7519
2023-09-05 10:30:00+05:30,1253.55,1253.95,1249.35,1250.25,6039
2023-09-05 10:45:00+05:30,1250.4,1252.7,1249.3,1250.0,2409
2023-09-05 11:00:00+05:30,1250.0,1252.0,1249.05,1251.4,13577
2023-09-05 11:15:00+05:30,1251.9,1251.95,1249.35,1250.0,6813
2023-09-05 11:30:00+05:30,1250.0,1251.0,1249.8,1250.95,1277
2023-09-05 11:45:00+05:30,1250.95,1250.95,1247.65,1249.55,4016
2023-09-05 12:00:00+05:30,1249.6,1250.15,1246.3,1247.8,2994
2023-09-05 12:15:00+05:30,1248.4,1249.0,1247.25,1248.75,2006
2023-09-05 12:30:00+05:30,1248.75,1249.0,1247.8,1248.0,1250
2023-09-05 12:45:00+05:30,1248.95,1249.0,1247.25,1248.4,1390
2023-09-05 13:00:00+05:30,1248.25,1248.45,1245.0,1248.25,2520
2023-09-05 13:15:00+05:30,1248.25,1248.85,1247.2,1247.7,1489
2023-09-05 13:30:00+05:30,1248.75,1248.75,1244.25,1244.25,4876
2023-09-05 13:45:00+05:30,1245.1,1246.75,1243.15,1246.65,4636
2023-09-05 14:00:00+05:30,1246.65,1257.95,1245.35,1252.25,48057
2023-09-05 14:15:00+05:30,1253.2,1254.0,1251.35,1252.7,5844
2023-09-05 14:30:00+05:30,1251.55,1252.9,1250.6,1252.0,2753
2023-09-05 14:45:00+05:30,1250.7,1252.95,1248.05,1249.5,4103
2023-09-05 15:00:00+05:30,1249.5,1250.0,1248.05,1249.95,2439
2023-09-05 15:15:00+05:30,1250.15,1254.0,1245.6,1253.0,30949
2023-09-05 15:30:00+05:30,1252.95,1254.0,1250.95,1253.0,10583
2023-09-06 09:30:00+05:30,1250.0,1259.0,1250.0,1258.45,8504
2023-09-06 09:45:00+05:30,1259.3,1265.5,1259.1,1260.05,11553
2023-09-06 10:00:00+05:30,1259.6,1265.0,1258.25,1264.0,8638
2023-09-06 10:15:00+05:30,1264.0,1277.75,1262.65,1274.35,29158
2023-09-06 10:30:00+05:30,1274.35,1275.35,1262.95,1265.6,20754
2023-09-06 10:45:00+05:30,1265.6,1274.0,1265.6,1273.45,13515
2023-09-06 11:00:00+05:30,1272.75,1274.25,1266.1,1267.15,9355
2023-09-06 11:15:00+05:30,1267.15,1305.0,1265.05,1296.0,109736
2023-09-06 11:30:00+05:30,1296.1,1300.55,1282.95,1291.0,37565
2023-09-06 11:45:00+05:30,1291.35,1295.6,1286.0,1287.9,10547
2023-09-06 12:00:00+05:30,1288.7,1294.25,1286.45,1291.0,12096
2023-09-06 12:15:00+05:30,1291.85,1297.0,1288.25,1293.0,16087
2023-09-06 12:30:00+05:30,1293.0,1294.4,1286.05,1288.75,12542
2023-09-06 12:45:00+05:30,1288.75,1289.95,1285.0,1287.8,7536
2023-09-06 13:00:00+05:30,1287.35,1288.5,1285.0,1286.5,8509
2023-09-06 13:15:00+05:30,1285.0,1287.9,1282.75,1283.7,7948
2023-09-06 13:30:00+05:30,1283.7,1287.15,1275.85,1277.65,9556
2023-09-06 13:45:00+05:30,1277.55,1285.25,1277.1,1281.5,10918
2023-09-06 14:00:00+05:30,1281.25,1288.7,1277.6,1284.95,10194
2023-09-06 14:15:00+05:30,1284.95,1285.8,1277.0,1278.05,8554
2023-09-06 14:30:00+05:30,1278.05,1286.0,1278.05,1283.5,7458
2023-09-06 14:45:00+05:30,1283.5,1293.0,1283.5,1291.95,10739
2023-09-06 15:00:00+05:30,1291.1,1294.4,1289.8,1292.35,20652
2023-09-06 15:15:00+05:30,1293.55,1295.9,1290.0,1294.0,17603
2023-09-06 15:30:00+05:30,1294.0,1295.4,1280.0,1285.65,21941
2023-09-07 09:30:00+05:30,1294.85,1303.15,1277.0,1279.95,30680
2023-09-07 09:45:00+05:30,1278.6,1282.5,1276.9,1279.8,12317
2023-09-07 10:00:00+05:30,1279.8,1283.75,1277.05,1278.25,9386
2023-09-07 10:15:00+05:30,1278.25,1281.25,1277.05,1281.25,3039
2023-09-07 10:30:00+05:30,1280.05,1282.85,1275.2,1276.8,8005
2023-09-07 10:45:00+05:30,1276.15,1281.95,1276.0,1278.05,3868
2023-09-07 11:00:00+05:30,1277.55,1280.2,1275.05,1279.85,4898
2023-09-07 11:15:00+05:30,1279.85,1280.15,1276.05,1278.55,2556
2023-09-07 11:30:00+05:30,1278.55,1279.6,1276.35,1277.0,1962
2023-09-07 11:45:00+05:30,1277.0,1280.15,1277.0,1278.35,1725
2023-09-07 12:00:00+05:30,1278.35,1281.95,1278.25,1279.85,2834
2023-09-07 12:15:00+05:30,1279.85,1281.2,1278.7,1280.0,1724
2023-09-07 12:30:00+05:30,1280.85,1281.3,1279.0,1281.0,2455
2023-09-07 12:45:00+05:30,1281.0,1282.0,1279.5,1280.0,2740
2023-09-07 13:00:00+05:30,1280.0,1282.0,1278.95,1281.0,4486
2023-09-07 13:15:00+05:30,1280.65,1282.0,1280.0,1282.0,36805
2023-09-07 13:30:00+05:30,1282.0,1282.0,1277.0,1278.1,4512
2023-09-07 13:45:00+05:30,1278.4,1278.4,1270.2,1272.55,15247
2023-09-07 14:00:00+05:30,1272.55,1275.8,1271.8,1272.0,7109
2023-09-07 14:15:00+05:30,1272.0,1274.8,1271.0,1273.7,4699
2023-09-07 14:30:00+05:30,1273.05,1274.85,1268.0,1270.35,8391
2023-09-07 14:45:00+05:30,1270.55,1273.25,1267.0,1271.9,4653
2023-09-07 15:00:00+05:30,1271.85,1274.15,1271.0,1271.95,2332
2023-09-07 15:15:00+05:30,1271.9,1277.7,1271.85,1277.4,8722
2023-09-07 15:30:00+05:30,1277.45,1277.5,1272.0,1272.0,11759
2023-09-08 09:30:00+05:30,1282.0,1282.0,1262.6,1269.5,16697
2023-09-08 09:45:00+05:30,1269.5,1269.95,1263.1,1266.95,7689
2023-09-08 10:00:00+05:30,1266.0,1266.0,1259.2,1262.55,13168
2023-09-08 10:15:00+05:30,1263.65,1264.5,1262.05,1264.0,1617
2023-09-08 10:30:00+05:30,1264.0,1264.5,1260.5,1262.1,6815
2023-09-08 10:45:00+05:30,1262.05,1263.2,1261.0,1263.0,3120
2023-09-08 11:00:00+05:30,1263.0,1263.5,1261.7,1262.05,1920
2023-09-08 11:15:00+05:30,1262.05,1263.9,1254.1,1255.95,11541
2023-09-08 11:30:00+05:30,1256.95,1257.55,1254.5,1255.0,7569
2023-09-08 11:45:00+05:30,1255.0,1255.65,1250.0,1252.15,13403
2023-09-08 12:00:00+05:30,1253.4,1253.7,1250.0,1251.55,9790
2023-09-08 12:15:00+05:30,1250.55,1252.1,1249.35,1249.9,13489
2023-09-08 12:30:00+05:30,1249.35,1250.8,1249.0,1250.0,7200
2023-09-08 12:45:00+05:30,1249.95,1251.65,1249.05,1250.0,6939
2023-09-08 13:00:00+05:30,1250.0,1253.65,1249.5,1252.5,8639
2023-09-08 13:15:00+05:30,1252.55,1257.0,1251.0,1251.0,12382
2023-09-08 13:30:00+05:30,1251.0,1256.0,1250.25,1252.95,7894
2023-09-08 13:45:00+05:30,1253.0,1255.85,1252.0,1254.05,4767
2023-09-08 14:00:00+05:30,1254.05,1256.0,1252.55,1254.0,4587
2023-09-08 14:15:00+05:30,1253.95,1256.0,1253.75,1254.0,4026
2023-09-08 14:30:00+05:30,1254.0,1255.4,1253.5,1255.0,4589
2023-09-08 14:45:00+05:30,1255.3,1256.0,1253.65,1254.9,3832
2023-09-08 15:00:00+05:30,1255.05,1257.45,1253.7,1256.0,8234
2023-09-08 15:15:00+05:30,1256.5,1259.45,1255.45,1256.0,9241
2023-09-08 15:30:00+05:30,1256.0,1256.95,1254.0,1255.0,14642
2023-09-11 09:30:00+05:30,1265.0,1267.8,1250.05,1255.7,17129
2023-09-11 09:45:00+05:30,1255.7,1256.5,1245.3,1246.25,18003
2023-09-11 10:00:00+05:30,1246.8,1249.3,1246.25,1248.05,4958
2023-09-11 10:15:00+05:30,1248.1,1250.0,1246.0,1249.0,5010
2023-09-11 10:30:00+05:30,1249.0,1251.0,1248.0,1249.05,3301
2023-09-11 10:45:00+05:30,1249.05,1250.0,1247.0,1248.9,3233
2023-09-11 11:00:00+05:30,1248.85,1251.0,1248.25,1251.0,3541
2023-09-11 11:15:00+05:30,1250.0,1251.9,1248.7,1251.9,2659
2023-09-11 11:30:00+05:30,1251.6,1252.0,1249.0,1249.95,3761
2023-09-11 11:45:00+05:30,1249.95,1250.5,1249.25,1249.25,1896
2023-09-11 12:00:00+05:30,1249.25,1250.0,1248.0,1248.95,2322
2023-09-11 12:15:00+05:30,1249.0,1249.85,1248.2,1248.75,1477
2023-09-11 12:30:00+05:30,1248.75,1251.0,1248.75,1250.4,1584
2023-09-11 12:45:00+05:30,1250.4,1250.6,1245.1,1246.45,7889
2023-09-11 13:00:00+05:30,1246.45,1247.55,1242.45,1245.45,9075
2023-09-11 13:15:00+05:30,1245.45,1247.95,1244.75,1247.1,2102
2023-09-11 13:30:00+05:30,1247.1,1254.0,1247.0,1249.0,8897
2023-09-11 13:45:00+05:30,1249.0,1249.0,1244.5,1244.9,7114
2023-09-11 14:00:00+05:30,1244.9,1246.45,1244.0,1244.85,6748
2023-09-11 14:15:00+05:30,1245.25,1245.95,1243.2,1245.6,5155
2023-09-11 14:30:00+05:30,1244.95,1245.85,1244.9,1245.0,3459
2023-09-11 14:45:00+05:30,1245.0,1245.7,1244.85,1244.85,2177
2023-09-11 15:00:00+05:30,1244.85,1247.85,1238.15,1240.0,36332
2023-09-11 15:15:00+05:30,1240.0,1240.0,1232.0,1234.0,25010
2023-09-11 15:30:00+05:30,1234.0,1237.15,1228.2,1234.1,31758
2023-09-12 09:30:00+05:30,1248.95,1248.95,1230.0,1230.6,32074
2023-09-12 09:45:00+05:30,1231.45,1231.45,1217.0,1217.0,20208
2023-09-12 10:00:00+05:30,1218.05,1218.05,1210.55,1214.3,22753
2023-09-12 10:15:00+05:30,1214.3,1220.0,1213.2,1216.8,12983
2023-09-12 10:30:00+05:30,1216.45,1218.0,1212.85,1214.65,5644
2023-09-12 10:45:00+05:30,1214.65,1215.0,1213.0,1214.65,3660
2023-09-12 11:00:00+05:30,1214.7,1215.0,1213.9,1214.65,7195
2023-09-12 11:15:00+05:30,1214.65,1214.95,1212.05,1213.0,5133
2023-09-12 11:30:00+05:30,1213.0,1213.45,1210.05,1212.5,7753
2023-09-12 11:45:00+05:30,1212.5,1213.45,1212.3,1212.7,1479
2023-09-12 12:00:00+05:30,1213.0,1214.05,1212.5,1212.9,1141
2023-09-12 12:15:00+05:30,1212.9,1213.45,1211.0,1212.3,2921
2023-09-12 12:30:00+05:30,1212.0,1212.75,1202.0,1203.5,15327
2023-09-12 12:45:00+05:30,1203.5,1207.05,1203.5,1204.8,3061
2023-09-12 13:00:00+05:30,1204.8,1206.85,1204.0,1206.3,1656
2023-09-12 13:15:00+05:30,1206.0,1209.0,1205.0,1208.05,2899
2023-09-12 13:30:00+05:30,1207.6,1208.95,1204.2,1206.75,9463
2023-09-12 13:45:00+05:30,1207.85,1219.5,1206.8,1215.95,16899
2023-09-12 14:00:00+05:30,1215.95,1220.75,1213.65,1217.25,12422
2023-09-12 14:15:00+05:30,1217.25,1217.5,1213.4,1216.9,6314
2023-09-12 14:30:00+05:30,1216.95,1232.5,1216.9,1224.1,34723
2023-09-12 14:45:00+05:30,1224.65,1227.0,1221.85,1223.0,7362
2023-09-12 15:00:00+05:30,1223.0,1223.75,1214.3,1219.5,13939
2023-09-12 15:15:00+05:30,1218.4,1219.2,1212.4,1213.3,8663
2023-09-12 15:30:00+05:30,1213.75,1218.0,1209.4,1216.0,19085
2023-09-13 09:30:00+05:30,1205.0,1227.25,1205.0,1219.35,11746
2023-09-13 09:45:00+05:30,1220.9,1221.65,1209.6,1211.1,6943
2023-09-13 10:00:00+05:30,1211.1,1218.1,1209.0,1209.0,6837
2023-09-13 10:15:00+05:30,1209.0,1211.25,1207.55,1209.9,3368
2023-09-13 10:30:00+05:30,1209.0,1212.7,1206.0,1210.0,2931
2023-09-13 10:45:00+05:30,1210.0,1212.15,1209.6,1211.45,1202
2023-09-13 11:00:00+05:30,1209.95,1212.15,1208.45,1211.7,960
2023-09-13 11:15:00+05:30,1211.7,1212.15,1210.55,1212.0,1879
2023-09-13 11:30:00+05:30,1212.0,1212.9,1210.55,1212.85,3165
2023-09-13 11:45:00+05:30,1212.0,1212.9,1212.0,1212.85,2341
2023-09-13 12:00:00+05:30,1212.85,1212.9,1210.95,1211.55,3096
2023-09-13 12:15:00+05:30,1211.55,1216.45,1211.2,1215.0,2234
2023-09-13 12:30:00+05:30,1215.0,1216.5,1211.15,1213.1,5101
2023-09-13 12:45:00+05:30,1213.1,1213.15,1207.0,1207.0,2268
2023-09-13 13:00:00+05:30,1207.0,1213.9,1207.0,1212.6,2088
2023-09-13 13:15:00+05:30,1211.95,1213.15,1210.05,1212.3,2387
2023-09-13 13:30:00+05:30,1212.3,1213.45,1210.0,1210.6,4256
2023-09-13 13:45:00+05:30,1211.6,1211.6,1200.1,1202.75,15175
2023-09-13 14:00:00+05:30,1202.7,1206.9,1202.7,1206.1,1634
2023-09-13 14:15:00+05:30,1206.7,1207.0,1203.3,1206.85,2514
2023-09-13 14:30:00+05:30,1208.0,1211.95,1207.8,1210.2,1731
2023-09-13 14:45:00+05:30,1210.2,1211.7,1209.05,1211.1,1801
2023-09-13 15:00:00+05:30,1211.1,1211.95,1208.5,1209.9,2770
2023-09-13 15:15:00+05:30,1209.95,1210.0,1208.35,1209.95,6505
2023-09-13 15:30:00+05:30,1210.0,1213.0,1209.6,1213.0,7895
2023-09-14 09:30:00+05:30,1224.0,1227.65,1213.45,1216.0,13415
2023-09-14 09:45:00+05:30,1215.25,1218.7,1214.1,1218.7,6986
2023-09-14 10:00:00+05:30,1218.85,1220.6,1215.45,1217.5,7631
2023-09-14 10:15:00+05:30,1217.5,1217.5,1213.0,1213.5,5259
2023-09-14 10:30:00+05:30,1214.25,1214.25,1211.65,1213.0,3966
2023-09-14 10:45:00+05:30,1213.0,1214.0,1212.0,1212.95,1590
2023-09-14 11:00:00+05:30,1212.95,1214.65,1211.05,1214.05,2479
2023-09-14 11:15:00+05:30,1215.0,1223.0,1212.9,1213.0,7422
2023-09-14 11:30:00+05:30,1213.0,1213.75,1211.0,1212.0,6026
2023-09-14 11:45:00+05:30,1212.0,1212.0,1207.55,1208.0,5640
2023-09-14 12:00:00+05:30,1208.0,1210.0,1208.0,1210.0,1761
2023-09-14 12:15:00+05:30,1210.0,1217.8,1209.8,1217.0,2838
2023-09-14 12:30:00+05:30,1217.0,1217.0,1209.7,1210.5,5348
2023-09-14 12:45:00+05:30,1210.5,1210.5,1207.1,1209.85,2752
2023-09-14 13:00:00+05:30,1209.95,1210.1,1209.0,1210.1,1309
2023-09-14 13:15:00+05:30,1210.1,1210.75,1210.0,1210.0,1656
2023-09-14 13:30:00+05:30,1210.5,1213.05,1209.0,1209.9,7054
2023-09-14 13:45:00+05:30,1210.0,1210.0,1209.0,1209.8,1922
2023-09-14 14:00:00+05:30,1209.8,1210.0,1206.9,1207.0,4796
2023-09-14 14:15:00+05:30,1207.0,1207.8,1204.45,1205.0,8754
2023-09-14 14:30:00+05:30,1205.0,1205.8,1204.2,1205.8,3064
2023-09-14 14:45:00+05:30,1206.5,1208.9,1205.0,1207.8,4643
2023-09-14 15:00:00+05:30,1207.8,1212.85,1204.75,1205.0,20309
2023-09-14 15:15:00+05:30,1205.0,1221.0,1205.0,1215.0,17998
2023-09-14 15:30:00+05:30,1215.15,1227.65,1211.6,1227.65,17133
2023-09-15 09:30:00+05:30,1227.0,1238.1,1220.05,1234.3,42349
2023-09-15 09:45:00+05:30,1234.3,1242.0,1233.0,1234.3,25218
2023-09-15 10:00:00+05:30,1234.3,1235.0,1230.85,1234.05,3920
2023-09-15 10:15:00+05:30,1234.05,1234.95,1222.1,1223.0,8309
2023-09-15 10:30:00+05:30,1223.0,1224.45,1218.0,1221.0,9132
2023-09-15 10:45:00+05:30,1221.0,1224.2,1219.0,1219.35,3322
2023-09-15 11:00:00+05:30,1219.35,1221.05,1218.1,1218.1,3727
2023-09-15 11:15:00+05:30,1218.15,1238.6,1218.15,1234.1,10743
2023-09-15 11:30:00+05:30,1234.1,1235.0,1231.35,1232.5,9181
2023-09-15 11:45:00+05:30,1232.5,1233.85,1228.85,1233.0,3574
2023-09-15 12:00:00+05:30,1234.0,1236.45,1232.75,1234.4,54086
2023-09-15 12:15:00+05:30,1235.0,1238.9,1234.0,1238.5,39397
2023-09-15 12:30:00+05:30,1238.5,1238.5,1235.35,1237.3,3824
2023-09-15 12:45:00+05:30,1237.25,1237.25,1235.05,1236.8,19471
2023-09-15 13:00:00+05:30,1235.95,1238.8,1235.95,1236.35,5084
2023-09-15 13:15:00+05:30,1237.0,1239.6,1236.2,1239.2,2322
2023-09-15 13:30:00+05:30,1239.25,1239.35,1235.05,1239.0,25998
2023-09-15 13:45:00+05:30,1239.3,1239.35,1235.0,1239.0,31749
2023-09-15 14:00:00+05:30,1239.0,1239.0,1235.55,1236.7,23421
2023-09-15 14:15:00+05:30,1236.7,1236.7,1233.0,1236.0,45556
2023-09-15 14:30:00+05:30,1236.0,1236.0,1234.05,1235.35,25940
2023-09-15 14:45:00+05:30,1235.3,1236.7,1235.0,1235.65,22985
2023-09-15 15:00:00+05:30,1235.7,1236.7,1235.0,1235.15,9621
2023-09-15 15:15:00+05:30,1235.85,1238.2,1234.35,1235.2,64192
2023-09-15 15:30:00+05:30,1235.05,1237.25,1200.2,1212.95,79752
2023-09-18 09:30:00+05:30,1225.0,1225.3,1218.0,1225.0,17288
2023-09-18 09:45:00+05:30,1225.0,1225.5,1216.0,1219.25,9699
2023-09-18 10:00:00+05:30,1219.7,1219.9,1218.1,1219.35,2700
2023-09-18 10:15:00+05:30,1218.75,1218.8,1216.2,1217.95,3588
2023-09-18 10:30:00+05:30,1217.95,1220.0,1217.05,1217.2,2884
2023-09-18 10:45:00+05:30,1217.2,1217.65,1211.1,1213.0,18725
2023-09-18 11:00:00+05:30,1213.0,1213.0,1210.6,1211.4,3644
2023-09-18 11:15:00+05:30,1211.5,1211.85,1209.6,1210.3,3864
2023-09-18 11:30:00+05:30,1210.5,1210.75,1208.5,1210.0,2454
2023-09-18 11:45:00+05:30,1210.0,1210.2,1204.0,1205.3,8428
2023-09-18 12:00:00+05:30,1205.3,1227.7,1205.3,1216.55,39574
2023-09-18 12:15:00+05:30,1217.0,1217.0,1209.0,1214.8,10065
2023-09-18 12:30:00+05:30,1215.8,1222.95,1213.9,1215.35,7107
2023-09-18 12:45:00+05:30,1215.35,1217.95,1214.0,1215.0,4289
2023-09-18 13:00:00+05:30,1215.0,1216.35,1212.55,1215.5,3746
2023-09-18 13:15:00+05:30,1215.25,1220.0,1215.25,1219.55,6920
2023-09-18 13:30:00+05:30,1219.55,1244.75,1218.45,1237.55,44082
2023-09-18 13:45:00+05:30,1237.55,1244.0,1235.2,1240.0,31064
2023-09-18 14:00:00+05:30,1240.0,1246.7,1228.55,1230.95,26058
2023-09-18 14:15:00+05:30,1231.0,1237.7,1230.25,1236.5,4978
2023-09-18 14:30:00+05:30,1236.7,1236.7,1233.0,1234.0,4066
2023-09-18 14:45:00+05:30,1233.2,1239.7,1233.2,1238.95,6644
2023-09-18 15:00:00+05:30,1237.6,1238.55,1235.4,1236.6,6100
2023-09-18 15:15:00+05:30,1236.65,1239.8,1234.85,1238.95,6887
2023-09-18 15:30:00+05:30,1238.2,1248.0,1238.0,1238.0,32490
2023-09-20 09:30:00+05:30,1239.05,1239.05,1224.45,1229.25,13423
2023-09-20 09:45:00+05:30,1229.25,1233.5,1213.55,1219.65,21913
2023-09-20 10:00:00+05:30,1219.0,1226.3,1219.0,1224.75,4214
2023-09-20 10:15:00+05:30,1224.95,1224.95,1217.65,1220.55,3179
2023-09-20 10:30:00+05:30,1220.55,1224.2,1220.55,1221.0,2545
2023-09-20 10:45:00+05:30,1221.0,1224.55,1220.95,1222.8,4319
2023-09-20 11:00:00+05:30,1222.25,1223.95,1220.0,1221.75,2477
2023-09-20 11:15:00+05:30,1221.75,1223.0,1220.5,1220.5,2488
2023-09-20 11:30:00+05:30,1220.5,1223.85,1220.1,1221.6,2411
2023-09-20 11:45:00+05:30,1221.6,1221.85,1216.65,1220.6,2645
2023-09-20 12:00:00+05:30,1220.35,1224.0,1219.3,1222.05,4261
2023-09-20 12:15:00+05:30,1221.5,1224.65,1209.1,1209.9,22694
2023-09-20 12:30:00+05:30,1209.9,1213.4,1204.25,1205.65,29331
2023-09-20 12:45:00+05:30,1205.65,1211.45,1204.95,1209.65,6642
2023-09-20 13:00:00+05:30,1209.85,1209.85,1206.0,1207.4,8915
2023-09-20 13:15:00+05:30,1207.4,1209.5,1206.7,1208.5,2643
2023-09-20 13:30:00+05:30,1207.8,1209.2,1193.05,1197.45,31309
2023-09-20 13:45:00+05:30,1197.45,1204.65,1196.3,1203.8,9205
2023-09-20 14:00:00+05:30,1204.25,1208.8,1203.15,1206.95,6756
2023-09-20 14:15:00+05:30,1206.95,1208.4,1206.05,1208.4,4980
2023-09-20 14:30:00+05:30,1208.4,1209.0,1205.0,1206.05,4359
2023-09-20 14:45:00+05:30,1206.05,1208.95,1201.0,1204.1,12275
2023-09-20 15:00:00+05:30,1204.1,1204.9,1201.7,1203.65,4323
2023-09-20 15:15:00+05:30,1203.65,1209.0,1203.1,1209.0,9301
2023-09-20 15:30:00+05:30,1209.0,1211.95,1206.05,1211.0,12197
2023-09-21 09:30:00+05:30,1200.0,1213.95,1203.1,1208.3,13063
2023-09-21 09:45:00+05:30,1208.3,1213.0,1205.2,1205.75,5202
2023-09-21 10:00:00+05:30,1205.75,1207.95,1196.35,1206.45,6364
2023-09-21 10:15:00+05:30,1206.45,1206.95,1201.6,1202.95,5838
2023-09-21 10:30:00+05:30,1202.95,1205.15,1202.25,1204.95,504
2023-09-21 10:45:00+05:30,1205.0,1205.1,1202.3,1203.75,1429
2023-09-21 11:00:00+05:30,1203.75,1205.0,1201.6,1204.6,1070
2023-09-21 11:15:00+05:30,1204.5,1205.45,1203.2,1204.15,954
2023-09-21 11:30:00+05:30,1204.15,1205.65,1203.5,1204.15,1026
2023-09-21 11:45:00+05:30,1204.15,1206.0,1204.1,1205.0,823
2023-09-21 12:00:00+05:30,1205.65,1205.65,1203.65,1205.45,671
2023-09-21 12:15:00+05:30,1205.45,1205.6,1198.5,1199.9,3624
2023-09-21 12:30:00+05:30,1199.9,1200.1,1198.0,1199.85,2098
2023-09-21 12:45:00+05:30,1199.85,1200.25,1198.0,1200.0,2222
2023-09-21 13:00:00+05:30,1200.0,1200.0,1198.3,1199.65,1216
2023-09-21 13:15:00+05:30,1199.6,1200.0,1198.0,1199.6,1435
2023-09-21 13:30:00+05:30,1199.6,1200.6,1198.2,1200.0,3193
2023-09-21 13:45:00+05:30,1200.0,1200.0,1199.0,1200.0,1175
2023-09-21 14:00:00+05:30,1200.0,1200.0,1199.0,1199.95,1956
2023-09-21 14:15:00+05:30,1199.35,1200.0,1197.55,1199.55,2304
2023-09-21 14:30:00+05:30,1199.0,1199.45,1191.0,1192.45,6702
2023-09-21 14:45:00+05:30,1192.45,1192.85,1186.75,1188.0,7131
2023-09-21 15:00:00+05:30,1188.0,1188.55,1178.5,1188.1,17266
2023-09-21 15:15:00+05:30,1188.45,1190.5,1187.0,1187.0,6034
2023-09-21 15:30:00+05:30,1187.0,1189.95,1180.0,1185.0,13653
2023-09-22 09:30:00+05:30,1195.0,1213.0,1166.35,1171.0,42072
2023-09-22 09:45:00+05:30,1170.1,1174.45,1163.15,1173.75,18294
2023-09-22 10:00:00+05:30,1173.75,1176.5,1165.0,1165.0,7905
2023-09-22 10:15:00+05:30,1165.0,1169.2,1162.0,1167.9,8688
2023-09-22 10:30:00+05:30,1167.9,1168.45,1157.95,1163.6,11611
2023-09-22 10:45:00+05:30,1164.35,1168.0,1163.6,1167.4,3854
2023-09-22 11:00:00+05:30,1167.4,1168.45,1165.3,1167.85,2796
2023-09-22 11:15:00+05:30,1167.65,1170.55,1165.85,1167.25,3782
2023-09-22 11:30:00+05:30,1167.25,1171.55,1165.5,1168.0,7363
2023-09-22 11:45:00+05:30,1168.0,1172.35,1167.05,1170.0,7673
2023-09-22 12:00:00+05:30,1170.0,1172.7,1166.3,1166.95,3760
2023-09-22 12:15:00+05:30,1167.9,1172.4,1167.1,1170.65,2486
2023-09-22 12:30:00+05:30,1170.0,1171.9,1169.05,1169.1,2357
2023-09-22 12:45:00+05:30,1170.05,1171.85,1169.0,1169.85,1854
2023-09-22 13:00:00+05:30,1169.85,1181.0,1169.85,1180.0,15987
2023-09-22 13:15:00+05:30,1179.8,1183.6,1179.55,1182.7,8710
2023-09-22 13:30:00+05:30,1182.7,1186.0,1181.0,1181.0,5093
2023-09-22 13:45:00+05:30,1181.0,1183.5,1180.0,1182.2,3535
2023-09-22 14:00:00+05:30,1182.2,1186.45,1182.15,1182.65,1637
2023-09-22 14:15:00+05:30,1182.9,1186.55,1182.9,1186.0,2185
2023-09-22 14:30:00+05:30,1186.0,1186.05,1182.0,1184.25,1801
2023-09-22 14:45:00+05:30,1184.4,1184.55,1182.0,1183.0,979
2023-09-22 15:00:00+05:30,1183.7,1183.8,1180.0,1181.1,6761
2023-09-22 15:15:00+05:30,1181.1,1188.45,1177.95,1183.7,11172
2023-09-22 15:30:00+05:30,1183.7,1185.4,1176.05,1184.9,13652
2023-09-25 09:30:00+05:30,1185.0,1191.75,1177.45,1181.35,21761
2023-09-25 09:45:00+05:30,1182.95,1186.95,1182.0,1184.1,5191
2023-09-25 10:00:00+05:30,1183.05,1188.45,1183.0,1185.05,3634
2023-09-25 10:15:00+05:30,1185.0,1186.2,1183.0,1183.0,2066
2023-09-25 10:30:00+05:30,1183.0,1188.85,1182.55,1185.7,5777
2023-09-25 10:45:00+05:30,1185.0,1188.6,1184.65,1188.1,1907
2023-09-25 11:00:00+05:30,1188.05,1190.15,1186.05,1188.5,7088
2023-09-25 11:15:00+05:30,1188.25,1188.25,1185.45,1187.0,1858
2023-09-25 11:30:00+05:30,1187.0,1187.0,1184.65,1185.9,2991
2023-09-25 11:45:00+05:30,1185.9,1185.95,1162.0,1168.2,14362
2023-09-25 12:00:00+05:30,1168.2,1176.0,1165.7,1171.15,4665
2023-09-25 12:15:00+05:30,1171.15,1174.4,1169.55,1172.15,4124
2023-09-25 12:30:00+05:30,1172.15,1173.95,1170.0,1170.85,3693
2023-09-25 12:45:00+05:30,1171.15,1172.55,1170.35,1171.85,2040
2023-09-25 13:00:00+05:30,1171.3,1173.3,1170.65,1171.7,1158
2023-09-25 13:15:00+05:30,1172.2,1172.95,1165.3,1168.9,5086
2023-09-25 13:30:00+05:30,1168.9,1172.25,1167.4,1168.45,2449
2023-09-25 13:45:00+05:30,1168.0,1169.5,1167.25,1169.45,3566
2023-09-25 14:00:00+05:30,1169.45,1170.95,1168.0,1168.75,2924
2023-09-25 14:15:00+05:30,1168.65,1169.85,1165.0,1166.1,4109
2023-09-25 14:30:00+05:30,1167.0,1168.8,1163.05,1164.0,2699
2023-09-25 14:45:00+05:30,1164.65,1165.0,1158.0,1160.2,12405
2023-09-25 15:00:00+05:30,1159.8,1161.3,1159.05,1160.95,4862
2023-09-25 15:15:00+05:30,1160.95,1162.5,1159.0,1160.4,11728
2023-09-25 15:30:00+05:30,1160.95,1160.95,1155.0,1159.9,17620
2023-09-26 09:30:00+05:30,1165.0,1174.0,1161.1,1171.3,8689
2023-09-26 09:45:00+05:30,1171.3,1171.3,1167.55,1168.9,3546
2023-09-26 10:00:00+05:30,1169.6,1178.75,1165.35,1167.0,7649
2023-09-26 10:15:00+05:30,1167.0,1171.15,1165.35,1166.15,3639
2023-09-26 10:30:00+05:30,1165.4,1168.95,1163.05,1165.0,3006
2023-09-26 10:45:00+05:30,1165.0,1171.15,1164.35,1171.15,4810
2023-09-26 11:00:00+05:30,1171.15,1175.25,1167.9,1168.55,4654
2023-09-26 11:15:00+05:30,1168.55,1172.9,1168.1,1172.9,1471
2023-09-26 11:30:00+05:30,1171.7,1173.45,1171.0,1171.85,1380
2023-09-26 11:45:00+05:30,1171.85,1175.65,1171.85,1175.6,3649
2023-09-26 12:00:00+05:30,1175.6,1177.9,1174.25,1175.2,4322
2023-09-26 12:15:00+05:30,1175.2,1177.85,1174.0,1177.4,8153
2023-09-26 12:30:00+05:30,1177.4,1178.55,1176.7,1177.0,3578
2023-09-26 12:45:00+05:30,1177.0,1178.0,1175.45,1177.85,4487
2023-09-26 13:00:00+05:30,1177.15,1178.4,1175.05,1178.15,5723
2023-09-26 13:15:00+05:30,1178.4,1182.0,1177.15,1177.45,15415
2023-09-26 13:30:00+05:30,1178.15,1178.4,1170.65,1172.35,5771
2023-09-26 13:45:00+05:30,1172.35,1173.6,1168.45,1170.2,4601
2023-09-26 14:00:00+05:30,1170.1,1174.0,1169.0,1171.05,5214
2023-09-26 14:15:00+05:30,1171.05,1173.05,1169.1,1169.6,3340
2023-09-26 14:30:00+05:30,1169.6,1170.0,1166.15,1168.4,4935
2023-09-26 14:45:00+05:30,1168.4,1173.3,1168.4,1173.3,2023
2023-09-26 15:00:00+05:30,1173.3,1173.65,1170.0,1171.75,2160
2023-09-26 15:15:00+05:30,1171.7,1172.25,1168.0,1168.1,3958
2023-09-26 15:30:00+05:30,1168.1,1177.0,1167.15,1170.3,10188
2023-09-27 09:30:00+05:30,1175.7,1175.7,1162.1,1172.05,9450
2023-09-27 09:45:00+05:30,1173.25,1176.0,1169.1,1174.9,3723
2023-09-27 10:00:00+05:30,1174.9,1179.25,1173.3,1178.95,9849
2023-09-27 10:15:00+05:30,1178.95,1178.95,1177.0,1177.65,3175
2023-09-27 10:30:00+05:30,1177.55,1179.7,1177.15,1178.65,3534
2023-09-27 10:45:00+05:30,1179.0,1181.65,1179.0,1180.5,6153
2023-09-27 11:00:00+05:30,1180.5,1180.8,1178.55,1180.3,2036
2023-09-27 11:15:00+05:30,1179.55,1182.9,1178.35,1182.25,2932
2023-09-27 11:30:00+05:30,1182.25,1186.9,1182.25,1183.9,5799
2023-09-27 11:45:00+05:30,1182.55,1186.9,1182.05,1186.9,3185
2023-09-27 12:00:00+05:30,1186.9,1189.95,1185.05,1187.45,6394
2023-09-27 12:15:00+05:30,1187.45,1190.6,1187.45,1188.05,6501
2023-09-27 12:30:00+05:30,1188.05,1191.0,1185.7,1187.0,4958
2023-09-27 12:45:00+05:30,1186.6,1195.0,1186.6,1193.75,36552
2023-09-27 13:00:00+05:30,1193.05,1194.75,1190.05,1192.8,4472
2023-09-27 13:15:00+05:30,1193.45,1198.0,1192.25,1196.6,5963
2023-09-27 13:30:00+05:30,1196.5,1198.65,1195.0,1196.55,2991
2023-09-27 13:45:00+05:30,1196.55,1201.6,1195.7,1201.6,5984
2023-09-27 14:00:00+05:30,1200.85,1202.8,1199.0,1199.75,8466
2023-09-27 14:15:00+05:30,1199.75,1207.45,1191.1,1192.3,20211
2023-09-27 14:30:00+05:30,1192.3,1199.05,1192.3,1197.65,5004
2023-09-27 14:45:00+05:30,1197.6,1197.8,1193.3,1195.15,3115
2023-09-27 15:00:00+05:30,1195.15,1196.95,1193.0,1196.95,3192
2023-09-27 15:15:00+05:30,1196.95,1200.25,1196.35,1197.3,8501
2023-09-27 15:30:00+05:30,1197.0,1200.9,1196.1,1200.0,9639
2023-09-28 09:30:00+05:30,1200.0,1218.0,1192.05,1195.5,10527
2023-09-28 09:45:00+05:30,1195.15,1207.1,1194.55,1205.0,8213
2023-09-28 10:00:00+05:30,1205.0,1209.9,1204.0,1205.9,4606
2023-09-28 10:15:00+05:30,1205.9,1210.0,1205.5,1206.5,4482
2023-09-28 10:30:00+05:30,1207.75,1207.8,1203.6,1206.45,2264
2023-09-28 10:45:00+05:30,1206.45,1207.8,1205.0,1206.65,1532
2023-09-28 11:00:00+05:30,1206.65,1207.0,1205.1,1205.8,1575
2023-09-28 11:15:00+05:30,1205.8,1205.8,1200.6,1202.15,4142
2023-09-28 11:30:00+05:30,1202.0,1203.35,1202.0,1202.8,1462
2023-09-28 11:45:00+05:30,1202.8,1204.4,1202.5,1203.95,1794
2023-09-28 12:00:00+05:30,1203.95,1207.25,1203.05,1204.35,1750
2023-09-28 12:15:00+05:30,1204.35,1208.0,1204.35,1207.8,1437
2023-09-28 12:30:00+05:30,1207.8,1208.9,1206.95,1207.6,1919
2023-09-28 12:45:00+05:30,1206.95,1211.55,1206.95,1207.65,6912
2023-09-28 13:00:00+05:30,1207.65,1207.65,1204.25,1206.1,2146
2023-09-28 13:15:00+05:30,1206.1,1206.1,1204.45,1205.8,1604
2023-09-28 13:30:00+05:30,1205.8,1207.6,1205.8,1207.25,1092
2023-09-28 13:45:00+05:30,1207.6,1208.05,1203.1,1204.2,5124
2023-09-28 14:00:00+05:30,1204.2,1208.5,1203.5,1206.2,5569
2023-09-28 14:15:00+05:30,1206.2,1206.2,1201.0,1201.1,24969
2023-09-28 14:30:00+05:30,1201.1,1202.45,1189.25,1191.15,11265
2023-09-28 14:45:00+05:30,1191.25,1192.95,1189.15,1191.0,8643
2023-09-28 15:00:00+05:30,1190.7,1190.95,1172.0,1178.15,15343
2023-09-28 15:15:00+05:30,1178.25,1178.8,1167.3,1175.1,41794
2023-09-28 15:30:00+05:30,1175.45,1191.0,1174.0,1178.6,16230
2023-09-29 09:30:00+05:30,1184.7,1192.0,1179.25,1182.55,7065
2023-09-29 09:45:00+05:30,1183.15,1183.15,1178.4,1180.0,1976
2023-09-29 10:00:00+05:30,1182.8,1184.8,1181.0,1181.2,1768
2023-09-29 10:15:00+05:30,1181.2,1186.9,1180.9,1182.55,6278
2023-09-29 10:30:00+05:30,1182.55,1183.25,1179.7,1182.45,1572
2023-09-29 10:45:00+05:30,1182.45,1198.7,1180.65,1198.7,6536
2023-09-29 11:00:00+05:30,1198.7,1198.8,1193.4,1197.5,7228
2023-09-29 11:15:00+05:30,1196.7,1202.95,1196.7,1200.4,9345
2023-09-29 11:30:00+05:30,1200.4,1203.55,1200.0,1202.25,2658
2023-09-29 11:45:00+05:30,1202.2,1206.7,1200.0,1201.0,16188
2023-09-29 12:00:00+05:30,1201.0,1202.2,1200.0,1201.0,2498
2023-09-29 12:15:00+05:30,1201.5,1204.65,1201.05,1202.55,2196
2023-09-29 12:30:00+05:30,1202.55,1204.65,1202.2,1204.5,2329
2023-09-29 12:45:00+05:30,1204.5,1204.9,1203.05,1204.8,2750
2023-09-29 13:00:00+05:30,1204.8,1204.95,1202.2,1204.95,3766
2023-09-29 13:15:00+05:30,1204.9,1207.3,1203.6,1207.0,1644
2023-09-29 13:30:00+05:30,1207.0,1210.0,1206.5,1208.4,5481
2023-09-29 13:45:00+05:30,1208.4,1209.0,1206.55,1207.15,3617
2023-09-29 14:00:00+05:30,1207.15,1209.0,1207.15,1207.3,2701
2023-09-29 14:15:00+05:30,1207.3,1209.0,1202.25,1202.25,5440
2023-09-29 14:30:00+05:30,1202.25,1203.8,1199.55,1201.0,4583
2023-09-29 14:45:00+05:30,1201.0,1204.75,1200.0,1204.75,1158
2023-09-29 15:00:00+05:30,1204.8,1205.0,1201.6,1205.0,1460
2023-09-29 15:15:00+05:30,1205.0,1206.95,1200.6,1204.65,8493
2023-09-29 15:30:00+05:30,1204.65,1206.0,1201.0,1206.0,11106
2023-10-03 09:30:00+05:30,1205.0,1208.45,1198.0,1201.55,6236
2023-10-03 09:45:00+05:30,1201.65,1214.75,1201.45,1213.25,11387
2023-10-03 10:00:00+05:30,1213.4,1213.95,1210.0,1211.55,7565
2023-10-03 10:15:00+05:30,1211.7,1212.0,1210.0,1211.3,2516
2023-10-03 10:30:00+05:30,1211.3,1213.8,1211.05,1212.45,4836
2023-10-03 10:45:00+05:30,1213.2,1216.15,1212.05,1212.9,7353
2023-10-03 11:00:00+05:30,1213.75,1213.75,1210.0,1212.5,8155
2023-10-03 11:15:00+05:30,1211.9,1213.0,1210.0,1210.95,7139
2023-10-03 11:30:00+05:30,1210.95,1211.45,1204.9,1207.1,3854
2023-10-03 11:45:00+05:30,1207.35,1207.5,1196.15,1198.55,5216
2023-10-03 12:00:00+05:30,1198.55,1199.05,1188.55,1196.25,7644
2023-10-03 12:15:00+05:30,1196.25,1196.45,1192.85,1195.0,4304
2023-10-03 12:30:00+05:30,1194.6,1201.95,1193.65,1201.95,5381
2023-10-03 12:45:00+05:30,1201.95,1211.65,1201.1,1207.55,17851
2023-10-03 13:00:00+05:30,1207.55,1211.4,1207.55,1210.05,2498
2023-10-03 13:15:00+05:30,1210.05,1211.9,1210.05,1210.55,2899
2023-10-03 13:30:00+05:30,1210.55,1211.8,1210.05,1211.8,740
2023-10-03 13:45:00+05:30,1211.8,1211.8,1210.0,1211.3,1565
2023-10-03 14:00:00+05:30,1211.3,1211.8,1210.0,1210.6,1225
2023-10-03 14:15:00+05:30,1210.6,1215.9,1207.0,1212.5,12908
2023-10-03 14:30:00+05:30,1212.0,1215.0,1211.0,1211.0,6559
2023-10-03 14:45:00+05:30,1211.0,1213.5,1210.85,1212.3,1080
2023-10-03 15:00:00+05:30,1212.3,1212.3,1205.1,1205.1,3126
2023-10-03 15:15:00+05:30,1205.55,1205.55,1196.35,1198.3,59366
2023-10-03 15:30:00+05:30,1197.6,1208.75,1197.6,1206.25,9760
2023-10-04 09:30:00+05:30,1204.3,1204.3,1192.3,1196.35,4410
2023-10-04 09:45:00+05:30,1196.2,1196.45,1191.15,1196.0,2909
2023-10-04 10:00:00+05:30,1196.0,1196.45,1193.0,1195.05,3776
2023-10-04 10:15:00+05:30,1195.05,1195.9,1195.0,1195.85,1357
2023-10-04 10:30:00+05:30,1195.05,1197.05,1193.8,1195.0,4094
2023-10-04 10:45:00+05:30,1195.0,1198.05,1195.0,1195.0,3871
2023-10-04 11:00:00+05:30,1195.0,1198.2,1195.0,1198.0,4143
2023-10-04 11:15:00+05:30,1198.0,1198.05,1198.0,1198.0,1942
2023-10-04 11:30:00+05:30,1198.0,1200.0,1195.05,1195.2,3456
2023-10-04 11:45:00+05:30,1196.0,1196.25,1195.0,1195.2,18638
2023-10-04 12:00:00+05:30,1195.2,1196.2,1187.8,1195.0,34244
2023-10-04 12:15:00+05:30,1195.0,1196.75,1182.05,1182.05,20737
2023-10-04 12:30:00+05:30,1183.15,1183.8,1176.2,1179.05,5222
2023-10-04 12:45:00+05:30,1178.8,1179.65,1173.0,1177.3,3661
2023-10-04 13:00:00+05:30,1177.0,1179.25,1176.25,1176.3,2940
2023-10-04 13:15:00+05:30,1176.3,1176.75,1167.0,1172.05,7236
2023-10-04 13:30:00+05:30,1172.95,1176.45,1170.75,1175.0,24567
2023-10-04 13:45:00+05:30,1175.35,1176.2,1173.0,1174.6,2214
2023-10-04 14:00:00+05:30,1174.6,1177.85,1173.6,1174.7,3385
2023-10-04 14:15:00+05:30,1174.6,1175.7,1174.0,1174.8,1109
2023-10-04 14:30:00+05:30,1174.8,1175.6,1173.5,1173.5,1933
2023-10-04 14:45:00+05:30,1173.75,1181.35,1173.55,1180.1,6828
2023-10-04 15:00:00+05:30,1180.9,1182.4,1179.85,1180.0,2572
2023-10-04 15:15:00+05:30,1180.0,1193.65,1180.0,1192.65,22002
2023-10-04 15:30:00+05:30,1192.65,1198.8,1190.0,1194.9,31287
2023-10-05 09:30:00+05:30,1187.15,1198.05,1187.15,1192.3,5572
2023-10-05 09:45:00+05:30,1192.3,1202.2,1192.05,1192.4,9346
2023-10-05 10:00:00+05:30,1193.2,1196.75,1191.0,1195.5,3704
2023-10-05 10:15:00+05:30,1195.5,1197.25,1194.1,1196.15,1471
2023-10-05 10:30:00+05:30,1196.15,1197.05,1195.0,1196.9,610
2023-10-05 10:45:00+05:30,1196.0,1196.95,1196.0,1196.0,484
2023-10-05 11:00:00+05:30,1196.0,1196.9,1193.85,1195.05,1762
2023-10-05 11:15:00+05:30,1195.85,1197.95,1195.0,1196.65,1397
2023-10-05 11:30:00+05:30,1196.65,1196.9,1195.0,1195.1,1062
2023-10-05 11:45:00+05:30,1195.1,1197.25,1195.1,1196.7,178
2023-10-05 12:00:00+05:30,1196.7,1197.5,1195.3,1195.8,1191
2023-10-05 12:15:00+05:30,1195.8,1197.5,1195.8,1197.2,286
2023-10-05 12:30:00+05:30,1197.2,1199.15,1196.6,1199.15,1363
2023-10-05 12:45:00+05:30,1199.15,1209.85,1198.5,1205.55,10256
2023-10-05 13:00:00+05:30,1205.55,1207.5,1204.05,1207.5,6158
2023-10-05 13:15:00+05:30,1207.55,1208.5,1205.05,1206.0,3399
2023-10-05 13:30:00+05:30,1206.0,1207.0,1205.05,1205.2,2233
2023-10-05 13:45:00+05:30,1205.2,1206.5,1205.2,1205.7,1931
2023-10-05 14:00:00+05:30,1205.7,1206.4,1205.0,1205.0,3766
2023-10-05 14:15:00+05:30,1205.0,1206.85,1204.8,1206.4,2132
2023-10-05 14:30:00+05:30,1206.4,1207.35,1205.0,1207.35,1770
2023-10-05 14:45:00+05:30,1207.35,1207.85,1205.0,1205.8,2025
2023-10-05 15:00:00+05:30,1205.0,1205.85,1204.1,1204.1,2249
2023-10-05 15:15:00+05:30,1204.85,1206.95,1204.1,1205.3,6688
2023-10-05 15:30:00+05:30,1206.85,1207.85,1204.25,1207.8,9112
2023-10-06 09:30:00+05:30,1207.05,1209.5,1195.05,1205.0,7903
2023-10-06 09:45:00+05:30,1205.85,1206.55,1204.1,1205.2,5427
2023-10-06 10:00:00+05:30,1206.2,1214.45,1205.2,1208.65,9712
2023-10-06 10:15:00+05:30,1210.0,1218.95,1209.0,1216.5,98028
2023-10-06 10:30:00+05:30,1216.5,1223.35,1216.5,1219.1,10164
2023-10-06 10:45:00+05:30,1219.1,1219.5,1217.0,1217.0,1488
2023-10-06 11:00:00+05:30,1217.0,1223.7,1216.7,1222.0,4941
2023-10-06 11:15:00+05:30,1222.0,1222.65,1217.75,1219.15,3186
2023-10-06 11:30:00+05:30,1219.15,1219.15,1215.95,1217.85,2131
2023-10-06 11:45:00+05:30,1217.85,1218.45,1216.05,1216.5,721
2023-10-06 12:00:00+05:30,1216.5,1218.5,1216.0,1216.0,939
2023-10-06 12:15:00+05:30,1216.75,1216.8,1196.3,1202.0,99482
2023-10-06 12:30:00+05:30,1202.0,1206.95,1196.8,1203.95,24086
2023-10-06 12:45:00+05:30,1203.95,1208.95,1203.35,1207.55,10209
2023-10-06 13:00:00+05:30,1207.55,1208.9,1207.1,1208.25,5417
2023-10-06 13:15:00+05:30,1208.25,1211.6,1205.0,1211.0,8800
2023-10-06 13:30:00+05:30,1211.6,1211.6,1210.0,1210.95,13923
2023-10-06 13:45:00+05:30,1210.95,1211.95,1210.0,1210.0,5708
2023-10-06 14:00:00+05:30,1210.0,1217.0,1210.0,1217.0,6961
2023-10-06 14:15:00+05:30,1217.25,1218.4,1209.7,1212.35,7176
2023-10-06 14:30:00+05:30,1212.35,1217.0,1210.1,1215.0,4591
2023-10-06 14:45:00+05:30,1215.0,1222.0,1214.3,1221.25,8581
2023-10-06 15:00:00+05:30,1220.55,1221.9,1220.0,1220.75,7250
2023-10-06 15:15:00+05:30,1220.55,1221.0,1218.05,1220.0,15816
2023-10-06 15:30:00+05:30,1219.35,1221.9,1218.85,1220.25,14263
2023-10-09 09:30:00+05:30,1220.15,1238.5,1220.15,1238.25,60993
2023-10-09 09:45:00+05:30,1236.2,1243.95,1235.0,1240.0,48334
2023-10-09 10:00:00+05:30,1240.7,1244.0,1238.9,1241.8,23201
2023-10-09 10:15:00+05:30,1240.3,1242.55,1239.0,1239.25,10729
2023-10-09 10:30:00+05:30,1240.0,1242.05,1239.0,1239.75,10346
2023-10-09 10:45:00+05:30,1239.75,1241.75,1228.15,1229.35,14769
2023-10-09 11:00:00+05:30,1229.3,1232.2,1221.2,1231.55,12019
2023-10-09 11:15:00+05:30,1231.55,1231.75,1227.0,1228.75,4586
2023-10-09 11:30:00+05:30,1228.75,1231.35,1228.75,1230.65,5171
2023-10-09 11:45:00+05:30,1230.65,1234.75,1229.9,1232.45,5728
2023-10-09 12:00:00+05:30,1232.45,1233.25,1228.75,1230.1,2007
2023-10-09 12:15:00+05:30,1230.1,1231.45,1229.4,1230.6,1723
2023-10-09 12:30:00+05:30,1229.5,1232.65,1229.05,1231.4,1655
2023-10-09 12:45:00+05:30,1231.9,1237.5,1231.4,1233.0,7091
2023-10-09 13:00:00+05:30,1233.0,1234.7,1230.0,1232.35,4602
2023-10-09 13:15:00+05:30,1232.35,1233.5,1230.65,1230.95,1910
2023-10-09 13:30:00+05:30,1230.95,1234.5,1230.3,1232.95,1659
2023-10-09 13:45:00+05:30,1232.95,1236.0,1232.5,1234.65,4715
2023-10-09 14:00:00+05:30,1234.65,1237.45,1232.15,1237.45,8577
2023-10-09 14:15:00+05:30,1236.35,1237.75,1228.15,1229.0,25353
2023-10-09 14:30:00+05:30,1229.0,1230.0,1222.25,1229.65,6933
2023-10-09 14:45:00+05:30,1229.0,1229.85,1224.1,1226.2,3196
2023-10-09 15:00:00+05:30,1225.35,1225.35,1214.5,1219.3,18929
2023-10-09 15:15:00+05:30,1219.85,1224.7,1215.6,1222.05,8790
2023-10-09 15:30:00+05:30,1220.05,1221.9,1209.05,1212.0,16436
2023-10-10 09:30:00+05:30,1224.0,1229.7,1223.3,1225.95,7769
2023-10-10 09:45:00+05:30,1225.1,1231.45,1225.05,1230.0,9991
2023-10-10 10:00:00+05:30,1230.0,1231.0,1228.0,1229.8,3313
2023-10-10 10:15:00+05:30,1229.8,1229.8,1226.6,1227.0,2288
2023-10-10 10:30:00+05:30,1227.0,1229.9,1225.95,1228.95,2289
2023-10-10 10:45:00+05:30,1228.9,1229.9,1228.9,1228.95,1017
2023-10-10 11:00:00+05:30,1228.95,1229.85,1216.0,1218.1,7651
2023-10-10 11:15:00+05:30,1218.8,1220.0,1214.85,1219.35,4176
2023-10-10 11:30:00+05:30,1219.35,1219.85,1216.05,1218.5,5341
2023-10-10 11:45:00+05:30,1218.5,1219.1,1216.7,1216.7,390
2023-10-10 12:00:00+05:30,1216.7,1217.8,1215.0,1216.0,999
2023-10-10 12:15:00+05:30,1216.0,1220.0,1215.75,1219.95,4494
2023-10-10 12:30:00+05:30,1219.95,1220.0,1217.65,1218.4,4190
2023-10-10 12:45:00+05:30,1218.4,1220.0,1218.1,1220.0,4840
2023-10-10 13:00:00+05:30,1220.0,1220.0,1218.6,1218.6,2949
2023-10-10 13:15:00+05:30,1218.6,1220.0,1218.5,1219.7,1640
2023-10-10 13:30:00+05:30,1218.8,1220.0,1218.55,1220.0,2492
2023-10-10 13:45:00+05:30,1220.0,1220.0,1218.7,1218.8,2619
2023-10-10 14:00:00+05:30,1219.85,1219.95,1218.05,1218.05,6462
2023-10-10 14:15:00+05:30,1218.05,1219.75,1218.05,1218.65,1641
2023-10-10 14:30:00+05:30,1218.65,1219.95,1216.6,1219.9,2974
2023-10-10 14:45:00+05:30,1219.9,1220.0,1215.05,1216.05,3642
2023-10-10 15:00:00+05:30,1216.05,1219.5,1215.45,1219.0,3426
2023-10-10 15:15:00+05:30,1219.0,1219.0,1213.05,1214.0,8336
2023-10-10 15:30:00+05:30,1214.25,1214.25,1210.0,1213.0,10590
2023-10-11 09:30:00+05:30,1220.95,1239.8,1220.7,1237.1,19166
2023-10-11 09:45:00+05:30,1239.8,1247.9,1238.0,1243.6,32796
2023-10-11 10:00:00+05:30,1243.6,1248.95,1242.5,1245.8,22104
2023-10-11 10:15:00+05:30,1246.4,1253.6,1245.0,1250.65,41280
2023-10-11 10:30:00+05:30,1251.75,1256.6,1250.0,1253.0,24303
2023-10-11 10:45:00+05:30,1253.5,1254.0,1247.3,1247.3,29859
2023-10-11 11:00:00+05:30,1247.3,1247.95,1241.15,1243.55,10201
2023-10-11 11:15:00+05:30,1243.55,1247.0,1242.65,1246.8,6134
2023-10-11 11:30:00+05:30,1247.0,1247.0,1237.25,1239.0,12363
2023-10-11 11:45:00+05:30,1239.0,1239.95,1234.3,1236.3,10932
2023-10-11 12:00:00+05:30,1235.15,1237.6,1235.15,1236.45,4575
2023-10-11 12:15:00+05:30,1236.4,1239.2,1236.4,1238.7,5331
2023-10-11 12:30:00+05:30,1238.15,1239.9,1235.7,1236.5,15616
2023-10-11 12:45:00+05:30,1236.5,1236.5,1230.55,1231.5,4917
2023-10-11 13:00:00+05:30,1231.5,1232.95,1229.25,1230.1,2456
2023-10-11 13:15:00+05:30,1230.1,1230.1,1224.25,1229.5,6943
2023-10-11 13:30:00+05:30,1229.5,1229.5,1227.1,1228.25,2060
2023-10-11 13:45:00+05:30,1228.25,1228.25,1225.3,1225.35,1707
2023-10-11 14:00:00+05:30,1225.35,1227.45,1224.25,1224.5,2528
2023-10-11 14:15:00+05:30,1226.25,1227.55,1222.0,1222.0,4166
2023-10-11 14:30:00+05:30,1222.0,1226.45,1222.0,1225.5,2484
2023-10-11 14:45:00+05:30,1225.45,1226.95,1223.0,1226.95,2572
2023-10-11 15:00:00+05:30,1226.95,1227.5,1225.0,1226.25,1849
2023-10-11 15:15:00+05:30,1226.95,1227.8,1225.0,1225.0,7943
2023-10-11 15:30:00+05:30,1225.0,1228.0,1224.5,1228.0,13260
2023-10-12 09:30:00+05:30,1231.55,1242.3,1231.0,1233.15,8788
2023-10-12 09:45:00+05:30,1233.1,1236.0,1228.95,1236.0,2301
2023-10-12 10:00:00+05:30,1236.0,1236.15,1232.9,1234.8,5471
2023-10-12 10:15:00+05:30,1234.8,1237.0,1233.8,1236.0,2613
2023-10-12 10:30:00+05:30,1237.45,1239.4,1236.65,1237.65,3807
2023-10-12 10:45:00+05:30,1237.65,1238.5,1235.4,1236.6,4321
2023-10-12 11:00:00+05:30,1236.9,1242.0,1236.75,1242.0,5660
2023-10-12 11:15:00+05:30,1240.45,1245.9,1238.95,1244.05,14293
2023-10-12 11:30:00+05:30,1244.75,1244.75,1228.0,1235.75,45171
2023-10-12 11:45:00+05:30,1235.0,1240.0,1235.0,1237.45,7240
2023-10-12 12:00:00+05:30,1237.45,1240.45,1236.85,1237.2,1940
2023-10-12 12:15:00+05:30,1238.0,1238.6,1237.15,1237.55,1110
2023-10-12 12:30:00+05:30,1237.55,1240.0,1237.5,1239.25,1656
2023-10-12 12:45:00+05:30,1239.25,1243.0,1237.5,1237.95,3262
2023-10-12 13:00:00+05:30,1237.95,1244.8,1237.95,1244.35,2227
2023-10-12 13:15:00+05:30,1243.35,1252.6,1243.35,1251.6,18758
2023-10-12 13:30:00+05:30,1251.6,1255.9,1250.2,1255.6,17258
2023-10-12 13:45:00+05:30,1255.4,1256.8,1254.9,1256.4,9137
2023-10-12 14:00:00+05:30,1256.0,1262.9,1255.55,1255.6,34141
2023-10-12 14:15:00+05:30,1255.6,1257.4,1248.9,1250.75,16518
2023-10-12 14:30:00+05:30,1251.85,1255.0,1250.9,1255.0,4467
2023-10-12 14:45:00+05:30,1254.2,1254.35,1250.4,1251.7,3901
2023-10-12 15:00:00+05:30,1251.7,1253.25,1251.0,1251.3,4408
2023-10-12 15:15:00+05:30,1252.0,1259.15,1252.0,1258.9,14640
2023-10-12 15:30:00+05:30,1258.1,1262.2,1251.15,1258.35,24094
2023-10-13 09:30:00+05:30,1255.95,1255.95,1249.0,1251.75,9534
2023-10-13 09:45:00+05:30,1251.75,1255.0,1248.05,1254.5,5186
2023-10-13 10:00:00+05:30,1254.5,1265.3,1253.3,1264.95,31513
2023-10-13 10:15:00+05:30,1263.45,1265.0,1255.05,1256.4,5996
2023-10-13 10:30:00+05:30,1256.4,1260.95,1254.05,1255.0,4786
2023-10-13 10:45:00+05:30,1255.0,1262.7,1253.55,1258.0,3535
2023-10-13 11:00:00+05:30,1258.0,1259.4,1254.05,1255.1,1709
2023-10-13 11:15:00+05:30,1256.45,1259.95,1256.45,1257.55,2695
2023-10-13 11:30:00+05:30,1257.55,1259.95,1257.1,1257.1,2274
2023-10-13 11:45:00+05:30,1257.1,1259.0,1256.0,1256.4,1981
2023-10-13 12:00:00+05:30,1256.4,1257.1,1255.5,1256.9,1809
2023-10-13 12:15:00+05:30,1256.9,1256.9,1255.05,1255.05,576
2023-10-13 12:30:00+05:30,1255.05,1257.4,1253.1,1254.2,2776
2023-10-13 12:45:00+05:30,1255.0,1256.7,1254.0,1256.25,972
2023-10-13 13:00:00+05:30,1256.6,1256.6,1255.0,1256.3,858
2023-10-13 13:15:00+05:30,1256.3,1260.0,1256.3,1259.55,1345
2023-10-13 13:30:00+05:30,1259.55,1259.55,1256.4,1258.0,1456
2023-10-13 13:45:00+05:30,1256.55,1258.2,1256.0,1256.55,1215
2023-10-13 14:00:00+05:30,1256.55,1258.0,1256.0,1257.3,1449
2023-10-13 14:15:00+05:30,1257.3,1257.65,1255.0,1255.55,2527
2023-10-13 14:30:00+05:30,1255.55,1259.35,1255.0,1255.8,2836
2023-10-13 14:45:00+05:30,1255.95,1256.75,1254.05,1254.9,3405
2023-10-13 15:00:00+05:30,1254.9,1254.9,1252.0,1253.9,2952
2023-10-13 15:15:00+05:30,1253.9,1259.0,1253.2,1253.25,6568
2023-10-13 15:30:00+05:30,1253.2,1255.4,1248.25,1250.1,6481
2023-10-16 09:30:00+05:30,1255.05,1266.9,1255.05,1264.1,11910
2023-10-16 09:45:00+05:30,1264.2,1266.85,1263.0,1266.45,10401
2023-10-16 10:00:00+05:30,1266.45,1266.75,1256.95,1259.0,10433
2023-10-16 10:15:00+05:30,1259.0,1260.75,1258.55,1259.3,4178
2023-10-16 10:30:00+05:30,1259.0,1261.15,1258.0,1260.7,4746
2023-10-16 10:45:00+05:30,1260.35,1263.0,1259.45,1262.5,3401
2023-10-16 11:00:00+05:30,1262.7,1263.45,1259.0,1260.1,3229
2023-10-16 11:15:00+05:30,1260.1,1261.9,1259.0,1259.45,5250
2023-10-16 11:30:00+05:30,1259.45,1261.0,1258.1,1258.6,206795
2023-10-16 11:45:00+05:30,1258.6,1260.0,1258.3,1259.95,6377
2023-10-16 12:00:00+05:30,1259.95,1260.0,1258.2,1259.05,2765
2023-10-16 12:15:00+05:30,1259.05,1260.0,1258.0,1259.95,2907
2023-10-16 12:30:00+05:30,1259.95,1260.0,1258.6,1260.0,3856
2023-10-16 12:45:00+05:30,1260.0,1260.0,1256.05,1256.2,2262
2023-10-16 13:00:00+05:30,1256.0,1257.45,1256.0,1257.1,1210
2023-10-16 13:15:00+05:30,1257.45,1260.0,1256.0,1256.0,1774
2023-10-16 13:30:00+05:30,1256.5,1256.55,1247.2,1254.4,5143
2023-10-16 13:45:00+05:30,1254.4,1254.4,1252.9,1253.0,612
2023-10-16 14:00:00+05:30,1253.0,1253.95,1252.05,1253.0,1178
2023-10-16 14:15:00+05:30,1253.0,1256.0,1252.0,1255.6,3919
2023-10-16 14:30:00+05:30,1255.3,1255.3,1253.3,1253.9,2859
2023-10-16 14:45:00+05:30,1253.9,1258.0,1253.9,1256.6,4275
2023-10-16 15:00:00+05:30,1256.6,1256.8,1253.9,1254.6,2206
2023-10-16 15:15:00+05:30,1255.0,1256.95,1253.9,1254.55,6033
2023-10-16 15:30:00+05:30,1254.55,1258.7,1243.55,1253.9,14440
2023-10-17 09:30:00+05:30,1259.0,1262.4,1253.05,1257.0,6452
2023-10-17 09:45:00+05:30,1257.0,1257.0,1254.15,1256.4,2770
2023-10-17 10:00:00+05:30,1256.4,1257.25,1254.0,1254.0,4615
2023-10-17 10:15:00+05:30,1254.0,1254.95,1249.1,1249.95,4479
2023-10-17 10:30:00+05:30,1249.95,1255.0,1249.95,1251.5,1927
2023-10-17 10:45:00+05:30,1251.5,1255.0,1251.3,1254.5,1227
2023-10-17 11:00:00+05:30,1254.5,1256.75,1253.25,1255.55,3600
2023-10-17 11:15:00+05:30,1255.55,1260.65,1255.05,1258.55,55520
2023-10-17 11:30:00+05:30,1258.55,1259.95,1257.75,1258.9,1875
2023-10-17 11:45:00+05:30,1258.9,1263.4,1255.2,1256.8,22875
2023-10-17 12:00:00+05:30,1256.8,1259.45,1256.0,1258.95,3387
2023-10-17 12:15:00+05:30,1258.95,1262.0,1257.55,1259.8,17454
2023-10-17 12:30:00+05:30,1259.8,1261.45,1258.2,1259.95,23097
2023-10-17 12:45:00+05:30,1259.95,1261.4,1258.35,1261.0,1907
2023-10-17 13:00:00+05:30,1261.0,1262.1,1259.0,1260.0,9992
2023-10-17 13:15:00+05:30,1260.0,1262.25,1259.05,1260.9,3518
2023-10-17 13:30:00+05:30,1260.9,1262.0,1259.0,1260.9,3037
2023-10-17 13:45:00+05:30,1260.15,1262.0,1256.0,1256.35,4939
2023-10-17 14:00:00+05:30,1257.5,1258.75,1255.45,1255.9,3374
2023-10-17 14:15:00+05:30,1255.9,1255.95,1242.65,1242.65,7119
2023-10-17 14:30:00+05:30,1243.0,1246.9,1242.55,1243.0,3412
2023-10-17 14:45:00+05:30,1243.0,1246.2,1241.35,1243.2,3119
2023-10-17 15:00:00+05:30,1243.2,1243.2,1233.05,1235.85,7860
2023-10-17 15:15:00+05:30,1235.85,1248.85,1235.0,1248.0,13492
2023-10-17 15:30:00+05:30,1246.8,1253.9,1245.85,1250.9,15047
2023-10-18 09:30:00+05:30,1251.85,1259.0,1247.0,1252.6,6515
2023-10-18 09:45:00+05:30,1252.65,1254.75,1248.4,1251.0,1775
2023-10-18 10:00:00+05:30,1251.0,1252.5,1249.1,1250.95,999
2023-10-18 10:15:00+05:30,1251.05,1251.4,1247.85,1247.85,555
2023-10-18 10:30:00+05:30,1247.85,1249.15,1247.0,1249.1,1274
2023-10-18 10:45:00+05:30,1250.45,1250.7,1249.0,1249.4,2096
2023-10-18 11:00:00+05:30,1249.4,1249.4,1245.9,1246.35,2010
2023-10-18 11:15:00+05:30,1246.35,1249.2,1246.35,1248.5,1301
2023-10-18 11:30:00+05:30,1249.05,1250.8,1247.0,1250.0,1075
2023-10-18 11:45:00+05:30,1250.0,1254.75,1249.55,1254.75,2523
2023-10-18 12:00:00+05:30,1254.75,1258.0,1253.25,1258.0,10984
2023-10-18 12:15:00+05:30,1258.0,1261.0,1257.0,1258.65,6446
2023-10-18 12:30:00+05:30,1258.65,1259.95,1254.65,1259.05,8260
2023-10-18 12:45:00+05:30,1259.7,1260.0,1256.0,1257.5,2396
2023-10-18 13:00:00+05:30,1257.5,1259.95,1256.9,1258.25,3057
2023-10-18 13:15:00+05:30,1258.25,1259.35,1256.05,1258.2,2103
2023-10-18 13:30:00+05:30,1258.2,1259.95,1256.5,1259.95,2674
2023-10-18 13:45:00+05:30,1259.95,1260.0,1256.6,1258.65,3275
2023-10-18 14:00:00+05:30,1258.75,1258.75,1256.1,1258.5,2786
2023-10-18 14:15:00+05:30,1258.5,1258.5,1256.0,1257.7,3437
2023-10-18 14:30:00+05:30,1257.7,1258.0,1255.5,1257.0,5769
2023-10-18 14:45:00+05:30,1258.0,1258.5,1256.05,1258.5,5742
2023-10-18 15:00:00+05:30,1258.5,1258.5,1257.0,1257.9,2472
2023-10-18 15:15:00+05:30,1258.35,1259.0,1257.05,1258.15,4636
2023-10-18 15:30:00+05:30,1258.2,1258.85,1256.05,1257.0,12353
2023-10-19 09:30:00+05:30,1239.0,1252.65,1239.0,1252.0,13971
2023-10-19 09:45:00+05:30,1252.0,1253.0,1244.05,1249.3,15929
2023-10-19 10:00:00+05:30,1249.3,1255.0,1249.2,1255.0,4161
2023-10-19 10:15:00+05:30,1255.0,1259.35,1252.5,1257.0,3867
2023-10-19 10:30:00+05:30,1257.0,1258.95,1248.1,1251.75,5930
2023-10-19 10:45:00+05:30,1251.75,1251.75,1246.0,1247.0,4213
2023-10-19 11:00:00+05:30,1247.05,1249.0,1245.3,1246.35,3177
2023-10-19 11:15:00+05:30,1245.5,1248.0,1245.5,1247.5,938
2023-10-19 11:30:00+05:30,1247.5,1248.0,1246.6,1248.0,1739
2023-10-19 11:45:00+05:30,1247.0,1247.95,1246.65,1247.45,1958
2023-10-19 12:00:00+05:30,1247.45,1247.95,1246.5,1246.55,2380
2023-10-19 12:15:00+05:30,1247.3,1247.95,1246.45,1247.95,929
2023-10-19 12:30:00+05:30,1247.9,1254.15,1247.15,1250.0,11460
2023-10-19 12:45:00+05:30,1250.0,1250.85,1249.35,1250.8,14923
2023-10-19 13:00:00+05:30,1250.8,1250.8,1249.7,1249.9,9369
2023-10-19 13:15:00+05:30,1249.9,1250.4,1248.4,1250.0,8955
2023-10-19 13:30:00+05:30,1250.0,1254.35,1249.05,1254.2,5804
2023-10-19 13:45:00+05:30,1254.2,1254.95,1252.8,1254.0,622
2023-10-19 14:00:00+05:30,1254.0,1254.0,1250.0,1250.0,2318
2023-10-19 14:15:00+05:30,1250.0,1250.45,1248.8,1250.0,16442
2023-10-19 14:30:00+05:30,1250.0,1250.5,1249.4,1250.5,10722
2023-10-19 14:45:00+05:30,1250.5,1252.45,1249.25,1250.5,563
2023-10-19 15:00:00+05:30,1250.5,1252.3,1249.9,1251.55,2366
2023-10-19 15:15:00+05:30,1251.55,1253.35,1250.05,1251.1,3187
2023-10-19 15:30:00+05:30,1251.1,1254.95,1249.75,1251.5,8528
2023-10-20 09:30:00+05:30,1245.05,1256.15,1240.1,1254.95,4647
2023-10-20 09:45:00+05:30,1256.2,1258.0,1253.1,1255.85,3967
2023-10-20 10:00:00+05:30,1254.9,1257.4,1254.9,1256.4,1185
2023-10-20 10:15:00+05:30,1256.4,1257.0,1254.0,1255.35,2059
2023-10-20 10:30:00+05:30,1255.35,1257.1,1254.0,1254.0,1120
2023-10-20 10:45:00+05:30,1254.0,1254.0,1250.3,1250.3,3055
2023-10-20 11:00:00+05:30,1250.3,1251.95,1248.55,1248.55,2396
2023-10-20 11:15:00+05:30,1248.0,1249.25,1245.85,1247.05,11309
2023-10-20 11:30:00+05:30,1247.05,1248.45,1246.7,1247.45,9721
2023-10-20 11:45:00+05:30,1246.0,1248.6,1246.0,1246.7,6392
2023-10-20 12:00:00+05:30,1246.7,1248.0,1242.25,1242.45,13830
2023-10-20 12:15:00+05:30,1242.45,1247.6,1242.45,1247.05,8127
2023-10-20 12:30:00+05:30,1247.05,1247.3,1242.25,1247.3,9656
2023-10-20 12:45:00+05:30,1246.0,1246.0,1242.0,1244.55,10644
2023-10-20 13:00:00+05:30,1244.55,1248.05,1244.55,1247.25,7053
2023-10-20 13:15:00+05:30,1248.0,1249.0,1247.25,1248.0,7803
2023-10-20 13:30:00+05:30,1248.0,1250.0,1246.85,1246.85,12072
2023-10-20 13:45:00+05:30,1246.85,1248.0,1245.9,1245.95,697
2023-10-20 14:00:00+05:30,1245.95,1245.95,1242.5,1245.0,1294
2023-10-20 14:15:00+05:30,1245.0,1247.85,1245.0,1245.55,3434
2023-10-20 14:30:00+05:30,1245.55,1246.0,1243.0,1243.45,9571
2023-10-20 14:45:00+05:30,1243.45,1246.0,1243.0,1244.1,2043
2023-10-20 15:00:00+05:30,1244.1,1244.9,1236.4,1239.1,4560
2023-10-20 15:15:00+05:30,1239.05,1240.0,1235.05,1236.5,7472
2023-10-20 15:30:00+05:30,1236.45,1236.5,1230.15,1235.0,8646
2023-10-23 09:30:00+05:30,1243.95,1244.6,1237.3,1238.65,4303
2023-10-23 09:45:00+05:30,1238.65,1238.65,1232.8,1238.55,3325
2023-10-23 10:00:00+05:30,1238.55,1238.6,1234.0,1236.0,965
2023-10-23 10:15:00+05:30,1236.0,1236.0,1225.45,1226.0,3277
2023-10-23 10:30:00+05:30,1223.95,1228.25,1222.0,1225.9,6347
2023-10-23 10:45:00+05:30,1225.9,1227.45,1222.0,1223.3,1367
2023-10-23 11:00:00+05:30,1222.1,1227.45,1218.4,1227.45,3965
2023-10-23 11:15:00+05:30,1227.45,1227.75,1222.1,1223.35,996
2023-10-23 11:30:00+05:30,1224.1,1224.1,1219.4,1224.05,1568
2023-10-23 11:45:00+05:30,1223.7,1224.75,1222.0,1223.8,937
2023-10-23 12:00:00+05:30,1223.8,1235.05,1223.05,1226.5,15585
2023-10-23 12:15:00+05:30,1225.95,1228.15,1204.15,1226.6,13242
2023-10-23 12:30:00+05:30,1226.6,1227.95,1221.6,1226.75,12518
2023-10-23 12:45:00+05:30,1226.8,1227.95,1215.05,1216.1,6562
2023-10-23 13:00:00+05:30,1216.0,1216.5,1209.1,1214.2,2472
2023-10-23 13:15:00+05:30,1213.25,1214.0,1208.7,1209.6,2061
2023-10-23 13:30:00+05:30,1207.6,1211.65,1206.1,1209.8,2718
2023-10-23 13:45:00+05:30,1209.8,1209.85,1197.55,1199.8,30870
2023-10-23 14:00:00+05:30,1199.8,1201.2,1195.05,1199.75,4421
2023-10-23 14:15:00+05:30,1199.7,1199.8,1197.8,1199.55,1152
2023-10-23 14:30:00+05:30,1199.55,1199.8,1192.65,1195.3,4173
2023-10-23 14:45:00+05:30,1196.0,1197.35,1193.35,1196.7,2758
2023-10-23 15:00:00+05:30,1197.15,1199.0,1194.65,1199.0,2439
2023-10-23 15:15:00+05:30,1199.0,1200.0,1186.0,1198.75,17746
2023-10-23 15:30:00+05:30,1200.0,1203.0,1170.0,1171.0,31998
2023-10-25 09:30:00+05:30,1192.9,1217.95,1190.95,1206.75,54578
2023-10-25 09:45:00+05:30,1206.7,1215.7,1205.5,1215.25,6076
2023-10-25 10:00:00+05:30,1214.75,1217.0,1208.35,1208.35,6450
2023-10-25 10:15:00+05:30,1209.6,1210.9,1206.8,1209.95,3330
2023-10-25 10:30:00+05:30,1209.95,1211.25,1207.35,1210.65,2358
2023-10-25 10:45:00+05:30,1210.65,1210.65,1205.45,1207.3,4248
2023-10-25 11:00:00+05:30,1207.0,1207.0,1201.0,1204.6,3959
2023-10-25 11:15:00+05:30,1205.0,1205.75,1200.25,1202.95,4270
2023-10-25 11:30:00+05:30,1202.9,1205.75,1202.9,1205.1,1708
2023-10-25 11:45:00+05:30,1205.1,1208.25,1203.05,1206.15,3589
2023-10-25 12:00:00+05:30,1206.0,1210.6,1206.0,1209.95,4468
2023-10-25 12:15:00+05:30,1209.95,1210.6,1204.0,1204.55,3396
2023-10-25 12:30:00+05:30,1204.55,1205.55,1200.8,1200.85,4487
2023-10-25 12:45:00+05:30,1200.85,1201.85,1194.45,1194.9,3734
2023-10-25 13:00:00+05:30,1194.9,1198.25,1190.05,1194.0,3562
2023-10-25 13:15:00+05:30,1194.0,1198.25,1191.8,1193.3,9360
2023-10-25 13:30:00+05:30,1193.15,1198.55,1191.8,1198.5,7642
2023-10-25 13:45:00+05:30,1198.5,1201.7,1197.0,1197.0,5148
2023-10-25 14:00:00+05:30,1197.0,1200.0,1197.0,1198.05,945
2023-10-25 14:15:00+05:30,1198.05,1199.75,1196.05,1196.65,5281
2023-10-25 14:30:00+05:30,1196.65,1198.6,1196.0,1196.2,1828
2023-10-25 14:45:00+05:30,1196.45,1199.45,1191.55,1198.55,9101
2023-10-25 15:00:00+05:30,1198.55,1199.95,1196.35,1198.4,6421
2023-10-25 15:15:00+05:30,1196.85,1197.7,1190.05,1195.0,8945
2023-10-25 15:30:00+05:30,1193.65,1196.8,1184.1,1194.15,20346
2023-10-26 09:30:00+05:30,1190.0,1190.0,1145.4,1146.0,26262
2023-10-26 09:45:00+05:30,1146.0,1165.3,1144.35,1145.05,26211
2023-10-26 10:00:00+05:30,1146.1,1150.9,1141.25,1150.9,8468
2023-10-26 10:15:00+05:30,1152.0,1154.5,1146.95,1152.5,4548
2023-10-26 10:30:00+05:30,1152.55,1156.2,1149.75,1156.2,6581
2023-10-26 10:45:00+05:30,1154.95,1163.0,1154.95,1158.05,4838
2023-10-26 11:00:00+05:30,1158.05,1164.15,1157.55,1161.55,2843
2023-10-26 11:15:00+05:30,1161.55,1168.5,1161.55,1164.4,4058
2023-10-26 11:30:00+05:30,1165.2,1177.6,1164.5,1172.05,16393
2023-10-26 11:45:00+05:30,1171.2,1171.6,1161.6,1170.2,6909
2023-10-26 12:00:00+05:30,1170.15,1179.0,1170.1,1178.1,3623
2023-10-26 12:15:00+05:30,1179.25,1180.6,1177.6,1178.95,3396
2023-10-26 12:30:00+05:30,1178.95,1187.8,1178.95,1185.45,4114
2023-10-26 12:45:00+05:30,1185.45,1186.35,1177.15,1179.2,7441
2023-10-26 13:00:00+05:30,1179.2,1180.0,1178.0,1179.9,3732
2023-10-26 13:15:00+05:30,1179.9,1199.0,1178.4,1195.95,12233
2023-10-26 13:30:00+05:30,1195.9,1201.15,1192.3,1196.15,5152
2023-10-26 13:45:00+05:30,1196.75,1199.65,1191.8,1195.6,6045
2023-10-26 14:00:00+05:30,1195.95,1205.0,1195.0,1202.6,6627
2023-10-26 14:15:00+05:30,1203.0,1206.7,1198.5,1199.3,8363
2023-10-26 14:30:00+05:30,1199.3,1200.0,1195.0,1196.55,5002
2023-10-26 14:45:00+05:30,1197.7,1214.0,1196.2,1211.7,13154
2023-10-26 15:00:00+05:30,1210.35,1229.35,1206.7,1226.0,25043
2023-10-26 15:15:00+05:30,1227.2,1228.0,1223.75,1226.5,44649
2023-10-26 15:30:00+05:30,1226.5,1227.4,1220.55,1225.0,27468
2023-10-27 09:30:00+05:30,1225.0,1225.0,1205.1,1217.95,11364
2023-10-27 09:45:00+05:30,1216.25,1222.95,1215.8,1218.9,12714
2023-10-27 10:00:00+05:30,1218.9,1222.9,1216.1,1220.8,11174
2023-10-27 10:15:00+05:30,1221.55,1221.95,1217.7,1220.0,19853
2023-10-27 10:30:00+05:30,1220.0,1224.0,1219.0,1221.15,6226
2023-10-27 10:45:00+05:30,1221.15,1237.85,1220.7,1224.75,14418
2023-10-27 11:00:00+05:30,1222.85,1223.45,1218.7,1221.15,3198
2023-10-27 11:15:00+05:30,1221.05,1227.8,1220.0,1226.35,5710
2023-10-27 11:30:00+05:30,1226.35,1227.3,1222.0,1226.05,4500
2023-10-27 11:45:00+05:30,1226.05,1226.55,1225.0,1225.0,2591
2023-10-27 12:00:00+05:30,1225.0,1226.4,1224.95,1225.4,2733
2023-10-27 12:15:00+05:30,1225.4,1227.95,1224.75,1225.0,2988
2023-10-27 12:30:00+05:30,1225.0,1225.3,1224.35,1225.0,5386
2023-10-27 12:45:00+05:30,1225.0,1226.5,1224.6,1225.05,3716
2023-10-27 13:00:00+05:30,1225.05,1230.0,1224.6,1228.0,3932
2023-10-27 13:15:00+05:30,1228.0,1234.95,1226.7,1227.9,6114
2023-10-27 13:30:00+05:30,1227.9,1232.35,1226.55,1229.95,2138
2023-10-27 13:45:00+05:30,1229.65,1233.25,1229.3,1232.0,3700
2023-10-27 14:00:00+05:30,1232.0,1233.75,1230.0,1231.1,2451
2023-10-27 14:15:00+05:30,1231.1,1235.35,1230.0,1232.6,6676
2023-10-27 14:30:00+05:30,1232.6,1237.0,1230.4,1234.3,4172
2023-10-27 14:45:00+05:30,1234.3,1240.0,1232.0,1236.0,4865
2023-10-27 15:00:00+05:30,1236.0,1242.0,1236.0,1240.0,6251
2023-10-27 15:15:00+05:30,1240.0,1241.5,1240.0,1240.0,6695
2023-10-27 15:30:00+05:30,1240.65,1241.8,1240.0,1240.0,17555
2023-10-30 09:30:00+05:30,1243.0,1248.9,1226.0,1233.0,8071
2023-10-30 09:45:00+05:30,1234.05,1243.15,1233.0,1234.1,5811
2023-10-30 10:00:00+05:30,1234.1,1236.8,1234.0,1236.0,2569
2023-10-30 10:15:00+05:30,1236.0,1236.8,1234.0,1235.4,6069
2023-10-30 10:30:00+05:30,1235.4,1238.45,1234.0,1236.0,1683
2023-10-30 10:45:00+05:30,1237.2,1238.15,1236.0,1236.65,786
2023-10-30 11:00:00+05:30,1236.6,1238.8,1236.0,1236.0,725
2023-10-30 11:15:00+05:30,1236.0,1236.9,1234.0,1234.9,1672
2023-10-30 11:30:00+05:30,1234.05,1236.9,1234.0,1235.9,1032
2023-10-30 11:45:00+05:30,1236.2,1237.5,1234.75,1236.35,1557
2023-10-30 12:00:00+05:30,1236.05,1239.95,1236.0,1238.7,1786
2023-10-30 12:15:00+05:30,1238.7,1242.1,1238.0,1239.1,2976
2023-10-30 12:30:00+05:30,1240.0,1243.5,1239.25,1240.8,2370
2023-10-30 12:45:00+05:30,1240.8,1244.8,1240.0,1242.0,4667
2023-10-30 13:00:00+05:30,1241.7,1243.8,1241.1,1243.2,2688
2023-10-30 13:15:00+05:30,1243.2,1244.95,1241.95,1242.0,3057
2023-10-30 13:30:00+05:30,1242.0,1243.5,1241.1,1241.6,2286
2023-10-30 13:45:00+05:30,1243.05,1247.15,1241.6,1244.95,8368
2023-10-30 14:00:00+05:30,1244.95,1247.0,1243.0,1243.85,5169
2023-10-30 14:15:00+05:30,1244.9,1246.95,1243.05,1244.35,3311
2023-10-30 14:30:00+05:30,1244.4,1249.0,1242.8,1248.05,8862
2023-10-30 14:45:00+05:30,1248.25,1249.9,1248.0,1248.5,3463
2023-10-30 15:00:00+05:30,1249.3,1252.9,1247.55,1252.0,21421
2023-10-30 15:15:00+05:30,1252.55,1252.6,1249.0,1251.5,7045
2023-10-30 15:30:00+05:30,1251.5,1253.55,1250.3,1253.0,20485
2023-10-31 09:30:00+05:30,1256.0,1259.0,1243.85,1243.85,4854
2023-10-31 09:45:00+05:30,1244.95,1258.7,1244.0,1256.0,6894
2023-10-31 10:00:00+05:30,1254.35,1255.95,1250.0,1252.95,3838
2023-10-31 10:15:00+05:30,1253.05,1254.0,1248.0,1248.9,5633
2023-10-31 10:30:00+05:30,1248.95,1250.0,1246.75,1247.0,4160
2023-10-31 10:45:00+05:30,1247.8,1250.0,1246.3,1249.45,3993
2023-10-31 11:00:00+05:30,1249.85,1251.0,1248.5,1249.5,4680
2023-10-31 11:15:00+05:30,1249.95,1250.9,1248.55,1250.9,2886
2023-10-31 11:30:00+05:30,1251.0,1251.0,1248.3,1249.75,4350
2023-10-31 11:45:00+05:30,1249.95,1250.0,1248.05,1249.5,2539
2023-10-31 12:00:00+05:30,1249.5,1249.5,1245.95,1246.95,3889
2023-10-31 12:15:00+05:30,1246.95,1250.0,1245.5,1249.1,4667
2023-10-31 12:30:00+05:30,1249.1,1250.0,1248.35,1248.85,3203
2023-10-31 12:45:00+05:30,1248.85,1249.95,1239.4,1245.5,8210
2023-10-31 13:00:00+05:30,1244.9,1244.9,1231.0,1232.0,8631
2023-10-31 13:15:00+05:30,1232.0,1241.05,1232.0,1239.25,4248
2023-10-31 13:30:00+05:30,1239.25,1240.4,1238.0,1240.4,1205
2023-10-31 13:45:00+05:30,1240.4,1241.4,1236.1,1237.15,1980
2023-10-31 14:00:00+05:30,1237.15,1240.85,1236.35,1239.45,1350
2023-10-31 14:15:00+05:30,1239.25,1241.65,1232.25,1235.65,4452
2023-10-31 14:30:00+05:30,1235.65,1239.85,1235.0,1236.6,2874
2023-10-31 14:45:00+05:30,1235.7,1239.15,1235.7,1238.25,2574
2023-10-31 15:00:00+05:30,1238.25,1240.0,1236.3,1237.35,1691
2023-10-31 15:15:00+05:30,1238.4,1238.4,1218.0,1221.65,12691
2023-10-31 15:30:00+05:30,1221.65,1221.65,1207.95,1219.0,30527
2023-11-01 09:30:00+05:30,1228.5,1228.5,1218.05,1227.5,3572
2023-11-01 09:45:00+05:30,1229.7,1229.7,1220.1,1226.75,8260
2023-11-01 10:00:00+05:30,1226.75,1245.45,1226.75,1237.65,21744
2023-11-01 10:15:00+05:30,1237.35,1241.15,1232.3,1234.1,5330
2023-11-01 10:30:00+05:30,1234.5,1234.85,1230.2,1232.6,5300
2023-11-01 10:45:00+05:30,1232.6,1232.75,1228.05,1229.85,5414
2023-11-01 11:00:00+05:30,1229.85,1230.0,1227.0,1229.0,3259
2023-11-01 11:15:00+05:30,1229.4,1231.0,1228.85,1229.95,5187
2023-11-01 11:30:00+05:30,1229.95,1229.95,1228.15,1229.9,1435
2023-11-01 11:45:00+05:30,1229.9,1229.9,1227.1,1229.45,945
2023-11-01 12:00:00+05:30,1229.45,1229.9,1226.95,1227.65,1231
2023-11-01 12:15:00+05:30,1227.65,1229.35,1224.75,1227.0,7607
2023-11-01 12:30:00+05:30,1226.95,1228.0,1226.0,1227.8,1470
2023-11-01 12:45:00+05:30,1227.8,1229.9,1226.05,1229.9,2163
2023-11-01 13:00:00+05:30,1231.9,1243.7,1231.9,1239.05,9122
2023-11-01 13:15:00+05:30,1239.05,1244.0,1238.0,1241.0,4899
2023-11-01 13:30:00+05:30,1240.85,1248.55,1240.45,1246.0,9224
2023-11-01 13:45:00+05:30,1245.7,1246.85,1237.15,1239.4,7927
2023-11-01 14:00:00+05:30,1239.4,1244.0,1237.5,1242.0,4249
2023-11-01 14:15:00+05:30,1242.0,1243.5,1238.0,1240.35,3853
2023-11-01 14:30:00+05:30,1241.15,1242.0,1236.15,1239.6,5774
2023-11-01 14:45:00+05:30,1239.6,1239.6,1232.0,1235.0,3941
2023-11-01 15:00:00+05:30,1235.0,1236.4,1220.15,1227.1,6288
2023-11-01 15:15:00+05:30,1227.3,1228.95,1222.9,1223.75,4656
2023-11-01 15:30:00+05:30,1224.3,1229.75,1220.0,1224.65,8032
2023-11-02 09:30:00+05:30,1230.0,1236.6,1219.45,1233.15,5075
2023-11-02 09:45:00+05:30,1234.3,1234.3,1229.35,1231.45,2568
2023-11-02 10:00:00+05:30,1231.1,1239.0,1231.1,1237.55,3471
2023-11-02 10:15:00+05:30,1238.95,1241.0,1236.6,1238.3,3811
2023-11-02 10:30:00+05:30,1238.3,1241.45,1232.0,1232.55,3484
2023-11-02 10:45:00+05:30,1232.55,1241.0,1231.6,1240.0,2168
2023-11-02 11:00:00+05:30,1238.6,1240.75,1235.35,1240.35,1606
2023-11-02 11:15:00+05:30,1240.35,1247.1,1238.75,1245.4,7328
2023-11-02 11:30:00+05:30,1245.4,1248.0,1245.4,1246.5,1897
2023-11-02 11:45:00+05:30,1246.5,1247.55,1245.4,1245.65,7437
2023-11-02 12:00:00+05:30,1245.65,1247.1,1245.5,1246.0,2578
2023-11-02 12:15:00+05:30,1246.95,1252.45,1246.0,1247.6,8769
2023-11-02 12:30:00+05:30,1247.15,1251.15,1247.1,1251.05,300902
2023-11-02 12:45:00+05:30,1251.0,1259.7,1250.0,1253.0,19410
2023-11-02 13:00:00+05:30,1253.1,1253.85,1250.0,1252.3,7736
2023-11-02 13:15:00+05:30,1252.3,1257.25,1251.15,1254.0,4563
2023-11-02 13:30:00+05:30,1256.0,1258.9,1256.0,1257.25,7625
2023-11-02 13:45:00+05:30,1258.1,1258.1,1256.0,1257.95,3261
2023-11-02 14:00:00+05:30,1257.95,1257.95,1256.5,1256.8,2534
2023-11-02 14:15:00+05:30,1256.5,1256.5,1252.5,1255.0,2876
2023-11-02 14:30:00+05:30,1255.0,1258.75,1254.5,1257.3,5698
2023-11-02 14:45:00+05:30,1257.3,1283.65,1257.3,1269.95,90189
2023-11-02 15:00:00+05:30,1269.95,1279.15,1268.5,1277.75,18780
2023-11-02 15:15:00+05:30,1278.85,1280.0,1272.0,1278.7,28401
2023-11-02 15:30:00+05:30,1278.65,1284.4,1277.55,1280.1,36357
2023-11-03 09:30:00+05:30,1292.05,1306.85,1292.05,1303.95,90356
2023-11-03 09:45:00+05:30,1302.6,1311.0,1297.1,1308.0,32825
2023-11-03 10:00:00+05:30,1308.0,1308.0,1302.8,1305.9,16101
2023-11-03 10:15:00+05:30,1307.15,1310.4,1303.05,1303.55,21572
2023-11-03 10:30:00+05:30,1303.55,1308.0,1297.2,1297.2,10721
2023-11-03 10:45:00+05:30,1298.0,1310.65,1296.15,1309.15,12079
2023-11-03 11:00:00+05:30,1309.15,1326.0,1309.05,1324.0,78158
2023-11-03 11:15:00+05:30,1322.55,1328.0,1320.0,1325.95,36826
2023-11-03 11:30:00+05:30,1326.8,1333.0,1326.1,1331.0,36708
2023-11-03 11:45:00+05:30,1330.55,1335.0,1328.85,1334.0,29086
2023-11-03 12:00:00+05:30,1334.9,1340.0,1331.0,1331.1,38168
2023-11-03 12:15:00+05:30,1331.1,1337.95,1329.15,1337.95,22821
2023-11-03 12:30:00+05:30,1339.0,1344.0,1333.55,1341.2,32699
2023-11-03 12:45:00+05:30,1341.2,1342.75,1328.0,1328.0,23549
2023-11-03 13:00:00+05:30,1328.0,1330.0,1322.0,1324.5,20974
2023-11-03 13:15:00+05:30,1324.5,1327.4,1322.15,1326.15,7408
2023-11-03 13:30:00+05:30,1326.4,1331.1,1324.65,1330.45,6389
2023-11-03 13:45:00+05:30,1330.95,1336.35,1328.4,1332.25,11753
2023-11-03 14:00:00+05:30,1332.25,1337.0,1332.15,1335.05,9135
2023-11-03 14:15:00+05:30,1335.9,1335.9,1328.0,1328.0,5758
2023-11-03 14:30:00+05:30,1328.0,1333.0,1325.75,1326.0,10561
2023-11-03 14:45:00+05:30,1325.6,1328.0,1321.6,1324.8,16079
2023-11-03 15:00:00+05:30,1324.8,1325.0,1321.0,1322.95,17923
2023-11-03 15:15:00+05:30,1323.0,1329.0,1320.6,1320.9,23195
2023-11-03 15:30:00+05:30,1322.0,1323.5,1317.0,1320.0,535036
2023-11-06 09:30:00+05:30,1320.2,1333.65,1315.5,1317.6,24872
2023-11-06 09:45:00+05:30,1320.15,1321.25,1310.3,1317.4,12597
2023-11-06 10:00:00+05:30,1317.4,1319.7,1310.75,1319.65,9170
2023-11-06 10:15:00+05:30,1319.7,1320.75,1316.4,1318.85,5807
2023-11-06 10:30:00+05:30,1318.8,1322.5,1315.0,1317.4,8322
2023-11-06 10:45:00+05:30,1317.6,1321.8,1315.9,1318.5,4085
2023-11-06 11:00:00+05:30,1318.9,1318.9,1293.45,1309.85,34242
2023-11-06 11:15:00+05:30,1309.85,1311.95,1304.95,1304.95,8355
2023-11-06 11:30:00+05:30,1305.0,1305.0,1297.15,1301.8,10890
2023-11-06 11:45:00+05:30,1301.8,1301.85,1297.1,1301.5,4923
2023-11-06 12:00:00+05:30,1301.5,1304.05,1298.0,1300.15,3691
2023-11-06 12:15:00+05:30,1300.2,1301.85,1299.25,1300.0,2762
2023-11-06 12:30:00+05:30,1300.0,1300.0,1297.15,1299.55,2581
2023-11-06 12:45:00+05:30,1299.3,1299.9,1298.0,1298.5,1509
2023-11-06 13:00:00+05:30,1298.5,1304.2,1298.15,1301.5,12987
2023-11-06 13:15:00+05:30,1301.5,1309.85,1301.0,1309.2,17230
2023-11-06 13:30:00+05:30,1309.5,1311.3,1307.85,1310.0,3317
2023-11-06 13:45:00+05:30,1310.0,1310.0,1306.5,1308.6,2243
2023-11-06 14:00:00+05:30,1308.6,1312.0,1307.05,1311.65,10728
2023-11-06 14:15:00+05:30,1311.65,1311.65,1308.05,1309.7,2381
2023-11-06 14:30:00+05:30,1310.0,1310.0,1305.0,1306.95,8627
2023-11-06 14:45:00+05:30,1306.95,1311.0,1304.9,1308.9,12948
2023-11-06 15:00:00+05:30,1308.9,1308.95,1298.0,1299.9,16980
2023-11-06 15:15:00+05:30,1299.9,1308.2,1296.9,1300.35,9842
2023-11-06 15:30:00+05:30,1300.35,1312.35,1295.75,1303.0,34671
2023-11-07 09:30:00+05:30,1320.0,1328.0,1303.05,1304.5,145417
2023-11-07 09:45:00+05:30,1304.45,1317.95,1303.0,1316.4,33003
2023-11-07 10:00:00+05:30,1315.7,1339.2,1313.45,1330.0,92986
2023-11-07 10:15:00+05:30,1330.0,1333.0,1325.1,1325.85,24319
2023-11-07 10:30:00+05:30,1325.85,1329.75,1324.1,1329.7,14731
2023-11-07 10:45:00+05:30,1329.75,1333.0,1327.95,1332.55,14032
2023-11-07 11:00:00+05:30,1331.0,1346.9,1330.1,1345.45,83220
2023-11-07 11:15:00+05:30,1345.4,1346.0,1338.0,1341.8,78907
2023-11-07 11:30:00+05:30,1341.8,1342.5,1338.25,1340.75,11346
2023-11-07 11:45:00+05:30,1340.75,1342.5,1336.5,1337.5,17036
2023-11-07 12:00:00+05:30,1337.5,1337.5,1327.0,1332.45,29200
2023-11-07 12:15:00+05:30,1332.45,1336.8,1329.0,1336.8,13993
2023-11-07 12:30:00+05:30,1337.0,1349.25,1337.0,1346.0,46026
2023-11-07 12:45:00+05:30,1345.45,1352.25,1345.05,1348.0,42595
2023-11-07 13:00:00+05:30,1348.0,1351.35,1342.15,1345.0,25271
2023-11-07 13:15:00+05:30,1344.5,1351.0,1344.0,1349.55,15874
2023-11-07 13:30:00+05:30,1349.55,1356.0,1348.5,1351.05,35291
2023-11-07 13:45:00+05:30,1351.05,1358.85,1351.05,1357.8,48559
2023-11-07 14:00:00+05:30,1358.4,1359.95,1355.9,1359.6,21439
2023-11-07 14:15:00+05:30,1359.6,1360.3,1349.4,1351.25,60970
2023-11-07 14:30:00+05:30,1351.25,1360.0,1350.05,1358.75,30703
2023-11-07 14:45:00+05:30,1360.0,1363.9,1358.45,1362.0,43929
2023-11-07 15:00:00+05:30,1360.95,1373.2,1360.95,1370.0,62762
2023-11-07 15:15:00+05:30,1371.0,1372.0,1358.05,1364.0,79170
2023-11-07 15:30:00+05:30,1363.95,1373.95,1363.25,1371.0,66716
2023-11-08 09:30:00+05:30,1375.05,1386.75,1369.05,1384.45,57370
2023-11-08 09:45:00+05:30,1384.0,1384.9,1376.95,1384.35,26665
2023-11-08 10:00:00+05:30,1384.45,1390.0,1383.2,1386.75,30592
2023-11-08 10:15:00+05:30,1386.75,1393.2,1386.0,1391.9,18973
2023-11-08 10:30:00+05:30,1391.9,1394.6,1385.25,1394.4,28257
2023-11-08 10:45:00+05:30,1394.4,1405.4,1392.2,1403.2,60079
2023-11-08 11:00:00+05:30,1403.2,1403.4,1399.5,1401.05,13211
2023-11-08 11:15:00+05:30,1401.6,1403.0,1400.35,1401.45,9130
2023-11-08 11:30:00+05:30,1402.3,1407.8,1400.0,1406.0,19149
2023-11-08 11:45:00+05:30,1406.6,1409.9,1405.8,1408.85,12145
2023-11-08 12:00:00+05:30,1408.85,1408.85,1401.4,1403.1,15759
2023-11-08 12:15:00+05:30,1403.1,1406.0,1401.7,1405.05,9453
2023-11-08 12:30:00+05:30,1405.55,1405.65,1400.0,1400.05,10321
2023-11-08 12:45:00+05:30,1400.05,1403.4,1398.95,1399.2,11655
2023-11-08 13:00:00+05:30,1400.1,1400.1,1371.1,1372.25,37680
2023-11-08 13:15:00+05:30,1374.25,1393.0,1372.2,1389.35,25614
2023-11-08 13:30:00+05:30,1389.95,1394.6,1384.05,1392.2,11704
2023-11-08 13:45:00+05:30,1392.05,1399.5,1389.45,1397.85,12148
2023-11-08 14:00:00+05:30,1397.85,1399.0,1392.0,1394.35,13406
2023-11-08 14:15:00+05:30,1394.35,1395.0,1392.05,1392.9,10688
2023-11-08 14:30:00+05:30,1392.9,1394.95,1388.0,1388.0,14503
2023-11-08 14:45:00+05:30,1385.4,1394.5,1385.4,1392.95,11028
2023-11-08 15:00:00+05:30,1392.95,1395.0,1391.75,1393.2,11107
2023-11-08 15:15:00+05:30,1391.7,1395.0,1391.4,1394.5,17080
2023-11-08 15:30:00+05:30,1394.3,1398.15,1385.5,1392.65,27476
2023-11-09 09:30:00+05:30,1388.95,1414.5,1382.55,1399.4,54194
2023-11-09 09:45:00+05:30,1399.4,1400.9,1379.05,1384.0,21061
2023-11-09 10:00:00+05:30,1384.0,1386.25,1375.05,1379.2,10619
2023-11-09 10:15:00+05:30,1379.2,1390.6,1378.45,1387.75,12059
2023-11-09 10:30:00+05:30,1387.75,1390.6,1380.85,1382.35,7338
2023-11-09 10:45:00+05:30,1382.35,1385.0,1382.35,1383.15,2248
2023-11-09 11:00:00+05:30,1383.15,1385.75,1383.15,1385.0,1620
2023-11-09 11:15:00+05:30,1385.0,1391.65,1382.4,1391.0,16447
2023-11-09 11:30:00+05:30,1391.0,1391.0,1381.4,1383.75,10500
2023-11-09 11:45:00+05:30,1383.75,1384.7,1379.15,1380.3,4665
2023-11-09 12:00:00+05:30,1380.3,1383.5,1378.0,1379.65,57973
2023-11-09 12:15:00+05:30,1379.65,1380.0,1375.55,1376.15,4176
2023-11-09 12:30:00+05:30,1376.15,1380.0,1376.0,1379.45,4236
2023-11-09 12:45:00+05:30,1379.45,1380.0,1376.85,1378.0,4639
2023-11-09 13:00:00+05:30,1378.0,1378.0,1370.8,1372.95,11197
2023-11-09 13:15:00+05:30,1372.95,1373.95,1364.1,1370.0,10346
2023-11-09 13:30:00+05:30,1370.0,1378.65,1365.4,1378.65,6290
2023-11-09 13:45:00+05:30,1378.65,1378.75,1369.65,1369.8,7756
2023-11-09 14:00:00+05:30,1369.8,1376.3,1369.8,1374.15,7396
2023-11-09 14:15:00+05:30,1374.15,1384.7,1372.45,1382.15,12214
2023-11-09 14:30:00+05:30,1382.15,1384.35,1380.0,1382.75,4376
2023-11-09 14:45:00+05:30,1382.7,1384.0,1380.0,1382.65,5119
2023-11-09 15:00:00+05:30,1382.65,1386.25,1380.0,1386.25,6373
2023-11-09 15:15:00+05:30,1385.8,1387.55,1380.0,1382.4,9510
2023-11-09 15:30:00+05:30,1382.4,1386.5,1380.0,1380.0,13740
2023-11-10 09:30:00+05:30,1375.0,1385.0,1372.25,1381.95,9377
2023-11-10 09:45:00+05:30,1381.95,1388.0,1376.0,1385.55,5974
2023-11-10 10:00:00+05:30,1387.5,1393.65,1385.0,1390.0,12449
2023-11-10 10:15:00+05:30,1390.0,1397.0,1387.5,1397.0,6725
2023-11-10 10:30:00+05:30,1396.0,1396.8,1385.35,1387.3,4391
2023-11-10 10:45:00+05:30,1387.3,1389.25,1385.05,1386.25,2726
2023-11-10 11:00:00+05:30,1386.25,1392.0,1385.0,1390.0,2912
2023-11-10 11:15:00+05:30,1391.45,1392.4,1386.45,1389.25,1371
2023-11-10 11:30:00+05:30,1389.25,1392.0,1388.95,1390.05,2478
2023-11-10 11:45:00+05:30,1390.05,1394.35,1390.0,1393.35,106296
2023-11-10 12:00:00+05:30,1394.7,1394.7,1390.5,1390.5,1357
2023-11-10 12:15:00+05:30,1391.95,1392.7,1390.5,1392.65,674
2023-11-10 12:30:00+05:30,1393.45,1393.45,1390.85,1391.05,834
2023-11-10 12:45:00+05:30,1392.0,1395.9,1390.6,1395.1,4179
2023-11-10 13:00:00+05:30,1396.0,1396.45,1391.6,1392.95,5175
2023-11-10 13:15:00+05:30,1393.7,1393.7,1391.2,1393.45,2259
2023-11-10 13:30:00+05:30,1393.45,1393.7,1391.6,1392.0,1083
2023-11-10 13:45:00+05:30,1392.0,1394.6,1390.9,1394.6,5721
2023-11-10 14:00:00+05:30,1394.6,1396.0,1392.0,1395.1,6786
2023-11-10 14:15:00+05:30,1395.6,1396.85,1393.45,1396.85,3565
2023-11-10 14:30:00+05:30,1396.85,1397.0,1393.25,1396.05,3282
2023-11-10 14:45:00+05:30,1396.05,1396.7,1392.05,1393.0,4435
2023-11-10 15:00:00+05:30,1393.0,1395.95,1392.15,1395.1,4779
2023-11-10 15:15:00+05:30,1395.7,1396.9,1393.0,1395.0,6850
2023-11-10 15:30:00+05:30,1393.55,1396.3,1390.0,1390.0,9109
2023-11-12 18:30:00+05:30,1388.95,1400.0,1381.1,1392.45,14647
2023-11-12 18:45:00+05:30,1392.45,1395.0,1388.7,1391.0,13553
2023-11-12 19:00:00+05:30,1391.85,1392.95,1386.6,1388.0,6804
2023-11-12 19:15:00+05:30,1388.0,1388.2,1380.6,1384.05,8393
2023-11-13 09:30:00+05:30,1391.0,1393.55,1377.15,1387.6,6130
2023-11-13 09:45:00+05:30,1387.6,1390.0,1382.05,1384.1,4412
2023-11-13 10:00:00+05:30,1384.1,1389.95,1381.1,1386.45,4013
2023-11-13 10:15:00+05:30,1386.45,1387.55,1383.05,1385.55,1419
2023-11-13 10:30:00+05:30,1385.55,1395.25,1382.5,1395.0,5878
2023-11-13 10:45:00+05:30,1395.0,1400.9,1394.0,1397.0,6456
2023-11-13 11:00:00+05:30,1397.0,1405.0,1397.0,1399.3,11040
2023-11-13 11:15:00+05:30,1399.3,1402.2,1398.05,1402.2,3304
2023-11-13 11:30:00+05:30,1402.2,1407.2,1401.8,1401.85,8660
2023-11-13 11:45:00+05:30,1401.85,1403.85,1400.95,1400.95,3242
2023-11-13 12:00:00+05:30,1400.95,1402.2,1399.05,1399.05,6174
2023-11-13 12:15:00+05:30,1399.9,1400.9,1398.4,1400.0,2470
2023-11-13 12:30:00+05:30,1400.0,1401.8,1398.55,1399.05,2651
2023-11-13 12:45:00+05:30,1399.05,1400.85,1397.85,1400.6,2778
2023-11-13 13:00:00+05:30,1400.6,1407.5,1397.7,1406.9,19089
2023-11-13 13:15:00+05:30,1406.9,1409.5,1404.4,1405.1,5138
2023-11-13 13:30:00+05:30,1405.2,1405.95,1402.55,1405.0,8193
2023-11-13 13:45:00+05:30,1405.0,1405.9,1404.85,1405.9,3260
2023-11-13 14:00:00+05:30,1405.2,1406.5,1404.85,1405.75,5515
2023-11-13 14:15:00+05:30,1405.75,1406.5,1404.9,1406.45,1987
2023-11-13 14:30:00+05:30,1406.45,1406.9,1405.3,1406.4,1282
2023-11-13 14:45:00+05:30,1406.4,1408.95,1402.9,1408.5,6912
2023-11-13 15:00:00+05:30,1408.5,1408.5,1406.05,1407.25,3012
2023-11-13 15:15:00+05:30,1407.25,1407.65,1404.1,1405.5,9577
2023-11-13 15:30:00+05:30,1405.55,1407.95,1404.25,1405.55,11814
2023-11-15 09:30:00+05:30,1405.8,1413.8,1379.1,1401.45,11736
2023-11-15 09:45:00+05:30,1402.0,1402.0,1400.0,1401.45,3597
2023-11-15 10:00:00+05:30,1402.0,1406.95,1400.0,1405.1,4384
2023-11-15 10:15:00+05:30,1405.55,1407.7,1405.0,1406.05,4109
2023-11-15 10:30:00+05:30,1406.05,1407.7,1405.05,1407.4,6037
2023-11-15 10:45:00+05:30,1407.4,1423.95,1407.4,1422.0,19832
2023-11-15 11:00:00+05:30,1422.0,1423.95,1419.7,1422.3,8315
2023-11-15 11:15:00+05:30,1423.35,1429.0,1422.0,1427.4,17499
2023-11-15 11:30:00+05:30,1427.4,1435.15,1425.85,1433.65,18614
2023-11-15 11:45:00+05:30,1433.75,1435.15,1430.0,1432.0,23093
2023-11-15 12:00:00+05:30,1432.0,1434.9,1430.4,1433.1,10709
2023-11-15 12:15:00+05:30,1434.9,1444.1,1431.95,1437.05,35146
2023-11-15 12:30:00+05:30,1437.05,1439.7,1435.05,1436.05,9841
2023-11-15 12:45:00+05:30,1436.05,1441.4,1435.95,1439.05,44807
2023-11-15 13:00:00+05:30,1439.05,1441.95,1438.3,1440.3,6751
2023-11-15 13:15:00+05:30,1440.3,1445.0,1440.1,1442.0,9800
2023-11-15 13:30:00+05:30,1442.0,1445.9,1440.15,1443.95,12398
2023-11-15 13:45:00+05:30,1443.95,1445.0,1441.15,1444.0,6018
2023-11-15 14:00:00+05:30,1444.0,1444.5,1441.6,1443.0,4781
2023-11-15 14:15:00+05:30,1443.0,1443.0,1434.05,1434.95,9751
2023-11-15 14:30:00+05:30,1434.95,1434.95,1424.45,1426.35,14007
2023-11-15 14:45:00+05:30,1426.35,1427.95,1418.0,1419.95,10186
2023-11-15 15:00:00+05:30,1420.0,1428.3,1417.0,1418.95,13121
2023-11-15 15:15:00+05:30,1419.4,1420.0,1413.6,1413.7,7781
2023-11-15 15:30:00+05:30,1414.95,1415.35,1393.9,1397.0,27379
2023-11-16 09:30:00+05:30,1404.45,1443.5,1390.0,1443.0,44999
2023-11-16 09:45:00+05:30,1443.85,1452.8,1439.7,1448.5,32125
2023-11-16 10:00:00+05:30,1449.0,1449.9,1442.4,1447.75,14926
2023-11-16 10:15:00+05:30,1447.75,1459.2,1446.4,1451.95,27901
2023-11-16 10:30:00+05:30,1451.95,1452.95,1445.2,1448.0,11037
2023-11-16 10:45:00+05:30,1448.95,1452.9,1447.9,1451.0,7795
2023-11-16 11:00:00+05:30,1451.0,1453.0,1448.05,1450.0,10716
2023-11-16 11:15:00+05:30,1450.0,1451.4,1447.1,1447.55,6134
2023-11-16 11:30:00+05:30,1448.2,1452.6,1446.55,1449.95,8432
2023-11-16 11:45:00+05:30,1450.0,1450.0,1446.55,1448.95,6017
2023-11-16 12:00:00+05:30,1449.0,1454.0,1447.0,1450.8,6709
2023-11-16 12:15:00+05:30,1450.8,1453.8,1450.05,1451.0,5110
2023-11-16 12:30:00+05:30,1451.0,1453.0,1450.0,1450.75,3866
2023-11-16 12:45:00+05:30,1450.75,1452.95,1450.65,1451.9,1596
2023-11-16 13:00:00+05:30,1451.9,1452.0,1448.0,1448.7,7025
2023-11-16 13:15:00+05:30,1449.3,1450.0,1446.45,1448.55,6533
2023-11-16 13:30:00+05:30,1448.95,1451.0,1448.2,1450.95,5554
2023-11-16 13:45:00+05:30,1450.1,1451.95,1447.05,1448.0,7004
2023-11-16 14:00:00+05:30,1448.75,1450.0,1447.35,1449.95,4857
2023-11-16 14:15:00+05:30,1449.95,1451.8,1447.1,1448.0,8156
2023-11-16 14:30:00+05:30,1448.0,1448.85,1446.0,1447.25,7671
2023-11-16 14:45:00+05:30,1447.25,1448.4,1446.0,1446.95,9266
2023-11-16 15:00:00+05:30,1446.95,1447.0,1436.0,1439.3,26285
2023-11-16 15:15:00+05:30,1439.95,1442.0,1433.5,1433.5,19414
2023-11-16 15:30:00+05:30,1433.5,1435.0,1425.0,1434.9,29590
2023-11-17 09:30:00+05:30,1434.9,1434.9,1401.25,1430.55,11653
2023-11-17 09:45:00+05:30,1430.55,1432.4,1427.05,1430.6,6337
2023-11-17 10:00:00+05:30,1430.6,1436.2,1428.65,1434.0,8179
2023-11-17 10:15:00+05:30,1434.25,1439.95,1433.55,1435.6,6835
2023-11-17 10:30:00+05:30,1435.6,1437.95,1433.6,1433.65,3851
2023-11-17 10:45:00+05:30,1433.65,1435.0,1429.85,1429.85,4434
2023-11-17 11:00:00+05:30,1429.85,1432.4,1425.05,1430.0,5132
2023-11-17 11:15:00+05:30,1430.0,1433.0,1429.05,1429.15,4360
2023-11-17 11:30:00+05:30,1429.15,1432.95,1428.85,1429.3,2497
2023-11-17 11:45:00+05:30,1429.3,1432.8,1422.25,1427.2,10323
2023-11-17 12:00:00+05:30,1427.2,1429.75,1425.75,1429.2,1904
2023-11-17 12:15:00+05:30,1429.2,1430.4,1428.1,1430.25,2443
2023-11-17 12:30:00+05:30,1430.25,1434.25,1428.85,1432.75,6548
2023-11-17 12:45:00+05:30,1434.0,1434.6,1427.05,1429.1,4176
2023-11-17 13:00:00+05:30,1429.1,1429.95,1427.35,1429.95,3850
2023-11-17 13:15:00+05:30,1429.05,1435.0,1426.85,1434.6,12307
2023-11-17 13:30:00+05:30,1434.65,1435.0,1428.8,1431.9,8714
2023-11-17 13:45:00+05:30,1431.9,1435.0,1429.15,1433.75,13961
2023-11-17 14:00:00+05:30,1433.75,1434.95,1431.05,1434.0,6946
2023-11-17 14:15:00+05:30,1434.0,1435.0,1432.95,1434.85,6677
2023-11-17 14:30:00+05:30,1434.85,1440.0,1433.65,1438.95,15041
2023-11-17 14:45:00+05:30,1438.95,1440.0,1434.95,1438.7,10355
2023-11-17 15:00:00+05:30,1438.6,1439.35,1433.05,1438.5,9260
2023-11-17 15:15:00+05:30,1438.75,1440.0,1437.6,1440.0,10964
2023-11-17 15:30:00+05:30,1440.0,1450.0,1433.0,1433.0,13663
2023-11-20 09:30:00+05:30,1445.05,1455.0,1438.25,1442.1,12220
2023-11-20 09:45:00+05:30,1442.1,1444.0,1434.05,1437.8,8048
2023-11-20 10:00:00+05:30,1437.8,1443.95,1435.7,1441.45,10243
2023-11-20 10:15:00+05:30,1441.4,1441.95,1439.1,1441.1,5827
2023-11-20 10:30:00+05:30,1441.1,1446.0,1441.1,1443.3,4746
2023-11-20 10:45:00+05:30,1443.35,1446.95,1441.5,1442.9,14186
2023-11-20 11:00:00+05:30,1442.9,1443.0,1438.9,1440.85,9115
2023-11-20 11:15:00+05:30,1440.85,1440.95,1436.7,1437.7,2063
2023-11-20 11:30:00+05:30,1437.05,1438.3,1434.85,1436.35,2269
2023-11-20 11:45:00+05:30,1436.35,1438.0,1433.05,1436.0,5716
2023-11-20 12:00:00+05:30,1436.0,1437.0,1433.7,1435.3,7337
2023-11-20 12:15:00+05:30,1435.3,1435.3,1428.1,1430.0,6840
2023-11-20 12:30:00+05:30,1430.0,1430.95,1429.0,1429.55,1023
2023-11-20 12:45:00+05:30,1429.55,1430.1,1426.75,1428.0,3135
2023-11-20 13:00:00+05:30,1428.0,1428.0,1423.0,1424.0,5307
2023-11-20 13:15:00+05:30,1423.1,1426.05,1421.2,1424.65,4556
2023-11-20 13:30:00+05:30,1424.65,1429.8,1422.8,1426.0,2138
2023-11-20 13:45:00+05:30,1426.0,1427.0,1424.0,1425.85,4697
2023-11-20 14:00:00+05:30,1425.85,1426.95,1423.0,1425.0,4818
2023-11-20 14:15:00+05:30,1425.0,1426.0,1423.05,1425.0,3005
2023-11-20 14:30:00+05:30,1424.3,1425.9,1421.1,1421.1,4356
2023-11-20 14:45:00+05:30,1421.1,1425.0,1419.0,1424.25,4487
2023-11-20 15:00:00+05:30,1424.25,1424.75,1418.65,1420.0,2754
2023-11-20 15:15:00+05:30,1420.0,1437.95,1417.0,1436.4,12233
2023-11-20 15:30:00+05:30,1436.5,1442.05,1425.15,1431.0,14817
2023-11-21 09:30:00+05:30,1431.95,1440.25,1422.5,1424.25,8704
2023-11-21 09:45:00+05:30,1424.25,1427.4,1420.0,1421.55,15169
2023-11-21 10:00:00+05:30,1423.0,1423.95,1420.3,1422.9,2416
2023-11-21 10:15:00+05:30,1422.9,1423.2,1420.05,1420.7,30921
2023-11-21 10:30:00+05:30,1420.7,1422.1,1416.9,1417.0,4436
2023-11-21 10:45:00+05:30,1417.0,1422.1,1416.0,1418.8,14563
2023-11-21 11:00:00+05:30,1418.8,1418.95,1410.6,1417.2,7166
2023-11-21 11:15:00+05:30,1417.2,1419.35,1412.5,1414.35,2119
2023-11-21 11:30:00+05:30,1414.35,1415.0,1411.05,1412.7,4060
2023-11-21 11:45:00+05:30,1414.0,1417.45,1412.1,1414.95,1580
2023-11-21 12:00:00+05:30,1414.95,1415.0,1413.0,1414.5,1973
2023-11-21 12:15:00+05:30,1414.5,1415.0,1414.15,1415.0,1340
2023-11-21 12:30:00+05:30,1415.0,1416.7,1411.0,1411.0,4413
2023-11-21 12:45:00+05:30,1411.0,1411.6,1407.3,1409.1,6552
2023-11-21 13:00:00+05:30,1409.1,1410.0,1403.4,1405.0,5280
2023-11-21 13:15:00+05:30,1405.0,1405.0,1402.95,1404.15,1217
2023-11-21 13:30:00+05:30,1404.15,1406.0,1403.35,1405.9,2951
2023-11-21 13:45:00+05:30,1405.9,1409.4,1405.1,1407.85,2793
2023-11-21 14:00:00+05:30,1407.85,1409.85,1404.5,1404.95,2121
2023-11-21 14:15:00+05:30,1405.0,1405.0,1402.3,1404.15,2294
2023-11-21 14:30:00+05:30,1404.15,1405.0,1397.0,1398.0,7537
2023-11-21 14:45:00+05:30,1399.0,1399.95,1395.05,1399.95,5025
2023-11-21 15:00:00+05:30,1399.95,1412.0,1385.2,1411.5,34934
2023-11-21 15:15:00+05:30,1411.5,1417.65,1409.7,1417.65,13129
2023-11-21 15:30:00+05:30,1417.65,1436.75,1415.05,1435.0,25367
2023-11-22 09:30:00+05:30,1422.5,1437.0,1412.5,1424.25,12109
2023-11-22 09:45:00+05:30,1424.25,1424.8,1419.3,1422.0,2264
2023-11-22 10:00:00+05:30,1422.0,1432.15,1420.45,1429.7,5468
2023-11-22 10:15:00+05:30,1429.7,1431.4,1425.0,1425.0,3276
2023-11-22 10:30:00+05:30,1425.0,1430.7,1424.0,1429.8,2253
2023-11-22 10:45:00+05:30,1429.8,1432.4,1427.35,1431.15,3274
2023-11-22 11:00:00+05:30,1431.0,1433.7,1430.05,1431.15,2972
2023-11-22 11:15:00+05:30,1431.9,1433.0,1430.05,1430.05,1896
2023-11-22 11:30:00+05:30,1430.05,1432.0,1430.05,1430.1,969
2023-11-22 11:45:00+05:30,1430.1,1432.6,1430.1,1431.0,939
2023-11-22 12:00:00+05:30,1431.0,1432.5,1430.15,1430.55,1156
2023-11-22 12:15:00+05:30,1430.55,1436.3,1430.0,1431.55,3748
2023-11-22 12:30:00+05:30,1431.0,1431.5,1424.05,1424.6,1699
2023-11-22 12:45:00+05:30,1424.6,1430.6,1424.6,1430.6,1292
2023-11-22 13:00:00+05:30,1430.6,1432.7,1426.05,1426.3,731
2023-11-22 13:15:00+05:30,1426.3,1439.8,1425.35,1434.45,6298
2023-11-22 13:30:00+05:30,1434.45,1434.9,1431.0,1433.4,1283
2023-11-22 13:45:00+05:30,1433.4,1434.05,1431.25,1433.35,836
2023-11-22 14:00:00+05:30,1433.35,1433.35,1426.45,1427.5,1536
2023-11-22 14:15:00+05:30,1427.5,1429.55,1427.0,1428.55,738
2023-11-22 14:30:00+05:30,1428.55,1431.4,1428.0,1430.65,1924
2023-11-22 14:45:00+05:30,1430.65,1433.0,1427.05,1427.1,2118
2023-11-22 15:00:00+05:30,1427.1,1434.05,1427.1,1431.1,4538
2023-11-22 15:15:00+05:30,1431.1,1435.95,1430.0,1433.0,7981
2023-11-22 15:30:00+05:30,1433.45,1436.0,1425.0,1436.0,11344
2023-11-23 09:30:00+05:30,1434.0,1438.65,1422.45,1433.0,3768
2023-11-23 09:45:00+05:30,1433.0,1433.0,1428.05,1431.15,1509
2023-11-23 10:00:00+05:30,1431.15,1431.9,1427.05,1427.15,1492
2023-11-23 10:15:00+05:30,1427.15,1429.9,1425.7,1425.9,1223
2023-11-23 10:30:00+05:30,1425.9,1427.1,1423.5,1425.35,1322
2023-11-23 10:45:00+05:30,1425.35,1426.9,1422.25,1423.65,1754
2023-11-23 11:00:00+05:30,1423.65,1424.85,1417.6,1422.3,3323
2023-11-23 11:15:00+05:30,1422.3,1424.5,1422.1,1422.1,520
2023-11-23 11:30:00+05:30,1422.1,1423.5,1420.3,1421.35,536
2023-11-23 11:45:00+05:30,1421.35,1424.6,1420.25,1420.35,1266
2023-11-23 12:00:00+05:30,1420.35,1432.9,1420.2,1431.95,3706
2023-11-23 12:15:00+05:30,1431.95,1433.0,1429.3,1432.95,7098
2023-11-23 12:30:00+05:30,1432.95,1449.0,1432.35,1446.6,21962
2023-11-23 12:45:00+05:30,1446.25,1449.0,1445.05,1448.25,8992
2023-11-23 13:00:00+05:30,1449.0,1451.05,1444.0,1447.7,12678
2023-11-23 13:15:00+05:30,1447.7,1448.95,1442.9,1444.0,13123
2023-11-23 13:30:00+05:30,1444.0,1446.0,1439.15,1439.85,17000
2023-11-23 13:45:00+05:30,1439.85,1445.0,1439.65,1443.95,15466
2023-11-23 14:00:00+05:30,1444.0,1455.0,1439.15,1449.65,27866
2023-11-23 14:15:00+05:30,1449.65,1450.0,1445.3,1447.75,14221
2023-11-23 14:30:00+05:30,1447.8,1448.0,1443.2,1447.4,11021
2023-11-23 14:45:00+05:30,1447.4,1447.7,1443.2,1444.9,8971
2023-11-23 15:00:00+05:30,1444.9,1445.0,1438.85,1445.0,13479
2023-11-23 15:15:00+05:30,1445.0,1445.0,1435.6,1438.35,14386
2023-11-23 15:30:00+05:30,1438.35,1439.4,1425.1,1430.0,12574
2023-11-24 09:30:00+05:30,1460.0,1477.15,1450.1,1455.15,68272
2023-11-24 09:45:00+05:30,1455.15,1455.15,1430.8,1435.05,29015
2023-11-24 10:00:00+05:30,1435.05,1436.25,1431.0,1431.2,10491
2023-11-24 10:15:00+05:30,1431.55,1432.0,1430.05,1431.0,3582
2023-11-24 10:30:00+05:30,1431.0,1434.05,1424.4,1431.0,12250
2023-11-24 10:45:00+05:30,1431.0,1435.0,1430.0,1432.9,4373
2023-11-24 11:00:00+05:30,1432.9,1434.0,1430.75,1433.6,2805
2023-11-24 11:15:00+05:30,1433.6,1442.0,1431.45,1438.7,14331
2023-11-24 11:30:00+05:30,1438.7,1439.9,1435.05,1435.95,1544
2023-11-24 11:45:00+05:30,1435.95,1436.4,1431.0,1431.75,3165
2023-11-24 12:00:00+05:30,1431.75,1436.0,1431.0,1433.45,2190
2023-11-24 12:15:00+05:30,1433.45,1435.25,1431.0,1431.2,2384
2023-11-24 12:30:00+05:30,1431.2,1437.0,1431.2,1434.95,5341
2023-11-24 12:45:00+05:30,1434.95,1437.75,1433.9,1437.5,7318
2023-11-24 13:00:00+05:30,1437.5,1437.5,1436.0,1437.0,6520
2023-11-24 13:15:00+05:30,1436.0,1437.0,1434.65,1437.0,7193
2023-11-24 13:30:00+05:30,1437.0,1437.5,1436.1,1437.0,10613
2023-11-24 13:45:00+05:30,1437.0,1439.0,1435.0,1438.75,10958
2023-11-24 14:00:00+05:30,1438.75,1440.0,1437.1,1438.0,9164
2023-11-24 14:15:00+05:30,1438.0,1438.0,1435.0,1437.5,8799
2023-11-24 14:30:00+05:30,1437.5,1437.85,1435.85,1436.95,7483
2023-11-24 14:45:00+05:30,1436.95,1437.0,1430.25,1433.0,9735
2023-11-24 15:00:00+05:30,1433.0,1439.0,1432.0,1436.5,7257
2023-11-24 15:15:00+05:30,1436.5,1439.0,1431.1,1433.8,10704
2023-11-24 15:30:00+05:30,1430.7,1433.45,1420.0,1421.0,20441
2023-11-28 09:30:00+05:30,1439.9,1439.9,1422.65,1422.65,6187
2023-11-28 09:45:00+05:30,1422.85,1444.2,1422.55,1442.3,15448
2023-11-28 10:00:00+05:30,1443.5,1455.9,1442.0,1455.3,20290
2023-11-28 10:15:00+05:30,1455.3,1463.15,1450.05,1453.0,23684
2023-11-28 10:30:00+05:30,1453.35,1465.0,1453.0,1459.95,21064
2023-11-28 10:45:00+05:30,1459.95,1461.3,1456.65,1460.3,9074
2023-11-28 11:00:00+05:30,1460.3,1469.65,1457.75,1465.9,13256
2023-11-28 11:15:00+05:30,1465.9,1469.8,1463.6,1467.4,8926
2023-11-28 11:30:00+05:30,1467.4,1469.45,1461.45,1467.0,14397
2023-11-28 11:45:00+05:30,1467.0,1486.0,1467.0,1483.0,45359
2023-11-28 12:00:00+05:30,1483.0,1515.95,1482.35,1506.0,155131
2023-11-28 12:15:00+05:30,1506.0,1506.0,1485.0,1487.0,67899
2023-11-28 12:30:00+05:30,1486.8,1492.6,1480.6,1487.0,29607
2023-11-28 12:45:00+05:30,1487.0,1497.95,1484.3,1492.1,17968
2023-11-28 13:00:00+05:30,1492.0,1495.0,1490.3,1490.95,15415
2023-11-28 13:15:00+05:30,1490.95,1492.6,1485.85,1489.0,9749
2023-11-28 13:30:00+05:30,1489.0,1494.65,1488.1,1490.0,8637
2023-11-28 13:45:00+05:30,1490.0,1494.85,1490.0,1494.0,6226
2023-11-28 14:00:00+05:30,1494.0,1495.0,1485.05,1489.95,11586
2023-11-28 14:15:00+05:30,1489.95,1489.95,1475.0,1476.25,14744
2023-11-28 14:30:00+05:30,1476.35,1485.3,1475.15,1478.65,6653
2023-11-28 14:45:00+05:30,1478.65,1485.1,1477.5,1483.2,23660
2023-11-28 15:00:00+05:30,1483.2,1483.2,1478.45,1480.65,6553
2023-11-28 15:15:00+05:30,1480.65,1482.75,1478.45,1479.0,32868
2023-11-28 15:30:00+05:30,1479.0,1484.35,1470.0,1477.0,31253
2023-11-29 09:30:00+05:30,1479.8,1489.9,1475.0,1475.95,9627
2023-11-29 09:45:00+05:30,1475.95,1475.95,1465.85,1472.05,9003
2023-11-29 10:00:00+05:30,1472.05,1480.0,1472.0,1478.0,7055
2023-11-29 10:15:00+05:30,1478.0,1488.3,1477.05,1488.3,13073
2023-11-29 10:30:00+05:30,1488.3,1495.15,1483.15,1486.5,11780
2023-11-29 10:45:00+05:30,1486.5,1487.85,1485.0,1485.0,1759
2023-11-29 11:00:00+05:30,1485.0,1486.9,1484.4,1485.45,4099
2023-11-29 11:15:00+05:30,1485.45,1486.2,1484.95,1485.15,860
2023-11-29 11:30:00+05:30,1485.15,1488.0,1485.0,1485.25,1502
2023-11-29 11:45:00+05:30,1485.25,1488.0,1483.35,1483.35,1413
2023-11-29 12:00:00+05:30,1484.0,1484.65,1480.0,1480.0,3771
2023-11-29 12:15:00+05:30,1480.0,1485.0,1480.0,1483.75,4376
2023-11-29 12:30:00+05:30,1483.75,1499.65,1481.75,1498.85,22510
2023-11-29 12:45:00+05:30,1498.85,1525.5,1496.0,1517.25,97733
2023-11-29 13:00:00+05:30,1517.25,1519.5,1510.0,1510.6,14154
2023-11-29 13:15:00+05:30,1510.6,1516.15,1510.0,1513.45,7828
2023-11-29 13:30:00+05:30,1513.45,1520.6,1511.7,1515.05,13806
2023-11-29 13:45:00+05:30,1515.05,1519.0,1514.85,1515.1,13296
2023-11-29 14:00:00+05:30,1515.1,1516.0,1509.2,1510.0,7873
2023-11-29 14:15:00+05:30,1510.0,1519.0,1510.0,1512.85,4717
2023-11-29 14:30:00+05:30,1512.85,1516.5,1509.0,1511.45,7570
2023-11-29 14:45:00+05:30,1511.45,1516.2,1509.8,1513.65,6529
2023-11-29 15:00:00+05:30,1513.95,1514.0,1511.0,1512.0,4214
2023-11-29 15:15:00+05:30,1511.0,1518.0,1511.0,1517.65,14926
2023-11-29 15:30:00+05:30,1517.65,1520.0,1511.6,1514.35,23403
2023-11-30 09:30:00+05:30,1519.8,1537.85,1516.25,1535.0,29552
2023-11-30 09:45:00+05:30,1535.0,1537.5,1528.0,1533.45,25651
2023-11-30 10:00:00+05:30,1533.75,1536.0,1507.2,1507.2,26701
2023-11-30 10:15:00+05:30,1508.5,1514.95,1493.85,1501.4,19333
2023-11-30 10:30:00+05:30,1501.25,1506.25,1498.8,1498.8,5252
2023-11-30 10:45:00+05:30,1499.0,1501.9,1496.0,1499.5,7576
2023-11-30 11:00:00+05:30,1499.5,1500.6,1497.25,1499.95,81048
2023-11-30 11:15:00+05:30,1500.0,1500.0,1496.0,1499.75,2466
2023-11-30 11:30:00+05:30,1499.75,1499.75,1494.0,1496.45,7008
2023-11-30 11:45:00+05:30,1496.0,1500.85,1486.5,1488.7,28368
2023-11-30 12:00:00+05:30,1489.75,1493.85,1487.0,1492.95,10058
2023-11-30 12:15:00+05:30,1492.95,1494.9,1490.0,1492.25,6819
2023-11-30 12:30:00+05:30,1492.25,1498.05,1492.05,1498.05,5665
2023-11-30 12:45:00+05:30,1498.05,1512.75,1494.8,1499.7,44269
2023-11-30 13:00:00+05:30,1499.7,1502.75,1497.95,1500.55,8155
2023-11-30 13:15:00+05:30,1500.5,1500.95,1496.35,1497.4,3379
2023-11-30 13:30:00+05:30,1497.4,1497.7,1493.1,1493.1,3192
2023-11-30 13:45:00+05:30,1493.1,1500.2,1492.25,1499.55,5174
2023-11-30 14:00:00+05:30,1499.55,1500.2,1495.9,1499.1,5827
2023-11-30 14:15:00+05:30,1499.5,1500.1,1492.1,1493.9,4978
2023-11-30 14:30:00+05:30,1493.9,1497.8,1490.0,1497.8,14639
2023-11-30 14:45:00+05:30,1497.8,1498.85,1494.0,1496.2,7116
2023-11-30 15:00:00+05:30,1497.4,1499.7,1494.2,1498.7,2957
2023-11-30 15:15:00+05:30,1498.7,1515.0,1498.5,1505.0,25588
2023-11-30 15:30:00+05:30,1505.0,1515.0,1501.75,1514.5,32360
2023-12-01 09:30:00+05:30,1533.95,1533.95,1510.05,1531.6,20823
2023-12-01 09:45:00+05:30,1531.25,1532.95,1526.5,1530.0,7626
2023-12-01 10:00:00+05:30,1530.0,1531.15,1526.05,1529.4,4651
2023-12-01 10:15:00+05:30,1529.55,1545.55,1527.05,1538.0,21103
2023-12-01 10:30:00+05:30,1538.0,1565.2,1537.05,1557.0,48866
2023-12-01 10:45:00+05:30,1557.0,1569.1,1554.0,1559.05,29703
2023-12-01 11:00:00+05:30,1558.95,1559.0,1545.0,1549.5,29029
2023-12-01 11:15:00+05:30,1549.5,1550.95,1546.0,1548.7,11933
2023-12-01 11:30:00+05:30,1548.7,1555.9,1544.05,1546.6,10703
2023-12-01 11:45:00+05:30,1546.6,1548.4,1543.5,1546.95,5838
2023-12-01 12:00:00+05:30,1547.0,1553.0,1546.75,1551.85,9005
2023-12-01 12:15:00+05:30,1551.85,1551.85,1543.25,1545.0,6266
2023-12-01 12:30:00+05:30,1545.0,1548.3,1544.0,1545.5,3718
2023-12-01 12:45:00+05:30,1545.5,1547.6,1544.3,1546.95,4800
2023-12-01 13:00:00+05:30,1546.95,1547.1,1540.0,1543.65,7717
2023-12-01 13:15:00+05:30,1543.65,1547.1,1541.15,1544.1,3485
2023-12-01 13:30:00+05:30,1544.1,1551.8,1544.05,1550.05,8819
2023-12-01 13:45:00+05:30,1549.5,1552.5,1549.0,1551.15,3397
2023-12-01 14:00:00+05:30,1551.15,1556.5,1549.25,1556.5,5255
2023-12-01 14:15:00+05:30,1556.9,1561.15,1554.25,1556.75,9697
2023-12-01 14:30:00+05:30,1556.75,1563.0,1554.6,1562.4,10869
2023-12-01 14:45:00+05:30,1562.95,1563.15,1560.0,1562.0,8710
2023-12-01 15:00:00+05:30,1562.0,1566.2,1560.0,1565.1,15739
2023-12-01 15:15:00+05:30,1565.1,1577.8,1564.0,1574.6,48871
2023-12-01 15:30:00+05:30,1574.6,1592.0,1560.0,1566.8,57131
2023-12-04 09:30:00+05:30,1596.35,1598.0,1550.5,1552.95,23149
2023-12-04 09:45:00+05:30,1552.1,1559.0,1548.35,1552.0,9849
2023-12-04 10:00:00+05:30,1552.55,1572.95,1550.95,1572.95,12723
2023-12-04 10:15:00+05:30,1572.95,1589.7,1570.55,1589.0,25743
2023-12-04 10:30:00+05:30,1588.0,1589.0,1577.0,1582.85,11941
2023-12-04 10:45:00+05:30,1582.85,1585.0,1575.0,1580.0,13860
2023-12-04 11:00:00+05:30,1580.0,1585.05,1578.55,1584.0,12799
2023-12-04 11:15:00+05:30,1584.0,1591.9,1583.45,1591.9,8999
2023-12-04 11:30:00+05:30,1591.9,1594.95,1585.0,1590.3,15773
2023-12-04 11:45:00+05:30,1590.3,1591.0,1587.25,1591.0,2153
2023-12-04 12:00:00+05:30,1591.0,1593.9,1590.05,1591.95,2579
2023-12-04 12:15:00+05:30,1591.95,1594.0,1588.65,1593.0,6977
2023-12-04 12:30:00+05:30,1592.95,1593.0,1590.25,1592.0,2886
2023-12-04 12:45:00+05:30,1592.0,1592.0,1589.7,1590.8,2335
2023-12-04 13:00:00+05:30,1590.8,1601.4,1589.45,1599.3,15438
2023-12-04 13:15:00+05:30,1599.3,1610.0,1596.3,1609.85,20868
2023-12-04 13:30:00+05:30,1609.85,1611.45,1600.5,1609.9,21030
2023-12-04 13:45:00+05:30,1608.65,1621.0,1608.25,1620.5,29238
2023-12-04 14:00:00+05:30,1620.5,1633.5,1618.75,1628.0,29380
2023-12-04 14:15:00+05:30,1628.0,1639.9,1627.0,1639.0,31271
2023-12-04 14:30:00+05:30,1639.0,1644.0,1630.0,1631.0,19140
2023-12-04 14:45:00+05:30,1631.0,1632.0,1618.8,1620.05,23709
2023-12-04 15:00:00+05:30,1620.05,1642.0,1620.05,1636.85,20755
2023-12-04 15:15:00+05:30,1637.0,1644.0,1635.0,1643.5,18949
2023-12-04 15:30:00+05:30,1643.5,1663.0,1641.0,1645.85,46876
2023-12-05 09:30:00+05:30,1646.4,1882.45,1646.0,1867.05,631435
2023-12-05 09:45:00+05:30,1868.9,1875.75,1790.0,1793.95,459854
2023-12-05 10:00:00+05:30,1792.15,1807.65,1782.8,1793.0,220276
2023-12-05 10:15:00+05:30,1793.0,1798.0,1770.0,1777.1,142721
2023-12-05 10:30:00+05:30,1777.1,1779.0,1757.0,1759.0,191169
2023-12-05 10:45:00+05:30,1759.0,1760.0,1747.05,1747.05,102564
2023-12-05 11:00:00+05:30,1747.05,1750.0,1740.15,1742.4,79208
2023-12-05 11:15:00+05:30,1740.85,1749.25,1740.0,1744.6,52543
2023-12-05 11:30:00+05:30,1745.0,1746.55,1728.3,1736.9,84751
2023-12-05 11:45:00+05:30,1735.15,1737.2,1726.1,1731.2,53967
2023-12-05 12:00:00+05:30,1731.2,1734.3,1721.05,1722.55,42744
2023-12-05 12:15:00+05:30,1723.15,1725.05,1714.55,1716.9,50027
2023-12-05 12:30:00+05:30,1716.9,1719.45,1711.0,1717.0,30643
2023-12-05 12:45:00+05:30,1718.0,1729.5,1712.3,1713.6,92588
2023-12-05 13:00:00+05:30,1713.6,1720.0,1706.1,1713.0,41932
2023-12-05 13:15:00+05:30,1713.0,1713.0,1705.5,1709.5,26868
2023-12-05 13:30:00+05:30,1709.5,1713.0,1701.55,1706.85,31668
2023-12-05 13:45:00+05:30,1706.85,1713.0,1704.0,1712.6,22492
2023-12-05 14:00:00+05:30,1712.6,1722.0,1708.6,1712.95,48634
2023-12-05 14:15:00+05:30,1712.95,1729.0,1712.95,1726.5,36137
2023-12-05 14:30:00+05:30,1726.65,1727.95,1715.0,1719.0,28030
2023-12-05 14:45:00+05:30,1719.0,1723.45,1715.85,1719.05,23955
2023-12-05 15:00:00+05:30,1719.05,1740.0,1719.0,1739.55,61066
2023-12-05 15:15:00+05:30,1739.55,1740.0,1715.0,1720.55,74546
2023-12-05 15:30:00+05:30,1720.55,1721.0,1700.05,1714.9,89719
2023-12-06 09:30:00+05:30,1729.0,1729.0,1692.0,1692.55,49295
2023-12-06 09:45:00+05:30,1692.5,1702.75,1688.1,1696.95,23645
2023-12-06 10:00:00+05:30,1696.95,1705.0,1695.1,1697.0,9971
2023-12-06 10:15:00+05:30,1697.0,1712.0,1695.65,1702.0,13396
2023-12-06 10:30:00+05:30,1702.0,1706.0,1700.05,1706.0,4962
2023-12-06 10:45:00+05:30,1704.05,1706.35,1700.05,1703.3,2490
2023-12-06 11:00:00+05:30,1703.3,1705.0,1700.45,1702.1,2474
2023-12-06 11:15:00+05:30,1702.05,1703.45,1700.0,1701.5,3803
2023-12-06 11:30:00+05:30,1701.5,1704.85,1690.3,1693.45,6502
2023-12-06 11:45:00+05:30,1693.45,1695.9,1690.3,1691.1,4201
2023-12-06 12:00:00+05:30,1691.1,1706.0,1690.0,1705.65,9816
2023-12-06 12:15:00+05:30,1705.65,1706.7,1701.9,1703.1,8646
2023-12-06 12:30:00+05:30,1703.4,1710.5,1702.3,1708.45,7006
2023-12-06 12:45:00+05:30,1708.5,1710.1,1698.0,1704.0,9101
2023-12-06 13:00:00+05:30,1704.25,1708.6,1701.55,1706.15,7872
2023-12-06 13:15:00+05:30,1706.5,1710.0,1705.6,1709.1,5999
2023-12-06 13:30:00+05:30,1709.1,1709.8,1680.0,1681.4,16160
2023-12-06 13:45:00+05:30,1682.55,1683.25,1670.35,1674.95,17936
2023-12-06 14:00:00+05:30,1675.0,1677.8,1673.6,1675.0,12790
2023-12-06 14:15:00+05:30,1674.95,1675.0,1672.1,1675.0,9232
2023-12-06 14:30:00+05:30,1675.0,1675.0,1667.3,1670.0,11080
2023-12-06 14:45:00+05:30,1670.0,1677.15,1668.0,1675.15,7785
2023-12-06 15:00:00+05:30,1675.15,1677.0,1669.0,1670.6,9080
2023-12-06 15:15:00+05:30,1670.6,1678.0,1670.6,1675.95,16782
2023-12-06 15:30:00+05:30,1675.95,1678.0,1666.3,1675.0,24731
2023-12-07 09:30:00+05:30,1675.0,1690.0,1642.5,1642.5,24991
2023-12-07 09:45:00+05:30,1643.0,1650.0,1636.55,1641.75,18210
2023-12-07 10:00:00+05:30,1641.75,1654.0,1637.95,1653.0,13157
2023-12-07 10:15:00+05:30,1651.0,1654.0,1639.3,1641.9,9890
2023-12-07 10:30:00+05:30,1643.0,1654.2,1639.1,1650.55,15115
2023-12-07 10:45:00+05:30,1650.1,1657.1,1643.2,1655.3,6301
2023-12-07 11:00:00+05:30,1655.3,1662.0,1647.6,1652.75,9076
2023-12-07 11:15:00+05:30,1652.75,1655.0,1648.0,1648.0,5141
2023-12-07 11:30:00+05:30,1648.0,1651.5,1647.0,1647.0,2433
2023-12-07 11:45:00+05:30,1647.0,1647.95,1642.1,1642.65,4351
2023-12-07 12:00:00+05:30,1642.65,1644.0,1642.0,1642.95,2935
2023-12-07 12:15:00+05:30,1642.55,1647.0,1642.15,1644.6,4807
2023-12-07 12:30:00+05:30,1644.6,1656.8,1642.55,1653.75,11175
2023-12-07 12:45:00+05:30,1653.75,1653.85,1641.2,1641.85,8704
2023-12-07 13:00:00+05:30,1641.8,1645.35,1625.15,1626.1,38666
2023-12-07 13:15:00+05:30,1626.1,1627.0,1618.2,1618.8,15521
2023-12-07 13:30:00+05:30,1620.0,1620.0,1610.2,1611.8,21000
2023-12-07 13:45:00+05:30,1611.8,1614.0,1611.15,1613.35,11352
2023-12-07 14:00:00+05:30,1613.35,1614.0,1603.0,1604.95,25372
2023-12-07 14:15:00+05:30,1604.95,1610.0,1604.0,1608.5,15393
2023-12-07 14:30:00+05:30,1608.5,1615.0,1608.0,1609.25,10312
2023-12-07 14:45:00+05:30,1609.25,1610.6,1608.05,1609.3,8191
2023-12-07 15:00:00+05:30,1609.3,1610.0,1604.0,1606.55,12881
2023-12-07 15:15:00+05:30,1606.55,1614.0,1605.5,1606.5,21066
2023-12-07 15:30:00+05:30,1605.5,1612.0,1603.8,1610.0,33051
2023-12-08 09:30:00+05:30,1617.8,1626.95,1611.7,1618.0,14637
2023-12-08 09:45:00+05:30,1618.0,1618.0,1593.05,1596.95,16369
2023-12-08 10:00:00+05:30,1596.95,1598.45,1585.0,1585.6,24407
2023-12-08 10:15:00+05:30,1585.6,1589.0,1582.0,1584.45,8038
2023-12-08 10:30:00+05:30,1583.6,1585.45,1571.05,1574.25,23563
2023-12-08 10:45:00+05:30,1574.25,1577.5,1572.0,1576.8,9100
2023-12-08 11:00:00+05:30,1576.8,1578.95,1571.5,1573.4,4712
2023-12-08 11:15:00+05:30,1574.9,1575.1,1571.05,1573.85,8183
2023-12-08 11:30:00+05:30,1573.85,1576.85,1572.5,1575.55,5986
2023-12-08 11:45:00+05:30,1575.55,1576.75,1572.0,1572.95,3597
2023-12-08 12:00:00+05:30,1572.95,1574.05,1568.05,1569.0,6852
2023-12-08 12:15:00+05:30,1569.2,1570.7,1564.05,1566.25,7535
2023-12-08 12:30:00+05:30,1566.25,1570.0,1564.1,1569.4,3837
2023-12-08 12:45:00+05:30,1569.4,1574.45,1567.25,1572.6,5957
2023-12-08 13:00:00+05:30,1572.6,1573.65,1566.5,1568.3,7763
2023-12-08 13:15:00+05:30,1568.3,1575.1,1565.0,1574.95,7883
2023-12-08 13:30:00+05:30,1574.95,1582.15,1573.1,1573.9,10415
2023-12-08 13:45:00+05:30,1573.9,1574.95,1570.55,1572.6,3872
2023-12-08 14:00:00+05:30,1572.6,1572.6,1568.1,1570.0,2208
2023-12-08 14:15:00+05:30,1570.0,1578.35,1569.3,1575.0,3909
2023-12-08 14:30:00+05:30,1575.0,1575.95,1573.1,1574.9,1712
2023-12-08 14:45:00+05:30,1574.9,1577.3,1569.2,1572.95,3190
2023-12-08 15:00:00+05:30,1571.4,1575.15,1570.4,1574.85,3598
2023-12-08 15:15:00+05:30,1574.85,1575.0,1566.55,1569.0,9053
2023-12-08 15:30:00+05:30,1569.0,1574.5,1562.0,1573.0,24017
2023-12-11 09:30:00+05:30,1587.45,1610.0,1573.0,1597.25,31727
2023-12-11 09:45:00+05:30,1597.25,1601.05,1587.0,1591.35,12222
2023-12-11 10:00:00+05:30,1591.35,1601.1,1590.9,1596.15,10514
2023-12-11 10:15:00+05:30,1596.2,1601.4,1592.05,1596.5,18273
2023-12-11 10:30:00+05:30,1596.5,1600.45,1595.0,1599.9,3520
2023-12-11 10:45:00+05:30,1599.9,1607.7,1597.7,1600.0,20684
2023-12-11 11:00:00+05:30,1601.85,1653.5,1600.0,1649.95,99528
2023-12-11 11:15:00+05:30,1649.95,1662.8,1632.25,1653.05,98741
2023-12-11 11:30:00+05:30,1653.05,1659.0,1638.8,1649.5,50247
2023-12-11 11:45:00+05:30,1649.5,1655.0,1646.15,1650.6,28709
2023-12-11 12:00:00+05:30,1650.0,1650.9,1635.65,1647.25,24688
2023-12-11 12:15:00+05:30,1647.25,1661.5,1646.8,1655.0,36225
2023-12-11 12:30:00+05:30,1655.0,1656.3,1645.8,1647.0,13703
2023-12-11 12:45:00+05:30,1647.0,1648.95,1638.3,1640.0,24204
2023-12-11 13:00:00+05:30,1639.15,1645.0,1635.8,1637.5,14485
2023-12-11 13:15:00+05:30,1635.85,1642.95,1635.35,1642.7,5763
2023-12-11 13:30:00+05:30,1642.7,1645.0,1640.95,1642.0,2560
2023-12-11 13:45:00+05:30,1642.0,1643.5,1637.2,1638.75,7848
2023-12-11 14:00:00+05:30,1638.75,1640.0,1637.0,1639.95,11741
2023-12-11 14:15:00+05:30,1639.95,1640.0,1636.05,1637.0,5918
2023-12-11 14:30:00+05:30,1637.0,1639.0,1631.65,1638.45,8488
2023-12-11 14:45:00+05:30,1638.45,1655.0,1637.1,1651.95,28701
2023-12-11 15:00:00+05:30,1651.95,1660.85,1648.15,1656.85,37536
2023-12-11 15:15:00+05:30,1656.85,1663.25,1653.45,1658.25,29223
2023-12-11 15:30:00+05:30,1660.0,1674.0,1657.55,1672.0,56609
2023-12-12 09:30:00+05:30,1663.1,1683.85,1640.0,1643.3,52246
2023-12-12 09:45:00+05:30,1643.3,1649.25,1636.0,1642.65,23673
2023-12-12 10:00:00+05:30,1642.85,1650.85,1632.1,1635.15,14906
2023-12-12 10:15:00+05:30,1636.55,1643.0,1633.5,1638.5,10689
2023-12-12 10:30:00+05:30,1638.95,1639.4,1632.5,1636.55,7023
2023-12-12 10:45:00+05:30,1636.55,1640.05,1635.0,1637.5,3501
2023-12-12 11:00:00+05:30,1637.5,1638.95,1636.0,1636.75,2406
2023-12-12 11:15:00+05:30,1637.25,1641.0,1636.75,1639.0,3824
2023-12-12 11:30:00+05:30,1639.0,1639.9,1633.05,1633.3,3960
2023-12-12 11:45:00+05:30,1633.3,1638.6,1632.0,1636.25,4104
2023-12-12 12:00:00+05:30,1636.25,1637.55,1634.0,1635.35,2230
2023-12-12 12:15:00+05:30,1635.35,1637.0,1634.05,1634.1,3370
2023-12-12 12:30:00+05:30,1634.1,1636.7,1633.0,1633.0,2281
2023-12-12 12:45:00+05:30,1633.0,1643.95,1633.0,1638.9,4191
2023-12-12 13:00:00+05:30,1638.9,1638.9,1635.0,1635.15,1782
2023-12-12 13:15:00+05:30,1635.15,1642.0,1635.0,1636.35,3855
2023-12-12 13:30:00+05:30,1636.35,1642.6,1635.9,1640.2,2402
2023-12-12 13:45:00+05:30,1640.2,1640.85,1635.0,1636.6,4621
2023-12-12 14:00:00+05:30,1636.6,1638.5,1635.25,1635.65,1233
2023-12-12 14:15:00+05:30,1635.65,1639.55,1635.3,1635.3,2011
2023-12-12 14:30:00+05:30,1635.3,1636.9,1625.0,1628.95,8568
2023-12-12 14:45:00+05:30,1628.95,1634.95,1625.2,1625.2,3230
2023-12-12 15:00:00+05:30,1625.2,1629.3,1611.2,1615.5,16951
2023-12-12 15:15:00+05:30,1615.5,1624.3,1606.4,1615.0,25383
2023-12-12 15:30:00+05:30,1614.15,1627.75,1605.0,1627.0,28386
2023-12-13 09:30:00+05:30,1641.0,1643.1,1616.0,1635.6,21926
2023-12-13 09:45:00+05:30,1635.6,1639.0,1625.0,1633.75,12056
2023-12-13 10:00:00+05:30,1634.45,1634.8,1619.05,1621.1,7663
2023-12-13 10:15:00+05:30,1621.1,1631.55,1620.1,1630.8,3587
2023-12-13 10:30:00+05:30,1630.8,1639.9,1627.4,1636.0,9372
2023-12-13 10:45:00+05:30,1637.1,1652.0,1636.0,1650.0,13401
2023-12-13 11:00:00+05:30,1650.0,1651.0,1640.05,1643.75,11648
2023-12-13 11:15:00+05:30,1643.75,1651.85,1643.75,1650.0,7902
2023-12-13 11:30:00+05:30,1650.0,1659.0,1648.4,1655.0,11373
2023-12-13 11:45:00+05:30,1655.05,1656.15,1647.0,1651.05,12579
2023-12-13 12:00:00+05:30,1651.05,1656.5,1651.0,1652.2,5025
2023-12-13 12:15:00+05:30,1652.2,1664.7,1650.05,1663.05,10623
2023-12-13 12:30:00+05:30,1663.05,1683.45,1660.5,1683.0,42096
2023-12-13 12:45:00+05:30,1683.05,1710.0,1679.75,1709.95,105981
2023-12-13 13:00:00+05:30,1710.0,1710.0,1685.15,1688.65,54232
2023-12-13 13:15:00+05:30,1689.0,1694.4,1686.3,1687.55,13944
2023-12-13 13:30:00+05:30,1687.55,1694.0,1685.1,1687.3,16533
2023-12-13 13:45:00+05:30,1687.3,1697.9,1685.6,1690.8,11607
2023-12-13 14:00:00+05:30,1690.8,1693.85,1688.0,1692.05,5314
2023-12-13 14:15:00+05:30,1692.05,1694.05,1689.0,1691.75,9248
2023-12-13 14:30:00+05:30,1691.75,1694.0,1682.2,1689.0,20026
2023-12-13 14:45:00+05:30,1689.0,1693.15,1685.15,1686.7,6252
2023-12-13 15:00:00+05:30,1686.7,1692.0,1685.0,1688.7,9047
2023-12-13 15:15:00+05:30,1688.7,1700.0,1687.9,1693.35,29672
2023-12-13 15:30:00+05:30,1693.0,1700.0,1685.0,1694.0,32534
2023-12-14 09:30:00+05:30,1715.0,1715.0,1695.2,1705.85,27416
2023-12-14 09:45:00+05:30,1705.85,1707.0,1695.2,1696.0,12065
2023-12-14 10:00:00+05:30,1696.95,1697.2,1686.25,1690.05,11225
2023-12-14 10:15:00+05:30,1690.05,1699.95,1687.05,1687.05,8092
2023-12-14 10:30:00+05:30,1689.1,1690.15,1686.3,1686.55,3157
2023-12-14 10:45:00+05:30,1686.55,1689.0,1677.0,1677.55,5794
2023-12-14 11:00:00+05:30,1677.55,1682.35,1677.0,1682.15,4299
2023-12-14 11:15:00+05:30,1682.15,1683.5,1675.7,1677.25,3466
2023-12-14 11:30:00+05:30,1677.25,1683.3,1675.3,1683.15,2425
2023-12-14 11:45:00+05:30,1683.15,1683.5,1673.85,1676.55,9199
2023-12-14 12:00:00+05:30,1676.55,1681.9,1675.35,1680.55,2387
2023-12-14 12:15:00+05:30,1680.55,1680.75,1676.0,1678.4,3076
2023-12-14 12:30:00+05:30,1678.4,1680.35,1676.8,1678.55,1350
2023-12-14 12:45:00+05:30,1678.55,1679.9,1678.0,1678.2,723
2023-12-14 13:00:00+05:30,1678.0,1680.9,1675.0,1680.9,3821
2023-12-14 13:15:00+05:30,1679.7,1681.0,1663.85,1666.0,12399
2023-12-14 13:30:00+05:30,1666.0,1673.9,1666.0,1670.95,2625
2023-12-14 13:45:00+05:30,1670.95,1673.5,1669.15,1672.4,1721
2023-12-14 14:00:00+05:30,1672.4,1672.7,1667.05,1667.05,3930
2023-12-14 14:15:00+05:30,1667.05,1668.0,1664.0,1666.25,5505
2023-12-14 14:30:00+05:30,1666.25,1668.0,1665.0,1667.5,2252
2023-12-14 14:45:00+05:30,1667.6,1667.95,1655.45,1660.0,10307
2023-12-14 15:00:00+05:30,1661.0,1661.15,1631.7,1633.95,27910
2023-12-14 15:15:00+05:30,1634.95,1653.0,1631.4,1648.05,25924
2023-12-14 15:30:00+05:30,1648.05,1655.0,1640.0,1652.9,28900
2023-12-15 09:30:00+05:30,1670.0,1670.0,1645.0,1647.65,25212
2023-12-15 09:45:00+05:30,1647.65,1650.15,1633.55,1636.0,13603
2023-12-15 10:00:00+05:30,1636.0,1651.75,1636.0,1639.4,10698
2023-12-15 10:15:00+05:30,1639.4,1640.0,1636.0,1638.05,5555
2023-12-15 10:30:00+05:30,1638.05,1639.2,1632.3,1635.15,7103
2023-12-15 10:45:00+05:30,1635.15,1637.25,1634.2,1636.1,2455
2023-12-15 11:00:00+05:30,1636.1,1636.55,1633.0,1634.35,3365
2023-12-15 11:15:00+05:30,1634.35,1635.95,1633.0,1634.45,1726
2023-12-15 11:30:00+05:30,1634.45,1634.55,1633.0,1633.95,1671
2023-12-15 11:45:00+05:30,1633.95,1637.2,1633.0,1635.0,1771
2023-12-15 12:00:00+05:30,1635.0,1640.0,1633.0,1636.0,4755
2023-12-15 12:15:00+05:30,1636.0,1637.15,1625.1,1627.0,8009
2023-12-15 12:30:00+05:30,1628.05,1628.7,1626.1,1627.0,1715
2023-12-15 12:45:00+05:30,1627.0,1628.7,1626.2,1627.05,2908
2023-12-15 13:00:00+05:30,1627.05,1628.8,1627.0,1627.85,5268
2023-12-15 13:15:00+05:30,1627.85,1628.05,1626.0,1626.05,1861
2023-12-15 13:30:00+05:30,1626.05,1628.85,1626.0,1627.9,1124
2023-12-15 13:45:00+05:30,1627.9,1628.5,1626.05,1627.1,1639
2023-12-15 14:00:00+05:30,1627.1,1628.35,1625.25,1627.4,2750
2023-12-15 14:15:00+05:30,1627.4,1628.3,1626.3,1627.75,1186
2023-12-15 14:30:00+05:30,1627.75,1628.4,1626.1,1628.3,1703
2023-12-15 14:45:00+05:30,1628.3,1628.6,1626.3,1628.25,3104
2023-12-15 15:00:00+05:30,1628.25,1628.4,1627.0,1628.3,3373
2023-12-15 15:15:00+05:30,1628.95,1628.95,1610.0,1613.95,49636
2023-12-15 15:30:00+05:30,1613.95,1614.85,1598.75,1610.6,52022
2023-12-18 09:30:00+05:30,1622.0,1629.95,1600.3,1610.8,21646
2023-12-18 09:45:00+05:30,1610.8,1612.25,1599.95,1603.75,10784
2023-12-18 10:00:00+05:30,1603.75,1607.4,1602.0,1604.25,5516
2023-12-18 10:15:00+05:30,1604.3,1608.0,1596.65,1596.65,23460
2023-12-18 10:30:00+05:30,1597.8,1600.95,1591.05,1597.0,12109
2023-12-18 10:45:00+05:30,1598.0,1598.0,1595.0,1596.0,4517
2023-12-18 11:00:00+05:30,1596.0,1596.85,1594.4,1595.25,3724
2023-12-18 11:15:00+05:30,1595.2,1596.65,1593.0,1595.15,4605
2023-12-18 11:30:00+05:30,1595.15,1596.0,1594.0,1595.0,1969
2023-12-18 11:45:00+05:30,1595.0,1595.75,1591.5,1593.0,5194
2023-12-18 12:00:00+05:30,1593.0,1593.0,1588.0,1591.7,12364
2023-12-18 12:15:00+05:30,1591.7,1593.0,1590.2,1592.5,2669
2023-12-18 12:30:00+05:30,1592.15,1593.5,1591.0,1592.5,3328
2023-12-18 12:45:00+05:30,1592.5,1592.95,1591.0,1592.5,1419
2023-12-18 13:00:00+05:30,1592.5,1593.85,1591.65,1592.0,2460
2023-12-18 13:15:00+05:30,1592.0,1593.85,1592.0,1592.2,1751
2023-12-18 13:30:00+05:30,1593.0,1593.8,1592.0,1593.0,1863
2023-12-18 13:45:00+05:30,1593.0,1593.0,1591.15,1592.3,2163
2023-12-18 14:00:00+05:30,1592.6,1594.95,1592.0,1592.5,5479
2023-12-18 14:15:00+05:30,1592.5,1593.6,1592.0,1593.0,1781
2023-12-18 14:30:00+05:30,1593.0,1594.0,1591.0,1593.0,7629
2023-12-18 14:45:00+05:30,1593.0,1593.0,1575.05,1575.45,41805
2023-12-18 15:00:00+05:30,1575.5,1580.75,1573.0,1575.0,14750
2023-12-18 15:15:00+05:30,1574.05,1575.0,1555.65,1559.95,58317
2023-12-18 15:30:00+05:30,1559.95,1570.0,1555.05,1569.75,44518
2023-12-19 09:30:00+05:30,1580.0,1580.0,1545.0,1546.8,55704
2023-12-19 09:45:00+05:30,1546.85,1546.95,1535.65,1535.65,26489
2023-12-19 10:00:00+05:30,1536.9,1540.0,1526.1,1536.05,48566
2023-12-19 10:15:00+05:30,1536.95,1541.95,1531.05,1533.95,16948
2023-12-19 10:30:00+05:30,1533.95,1534.95,1526.05,1528.0,20946
2023-12-19 10:45:00+05:30,1528.0,1530.0,1522.5,1525.0,18763
2023-12-19 11:00:00+05:30,1525.0,1529.5,1522.9,1527.2,9448
2023-12-19 11:15:00+05:30,1527.5,1528.2,1518.15,1524.3,52352
2023-12-19 11:30:00+05:30,1524.95,1527.0,1522.0,1525.75,13929
2023-12-19 11:45:00+05:30,1525.75,1527.0,1522.05,1524.9,10628
2023-12-19 12:00:00+05:30,1524.9,1525.95,1524.0,1525.95,5488
2023-12-19 12:15:00+05:30,1525.0,1527.0,1523.8,1523.8,11447
2023-12-19 12:30:00+05:30,1524.55,1525.0,1516.05,1518.1,49321
2023-12-19 12:45:00+05:30,1517.1,1519.0,1513.45,1518.9,68507
2023-12-19 13:00:00+05:30,1518.9,1525.85,1517.55,1525.35,30380
2023-12-19 13:15:00+05:30,1524.8,1526.9,1523.1,1525.5,19777
2023-12-19 13:30:00+05:30,1525.5,1543.95,1525.05,1542.55,41863
2023-12-19 13:45:00+05:30,1544.2,1555.55,1540.05,1549.7,43051
2023-12-19 14:00:00+05:30,1549.7,1554.9,1547.05,1548.75,20242
2023-12-19 14:15:00+05:30,1548.75,1551.0,1540.6,1544.0,14591
2023-12-19 14:30:00+05:30,1544.0,1545.8,1537.95,1542.2,10093
2023-12-19 14:45:00+05:30,1542.2,1543.0,1530.15,1538.35,29422
2023-12-19 15:00:00+05:30,1538.4,1540.15,1530.05,1533.4,16721
2023-12-19 15:15:00+05:30,1533.4,1538.1,1531.7,1534.75,8601
2023-12-19 15:30:00+05:30,1534.75,1552.0,1534.55,1550.0,26110
2023-12-20 09:30:00+05:30,1545.0,1585.0,1541.65,1576.95,71803
2023-12-20 09:45:00+05:30,1576.95,1581.95,1569.5,1576.2,36693
2023-12-20 10:00:00+05:30,1576.2,1589.0,1574.9,1583.45,36651
2023-12-20 10:15:00+05:30,1582.05,1586.0,1580.0,1583.5,21307
2023-12-20 10:30:00+05:30,1583.5,1594.1,1580.75,1590.3,49803
2023-12-20 10:45:00+05:30,1590.3,1597.0,1588.05,1595.2,22137
2023-12-20 11:00:00+05:30,1595.2,1603.4,1590.0,1595.45,28877
2023-12-20 11:15:00+05:30,1595.45,1599.0,1587.0,1589.25,23439
2023-12-20 11:30:00+05:30,1589.25,1592.85,1578.9,1589.3,41604
2023-12-20 11:45:00+05:30,1589.8,1596.4,1588.25,1595.3,12391
2023-12-20 12:00:00+05:30,1595.3,1595.3,1586.5,1594.3,11017
2023-12-20 12:15:00+05:30,1594.3,1594.75,1586.8,1588.45,8639
2023-12-20 12:30:00+05:30,1587.85,1590.0,1584.1,1587.25,12835
2023-12-20 12:45:00+05:30,1587.85,1594.05,1586.9,1593.5,12032
2023-12-20 13:00:00+05:30,1594.0,1595.0,1591.9,1594.45,19804
2023-12-20 13:15:00+05:30,1594.45,1595.0,1592.05,1594.2,21964
2023-12-20 13:30:00+05:30,1594.95,1604.8,1585.55,1589.4,46503
2023-12-20 13:45:00+05:30,1590.95,1603.0,1575.95,1600.75,57697
2023-12-20 14:00:00+05:30,1600.75,1601.8,1587.7,1595.0,45471
2023-12-20 14:15:00+05:30,1595.0,1608.95,1588.6,1604.0,74721
2023-12-20 14:30:00+05:30,1604.0,1605.75,1593.35,1599.15,38690
2023-12-20 14:45:00+05:30,1599.15,1603.0,1592.4,1595.05,39524
2023-12-20 15:00:00+05:30,1595.1,1605.85,1591.8,1594.4,35355
2023-12-20 15:15:00+05:30,1594.4,1602.2,1587.0,1588.0,53214
2023-12-20 15:30:00+05:30,1587.0,1588.25,1576.0,1580.15,57163
2023-12-21 09:30:00+05:30,1580.0,1590.0,1552.25,1576.65,56024
2023-12-21 09:45:00+05:30,1576.65,1583.0,1565.75,1578.6,11552
2023-12-21 10:00:00+05:30,1578.6,1587.8,1575.45,1586.95,9939
2023-12-21 10:15:00+05:30,1586.95,1589.35,1580.55,1580.65,5537
2023-12-21 10:30:00+05:30,1582.85,1582.9,1573.05,1573.2,5496
2023-12-21 10:45:00+05:30,1574.0,1585.0,1568.15,1585.0,6047
2023-12-21 11:00:00+05:30,1585.0,1595.0,1585.0,1586.05,7965
2023-12-21 11:15:00+05:30,1586.05,1586.05,1573.3,1577.9,6335
2023-12-21 11:30:00+05:30,1577.9,1577.9,1567.0,1572.55,7737
2023-12-21 11:45:00+05:30,1572.55,1577.0,1570.6,1576.1,3224
2023-12-21 12:00:00+05:30,1576.1,1576.6,1571.6,1574.55,2447
2023-12-21 12:15:00+05:30,1574.55,1579.4,1574.55,1575.95,3693
2023-12-21 12:30:00+05:30,1575.95,1587.2,1573.1,1585.95,7707
2023-12-21 12:45:00+05:30,1585.95,1585.95,1579.3,1581.7,2831
2023-12-21 13:00:00+05:30,1581.7,1581.95,1575.0,1576.15,4563
2023-12-21 13:15:00+05:30,1576.9,1577.4,1571.0,1575.0,7318
2023-12-21 13:30:00+05:30,1575.35,1575.4,1573.35,1573.35,1236
2023-12-21 13:45:00+05:30,1574.0,1574.7,1565.1,1568.0,9346
2023-12-21 14:00:00+05:30,1568.0,1569.85,1561.0,1566.45,7239
2023-12-21 14:15:00+05:30,1566.45,1567.0,1562.55,1565.4,4383
2023-12-21 14:30:00+05:30,1565.4,1569.95,1564.15,1569.4,6389
2023-12-21 14:45:00+05:30,1569.4,1582.0,1569.4,1580.75,11229
2023-12-21 15:00:00+05:30,1580.75,1582.8,1578.5,1581.95,10776
2023-12-21 15:15:00+05:30,1581.95,1582.55,1572.95,1576.95,7813
2023-12-21 15:30:00+05:30,1576.95,1587.0,1575.8,1581.0,10025
2023-12-22 09:30:00+05:30,1595.6,1605.0,1586.0,1587.0,15653
2023-12-22 09:45:00+05:30,1587.0,1604.0,1586.05,1593.5,12850
2023-12-22 10:00:00+05:30,1593.5,1604.65,1591.2,1604.65,77354
2023-12-22 10:15:00+05:30,1604.65,1618.0,1604.05,1613.35,27824
2023-12-22 10:30:00+05:30,1613.35,1618.5,1606.15,1611.7,34784
2023-12-22 10:45:00+05:30,1612.2,1616.8,1609.65,1614.95,10511
2023-12-22 11:00:00+05:30,1614.95,1616.0,1613.2,1614.6,7485
2023-12-22 11:15:00+05:30,1614.6,1615.4,1611.05,1612.65,5097
2023-12-22 11:30:00+05:30,1612.65,1612.65,1605.05,1606.5,6256
2023-12-22 11:45:00+05:30,1605.45,1605.9,1597.05,1597.15,12085
2023-12-22 12:00:00+05:30,1597.15,1601.95,1596.0,1600.0,7204
2023-12-22 12:15:00+05:30,1600.0,1600.75,1596.8,1597.45,8321
2023-12-22 12:30:00+05:30,1597.45,1599.9,1597.0,1597.1,7516
2023-12-22 12:45:00+05:30,1597.0,1597.5,1578.05,1590.35,20276
2023-12-22 13:00:00+05:30,1591.5,1593.05,1590.0,1590.5,7191
2023-12-22 13:15:00+05:30,1590.9,1591.15,1590.0,1590.0,4554
2023-12-22 13:30:00+05:30,1590.55,1590.9,1590.0,1590.0,5269
2023-12-22 13:45:00+05:30,1590.0,1591.1,1589.05,1590.05,5383
2023-12-22 14:00:00+05:30,1590.05,1590.9,1590.0,1590.0,7112
2023-12-22 14:15:00+05:30,1590.0,1597.95,1590.0,1597.95,5084
2023-12-22 14:30:00+05:30,1597.95,1599.0,1595.05,1595.05,2707
2023-12-22 14:45:00+05:30,1595.9,1597.85,1593.05,1595.55,2885
2023-12-22 15:00:00+05:30,1595.55,1599.85,1595.55,1598.1,3402
2023-12-22 15:15:00+05:30,1598.1,1609.95,1598.05,1601.9,25319
2023-12-22 15:30:00+05:30,1602.1,1605.05,1596.5,1602.0,15314
2023-12-26 09:30:00+05:30,1620.0,1637.95,1615.05,1619.0,50133
2023-12-26 09:45:00+05:30,1617.95,1627.45,1612.4,1626.4,15488
2023-12-26 10:00:00+05:30,1626.4,1627.0,1613.05,1621.25,8710
2023-12-26 10:15:00+05:30,1621.05,1621.85,1615.0,1619.5,6220
2023-12-26 10:30:00+05:30,1619.5,1619.5,1613.05,1618.25,6506
2023-12-26 10:45:00+05:30,1618.0,1618.65,1613.0,1615.4,3818
2023-12-26 11:00:00+05:30,1615.4,1615.4,1606.35,1610.05,7579
2023-12-26 11:15:00+05:30,1610.05,1613.95,1608.25,1609.0,2332
2023-12-26 11:30:00+05:30,1609.0,1617.3,1608.0,1611.0,4216
2023-12-26 11:45:00+05:30,1611.0,1615.3,1608.1,1613.4,3398
2023-12-26 12:00:00+05:30,1613.4,1613.7,1609.0,1613.35,3184
2023-12-26 12:15:00+05:30,1613.35,1619.1,1610.65,1615.5,3922
2023-12-26 12:30:00+05:30,1615.5,1617.1,1613.55,1614.1,1847
2023-12-26 12:45:00+05:30,1614.1,1616.95,1610.25,1612.3,3062
2023-12-26 13:00:00+05:30,1612.3,1612.35,1610.0,1612.0,688
2023-12-26 13:15:00+05:30,1610.7,1612.25,1607.0,1609.95,5573
2023-12-26 13:30:00+05:30,1609.95,1611.0,1609.0,1610.25,1428
2023-12-26 13:45:00+05:30,1610.35,1613.65,1609.0,1613.25,1707
2023-12-26 14:00:00+05:30,1613.25,1614.1,1610.95,1611.2,2046
2023-12-26 14:15:00+05:30,1611.2,1617.7,1610.55,1613.3,4860
2023-12-26 14:30:00+05:30,1613.3,1616.75,1609.1,1610.1,3621
2023-12-26 14:45:00+05:30,1610.1,1613.0,1610.1,1612.65,1748
2023-12-26 15:00:00+05:30,1612.65,1614.05,1610.05,1613.5,2868
2023-12-26 15:15:00+05:30,1613.5,1619.7,1612.85,1616.4,18286
2023-12-26 15:30:00+05:30,1615.05,1617.05,1609.0,1609.5,12140
2023-12-27 09:30:00+05:30,1615.2,1628.95,1615.0,1620.15,11861
2023-12-27 09:45:00+05:30,1620.2,1628.85,1620.0,1628.85,14207
2023-12-27 10:00:00+05:30,1627.3,1635.0,1626.4,1631.5,18134
2023-12-27 10:15:00+05:30,1630.25,1641.0,1629.0,1637.3,28494
2023-12-27 10:30:00+05:30,1637.3,1646.4,1637.3,1645.1,28353
2023-12-27 10:45:00+05:30,1645.0,1652.0,1644.0,1649.35,28212
2023-12-27 11:00:00+05:30,1649.35,1652.0,1647.75,1650.0,15189
2023-12-27 11:15:00+05:30,1650.0,1653.0,1645.1,1647.0,14932
2023-12-27 11:30:00+05:30,1647.0,1650.9,1646.2,1650.6,19396
2023-12-27 11:45:00+05:30,1650.6,1650.6,1647.0,1649.9,3826
2023-12-27 12:00:00+05:30,1648.75,1653.0,1646.5,1651.0,13950
2023-12-27 12:15:00+05:30,1651.0,1651.95,1650.25,1651.0,6260
2023-12-27 12:30:00+05:30,1650.25,1652.0,1649.05,1651.0,10146
2023-12-27 12:45:00+05:30,1651.0,1652.65,1650.0,1651.5,15568
2023-12-27 13:00:00+05:30,1651.5,1652.95,1651.0,1651.95,2965
2023-12-27 13:15:00+05:30,1651.95,1652.65,1650.05,1652.65,5925
2023-12-27 13:30:00+05:30,1652.65,1669.95,1651.0,1664.0,54463
2023-12-27 13:45:00+05:30,1664.0,1669.0,1656.6,1660.75,40646
2023-12-27 14:00:00+05:30,1660.75,1661.35,1651.55,1653.2,15879
2023-12-27 14:15:00+05:30,1653.2,1654.8,1650.9,1651.0,19762
2023-12-27 14:30:00+05:30,1651.0,1652.9,1648.95,1651.1,13150
2023-12-27 14:45:00+05:30,1651.1,1654.5,1651.0,1651.75,6305
2023-12-27 15:00:00+05:30,1651.75,1653.0,1650.9,1651.0,13795
2023-12-27 15:15:00+05:30,1651.0,1653.85,1651.0,1651.25,11352
2023-12-27 15:30:00+05:30,1651.25,1653.0,1651.2,1651.2,29725
2023-12-28 09:30:00+05:30,1658.8,1668.8,1651.45,1656.3,22086
2023-12-28 09:45:00+05:30,1657.95,1659.0,1645.0,1646.8,8592
2023-12-28 10:00:00+05:30,1646.8,1649.0,1638.0,1643.1,9595
2023-12-28 10:15:00+05:30,1643.1,1644.25,1638.0,1641.15,4241
2023-12-28 10:30:00+05:30,1641.15,1642.7,1633.35,1640.0,6632
2023-12-28 10:45:00+05:30,1640.0,1645.2,1640.0,1641.0,4146
2023-12-28 11:00:00+05:30,1641.0,1647.5,1640.05,1646.35,3108
2023-12-28 11:15:00+05:30,1646.35,1654.5,1645.0,1650.6,4428
2023-12-28 11:30:00+05:30,1650.6,1653.9,1649.95,1652.0,2664
2023-12-28 11:45:00+05:30,1652.0,1654.0,1650.1,1651.5,2232
2023-12-28 12:00:00+05:30,1651.5,1653.2,1649.85,1650.9,3060
2023-12-28 12:15:00+05:30,1650.9,1652.0,1650.0,1650.0,1862
2023-12-28 12:30:00+05:30,1650.0,1660.0,1650.0,1654.0,9677
2023-12-28 12:45:00+05:30,1654.0,1654.35,1649.4,1652.65,6018
2023-12-28 13:00:00+05:30,1652.65,1653.4,1650.0,1652.95,1635
2023-12-28 13:15:00+05:30,1652.95,1653.5,1651.55,1652.0,3099
2023-12-28 13:30:00+05:30,1652.0,1653.0,1651.5,1652.2,3682
2023-12-28 13:45:00+05:30,1652.0,1653.0,1651.95,1652.65,4890
2023-12-28 14:00:00+05:30,1652.65,1655.0,1651.55,1653.5,6416
2023-12-28 14:15:00+05:30,1653.5,1657.5,1652.2,1653.95,5129
2023-12-28 14:30:00+05:30,1652.9,1654.5,1651.45,1652.95,16443
2023-12-28 14:45:00+05:30,1652.0,1653.9,1651.55,1653.15,16922
2023-12-28 15:00:00+05:30,1652.0,1653.45,1651.95,1652.9,14956
2023-12-28 15:15:00+05:30,1652.0,1653.0,1651.4,1652.35,19265
2023-12-28 15:30:00+05:30,1652.0,1653.5,1651.15,1652.0,23933
2023-12-29 09:30:00+05:30,1665.0,1668.0,1656.05,1665.0,16506
2023-12-29 09:45:00+05:30,1664.1,1669.0,1660.05,1667.9,10319
2023-12-29 10:00:00+05:30,1667.9,1669.0,1656.5,1660.1,6719
2023-12-29 10:15:00+05:30,1660.15,1661.95,1648.05,1654.1,4744
2023-12-29 10:30:00+05:30,1654.1,1664.45,1653.25,1663.6,7706
2023-12-29 10:45:00+05:30,1663.65,1683.45,1661.0,1673.9,45379
2023-12-29 11:00:00+05:30,1673.9,1684.0,1671.9,1674.45,43674
2023-12-29 11:15:00+05:30,1674.45,1679.9,1671.5,1677.0,18572
2023-12-29 11:30:00+05:30,1677.0,1678.5,1668.55,1669.5,16499
2023-12-29 11:45:00+05:30,1669.0,1675.0,1668.0,1670.55,8955
2023-12-29 12:00:00+05:30,1670.55,1675.0,1670.55,1672.9,6120
2023-12-29 12:15:00+05:30,1673.4,1675.0,1671.05,1672.65,4903
2023-12-29 12:30:00+05:30,1672.65,1673.65,1666.95,1668.0,6247
2023-12-29 12:45:00+05:30,1668.0,1668.2,1663.05,1663.95,10269
2023-12-29 13:00:00+05:30,1663.25,1666.0,1648.1,1652.55,17606
2023-12-29 13:15:00+05:30,1653.45,1656.85,1650.05,1652.45,8832
2023-12-29 13:30:00+05:30,1650.75,1655.9,1650.75,1652.85,5871
2023-12-29 13:45:00+05:30,1653.75,1659.0,1652.65,1657.95,5312
2023-12-29 14:00:00+05:30,1657.95,1663.05,1652.4,1653.55,9712
2023-12-29 14:15:00+05:30,1653.55,1657.7,1652.55,1654.0,8779
2023-12-29 14:30:00+05:30,1654.45,1658.0,1652.0,1656.55,6693
2023-12-29 14:45:00+05:30,1656.55,1660.0,1655.2,1659.95,7411
2023-12-29 15:00:00+05:30,1658.9,1663.95,1658.5,1663.15,11348
2023-12-29 15:15:00+05:30,1664.0,1664.0,1654.15,1654.2,16236
2023-12-29 15:30:00+05:30,1654.15,1663.0,1652.0,1662.0,26527
2024-01-01 09:30:00+05:30,1669.3,1687.95,1660.05,1685.0,33318
2024-01-01 09:45:00+05:30,1685.75,1687.15,1679.0,1685.0,14348
2024-01-01 10:00:00+05:30,1685.0,1688.35,1677.0,1678.1,13010
2024-01-01 10:15:00+05:30,1678.0,1679.0,1671.0,1677.5,19613
2024-01-01 10:30:00+05:30,1677.5,1685.0,1677.1,1681.0,11379
2024-01-01 10:45:00+05:30,1681.0,1685.45,1680.0,1680.6,7458
2024-01-01 11:00:00+05:30,1680.85,1689.4,1680.75,1683.35,8902
2024-01-01 11:15:00+05:30,1683.35,1692.55,1683.0,1690.0,18562
2024-01-01 11:30:00+05:30,1690.0,1691.0,1688.3,1690.0,14307
2024-01-01 11:45:00+05:30,1690.0,1690.45,1685.0,1687.1,12867
2024-01-01 12:00:00+05:30,1687.1,1687.95,1685.5,1685.95,2805
2024-01-01 12:15:00+05:30,1685.95,1689.65,1685.5,1686.2,11542
2024-01-01 12:30:00+05:30,1686.2,1690.0,1685.8,1687.2,4515
2024-01-01 12:45:00+05:30,1687.15,1687.6,1685.55,1686.25,2200
2024-01-01 13:00:00+05:30,1686.25,1687.2,1685.5,1685.5,7730
2024-01-01 13:15:00+05:30,1685.5,1688.05,1685.5,1686.0,2212
2024-01-01 13:30:00+05:30,1686.0,1687.75,1685.0,1686.35,2898
2024-01-01 13:45:00+05:30,1686.35,1687.6,1685.5,1685.5,5589
2024-01-01 14:00:00+05:30,1685.5,1686.9,1685.4,1685.5,3064
2024-01-01 14:15:00+05:30,1685.5,1687.65,1685.5,1687.55,3566
2024-01-01 14:30:00+05:30,1687.45,1689.4,1685.7,1687.05,3412
2024-01-01 14:45:00+05:30,1688.05,1690.0,1686.0,1686.25,4223
2024-01-01 15:00:00+05:30,1686.25,1687.95,1686.0,1686.0,108983
2024-01-01 15:15:00+05:30,1686.0,1688.0,1685.8,1686.5,92976
2024-01-01 15:30:00+05:30,1686.05,1687.8,1686.0,1686.0,22771
2024-01-02 09:30:00+05:30,1690.0,1694.6,1687.05,1691.6,11311
2024-01-02 09:45:00+05:30,1691.6,1703.0,1690.45,1690.45,17321
2024-01-02 10:00:00+05:30,1690.2,1691.95,1668.5,1671.65,12727
2024-01-02 10:15:00+05:30,1671.65,1677.9,1664.0,1668.95,10074
2024-01-02 10:30:00+05:30,1668.95,1671.45,1657.7,1659.0,6423
2024-01-02 10:45:00+05:30,1656.1,1666.85,1653.0,1663.95,8918
2024-01-02 11:00:00+05:30,1663.95,1665.4,1657.0,1658.9,5951
2024-01-02 11:15:00+05:30,1658.9,1660.0,1653.15,1656.05,4288
2024-01-02 11:30:00+05:30,1656.05,1659.3,1653.3,1656.4,2676
2024-01-02 11:45:00+05:30,1656.4,1658.0,1653.0,1653.95,4163
2024-01-02 12:00:00+05:30,1653.9,1656.3,1653.0,1654.9,2095
2024-01-02 12:15:00+05:30,1654.9,1658.7,1653.0,1655.8,1570
2024-01-02 12:30:00+05:30,1655.8,1658.95,1655.1,1658.1,1347
2024-01-02 12:45:00+05:30,1658.1,1663.05,1657.4,1662.6,1817
2024-01-02 13:00:00+05:30,1662.6,1663.0,1654.25,1655.4,2065
2024-01-02 13:15:00+05:30,1655.4,1657.55,1653.0,1656.25,1069
2024-01-02 13:30:00+05:30,1656.0,1664.65,1654.55,1661.6,2279
2024-01-02 13:45:00+05:30,1662.2,1662.25,1657.2,1660.55,831
2024-01-02 14:00:00+05:30,1660.55,1660.55,1653.0,1657.55,4522
2024-01-02 14:15:00+05:30,1657.55,1658.4,1654.6,1657.45,785
2024-01-02 14:30:00+05:30,1657.45,1657.85,1654.05,1655.4,1686
2024-01-02 14:45:00+05:30,1655.4,1657.65,1655.4,1656.4,1440
2024-01-02 15:00:00+05:30,1656.4,1658.95,1655.4,1655.95,6079
2024-01-02 15:15:00+05:30,1655.95,1658.1,1652.95,1654.3,5752
2024-01-02 15:30:00+05:30,1654.3,1658.9,1653.0,1657.7,13000
2024-01-03 09:30:00+05:30,1660.0,1669.4,1645.1,1660.95,12784
2024-01-03 09:45:00+05:30,1660.6,1660.6,1651.25,1652.0,10705
2024-01-03 10:00:00+05:30,1652.0,1656.0,1652.0,1654.85,2354
2024-01-03 10:15:00+05:30,1654.85,1658.65,1654.25,1655.4,1428
2024-01-03 10:30:00+05:30,1655.4,1659.9,1654.0,1655.0,3602
2024-01-03 10:45:00+05:30,1656.0,1657.75,1652.0,1652.0,2174
2024-01-03 11:00:00+05:30,1652.0,1655.7,1652.0,1654.1,1107
2024-01-03 11:15:00+05:30,1654.1,1656.8,1654.0,1654.15,965
2024-01-03 11:30:00+05:30,1654.15,1657.45,1653.35,1655.25,1603
2024-01-03 11:45:00+05:30,1655.25,1656.75,1654.0,1655.85,1173
2024-01-03 12:00:00+05:30,1655.85,1657.9,1655.0,1655.1,1079
2024-01-03 12:15:00+05:30,1655.1,1657.0,1654.95,1655.0,1178
2024-01-03 12:30:00+05:30,1655.0,1656.1,1652.0,1652.05,2327
2024-01-03 12:45:00+05:30,1652.05,1654.15,1652.0,1654.1,1270
2024-01-03 13:00:00+05:30,1654.1,1658.45,1653.95,1656.9,5089
2024-01-03 13:15:00+05:30,1658.8,1658.8,1655.0,1655.75,1463
2024-01-03 13:30:00+05:30,1655.75,1656.6,1655.0,1655.0,1016
2024-01-03 13:45:00+05:30,1655.0,1657.85,1655.0,1655.25,869
2024-01-03 14:00:00+05:30,1655.25,1657.4,1655.0,1655.05,1867
2024-01-03 14:15:00+05:30,1655.05,1656.55,1654.55,1656.0,1460
2024-01-03 14:30:00+05:30,1656.0,1656.55,1654.0,1654.0,2290
2024-01-03 14:45:00+05:30,1654.05,1656.0,1654.05,1655.0,1528
2024-01-03 15:00:00+05:30,1655.0,1656.5,1655.0,1655.45,1667
2024-01-03 15:15:00+05:30,1656.5,1660.0,1655.0,1656.0,5870
2024-01-03 15:30:00+05:30,1656.0,1660.0,1655.0,1657.1,6045
2024-01-04 09:30:00+05:30,1650.0,1674.9,1650.0,1668.05,12960
2024-01-04 09:45:00+05:30,1668.1,1676.0,1664.85,1675.8,5663
2024-01-04 10:00:00+05:30,1677.0,1677.0,1670.15,1673.35,6738
2024-01-04 10:15:00+05:30,1673.35,1676.0,1671.55,1675.0,4300
2024-01-04 10:30:00+05:30,1675.0,1677.7,1673.5,1675.95,3962
2024-01-04 10:45:00+05:30,1675.25,1676.0,1670.0,1670.0,3755
2024-01-04 11:00:00+05:30,1670.0,1674.8,1664.5,1673.95,4465
2024-01-04 11:15:00+05:30,1673.1,1677.0,1673.1,1676.85,9181
2024-01-04 11:30:00+05:30,1676.85,1677.0,1674.7,1674.85,3877
2024-01-04 11:45:00+05:30,1674.85,1676.3,1674.8,1676.3,3597
2024-01-04 12:00:00+05:30,1676.3,1678.0,1675.1,1677.95,6376
2024-01-04 12:15:00+05:30,1677.95,1678.0,1675.25,1677.25,3987
2024-01-04 12:30:00+05:30,1677.25,1686.9,1677.0,1685.8,22158
2024-01-04 12:45:00+05:30,1685.8,1688.0,1682.05,1686.2,14527
2024-01-04 13:00:00+05:30,1686.2,1692.0,1686.1,1690.0,16100
2024-01-04 13:15:00+05:30,1690.0,1694.95,1689.1,1694.0,8730
2024-01-04 13:30:00+05:30,1694.0,1695.0,1689.25,1691.4,5418
2024-01-04 13:45:00+05:30,1691.4,1692.0,1683.55,1684.0,9833
2024-01-04 14:00:00+05:30,1684.0,1684.85,1675.05,1678.05,9459
2024-01-04 14:15:00+05:30,1678.05,1681.1,1672.2,1673.0,6914
2024-01-04 14:30:00+05:30,1673.0,1685.8,1673.0,1679.15,10340
2024-01-04 14:45:00+05:30,1679.15,1684.5,1679.15,1679.85,6655
2024-01-04 15:00:00+05:30,1679.85,1683.5,1672.6,1672.6,9473
2024-01-04 15:15:00+05:30,1672.6,1676.95,1670.0,1672.65,48917
2024-01-04 15:30:00+05:30,1672.65,1678.2,1671.85,1673.9,15135
2024-01-05 09:30:00+05:30,1676.0,1684.85,1670.0,1671.0,8418
2024-01-05 09:45:00+05:30,1671.0,1678.0,1671.0,1672.85,4078
2024-01-05 10:00:00+05:30,1672.85,1674.8,1671.8,1671.8,3882
2024-01-05 10:15:00+05:30,1671.8,1685.0,1671.8,1681.0,4751
2024-01-05 10:30:00+05:30,1681.0,1682.95,1678.7,1679.3,2780
2024-01-05 10:45:00+05:30,1680.6,1681.0,1672.45,1673.4,3096
2024-01-05 11:00:00+05:30,1673.4,1675.0,1672.2,1673.1,2989
2024-01-05 11:15:00+05:30,1674.15,1677.45,1672.75,1675.6,1357
2024-01-05 11:30:00+05:30,1675.6,1676.25,1675.0,1675.15,1712
2024-01-05 11:45:00+05:30,1675.15,1678.45,1675.05,1676.05,1337
2024-01-05 12:00:00+05:30,1676.55,1677.85,1673.15,1673.15,4396
2024-01-05 12:15:00+05:30,1673.15,1673.75,1671.0,1671.0,1144
2024-01-05 12:30:00+05:30,1671.0,1672.7,1671.0,1671.0,781
2024-01-05 12:45:00+05:30,1671.0,1672.0,1670.5,1670.55,587
2024-01-05 13:00:00+05:30,1670.55,1670.95,1666.0,1669.3,1593
2024-01-05 13:15:00+05:30,1669.3,1670.7,1667.0,1667.0,758
2024-01-05 13:30:00+05:30,1668.4,1669.9,1666.0,1667.3,1476
2024-01-05 13:45:00+05:30,1667.3,1668.95,1666.3,1667.6,994
2024-01-05 14:00:00+05:30,1667.6,1669.65,1664.0,1664.0,1576
2024-01-05 14:15:00+05:30,1664.0,1666.85,1660.05,1660.9,1787
2024-01-05 14:30:00+05:30,1660.5,1661.9,1651.1,1659.6,3575
2024-01-05 14:45:00+05:30,1659.6,1676.2,1659.3,1670.95,5581
2024-01-05 15:00:00+05:30,1670.95,1673.45,1668.0,1670.25,2520
2024-01-05 15:15:00+05:30,1670.25,1681.0,1670.25,1676.35,8168
2024-01-05 15:30:00+05:30,1676.35,1678.85,1670.0,1670.0,6182
2024-01-08 09:30:00+05:30,1686.0,1686.0,1664.85,1681.95,13885
2024-01-08 09:45:00+05:30,1681.0,1681.45,1663.05,1664.95,6574
2024-01-08 10:00:00+05:30,1664.95,1686.0,1664.7,1675.55,9594
2024-01-08 10:15:00+05:30,1676.6,1685.0,1673.0,1678.65,4267
2024-01-08 10:30:00+05:30,1678.65,1691.0,1678.65,1689.7,12440
2024-01-08 10:45:00+05:30,1689.7,1691.0,1685.55,1687.6,2868
2024-01-08 11:00:00+05:30,1687.6,1688.95,1685.0,1686.35,3318
2024-01-08 11:15:00+05:30,1686.35,1686.95,1685.0,1686.0,1609
2024-01-08 11:30:00+05:30,1686.0,1686.9,1685.0,1685.9,1809
2024-01-08 11:45:00+05:30,1685.9,1691.0,1685.5,1689.5,7452
2024-01-08 12:00:00+05:30,1689.5,1691.0,1685.05,1686.8,2832
2024-01-08 12:15:00+05:30,1686.8,1690.75,1686.1,1689.15,3661
2024-01-08 12:30:00+05:30,1689.15,1689.95,1683.35,1683.35,2639
2024-01-08 12:45:00+05:30,1684.8,1684.8,1682.6,1684.0,754
2024-01-08 13:00:00+05:30,1684.0,1685.0,1681.0,1683.2,1957
2024-01-08 13:15:00+05:30,1683.2,1684.75,1682.3,1682.4,1228
2024-01-08 13:30:00+05:30,1682.4,1682.4,1677.1,1678.6,6213
2024-01-08 13:45:00+05:30,1678.65,1681.4,1657.15,1660.0,13238
2024-01-08 14:00:00+05:30,1660.0,1660.0,1646.75,1650.0,16398
2024-01-08 14:15:00+05:30,1648.6,1650.0,1648.4,1650.0,3840
2024-01-08 14:30:00+05:30,1650.0,1656.5,1649.95,1653.15,15129
2024-01-08 14:45:00+05:30,1653.15,1657.0,1653.15,1655.7,1840
2024-01-08 15:00:00+05:30,1655.7,1658.9,1654.0,1656.65,2943
2024-01-08 15:15:00+05:30,1656.95,1663.95,1651.25,1653.0,6981
2024-01-08 15:30:00+05:30,1653.0,1662.95,1653.0,1660.0,6899
2024-01-09 09:30:00+05:30,1665.0,1673.45,1660.6,1668.15,6204
2024-01-09 09:45:00+05:30,1668.15,1674.6,1665.0,1669.55,7124
2024-01-09 10:00:00+05:30,1669.55,1671.4,1661.0,1668.9,2875
2024-01-09 10:15:00+05:30,1668.9,1672.9,1668.7,1670.55,840
2024-01-09 10:30:00+05:30,1670.55,1672.0,1667.15,1668.0,1962
2024-01-09 10:45:00+05:30,1668.0,1671.9,1667.0,1670.65,5943
2024-01-09 11:00:00+05:30,1670.65,1672.85,1668.05,1670.2,1551
2024-01-09 11:15:00+05:30,1670.2,1670.3,1668.05,1669.85,687
2024-01-09 11:30:00+05:30,1668.8,1670.0,1668.05,1669.9,584
2024-01-09 11:45:00+05:30,1669.9,1670.0,1668.05,1669.85,408
2024-01-09 12:00:00+05:30,1669.85,1669.85,1665.5,1669.3,814
2024-01-09 12:15:00+05:30,1669.3,1669.85,1667.25,1669.85,1358
2024-01-09 12:30:00+05:30,1669.85,1679.0,1667.25,1673.15,66894
2024-01-09 12:45:00+05:30,1673.15,1674.85,1672.05,1673.5,423
2024-01-09 13:00:00+05:30,1673.5,1674.35,1671.2,1672.0,560
2024-01-09 13:15:00+05:30,1672.0,1673.4,1670.0,1672.45,578
2024-01-09 13:30:00+05:30,1672.45,1673.95,1670.1,1673.95,1437
2024-01-09 13:45:00+05:30,1673.95,1673.95,1671.05,1673.6,430
2024-01-09 14:00:00+05:30,1673.6,1677.75,1670.0,1677.5,2805
2024-01-09 14:15:00+05:30,1677.5,1685.7,1675.9,1682.8,7242
2024-01-09 14:30:00+05:30,1682.8,1685.0,1679.0,1681.15,9770
2024-01-09 14:45:00+05:30,1681.15,1685.4,1676.2,1683.3,11837
2024-01-09 15:00:00+05:30,1683.3,1685.0,1681.2,1684.35,7458
2024-01-09 15:15:00+05:30,1684.35,1685.0,1678.0,1683.7,11479
2024-01-09 15:30:00+05:30,1684.0,1684.85,1668.65,1676.25,10890
2024-01-10 09:30:00+05:30,1697.0,1700.0,1685.8,1690.05,25368
2024-01-10 09:45:00+05:30,1690.1,1691.7,1683.0,1684.0,12112
2024-01-10 10:00:00+05:30,1684.0,1684.4,1678.0,1680.5,6872
2024-01-10 10:15:00+05:30,1680.5,1687.15,1675.1,1685.4,5597
2024-01-10 10:30:00+05:30,1687.35,1691.0,1685.0,1688.0,7595
2024-01-10 10:45:00+05:30,1688.0,1689.5,1684.0,1686.9,2113
2024-01-10 11:00:00+05:30,1686.9,1686.95,1683.6,1686.3,2346
2024-01-10 11:15:00+05:30,1686.3,1686.3,1683.0,1684.9,2974
2024-01-10 11:30:00+05:30,1684.9,1686.85,1684.45,1686.4,1303
2024-01-10 11:45:00+05:30,1686.4,1686.75,1684.35,1685.4,1420
2024-01-10 12:00:00+05:30,1684.35,1687.0,1683.05,1685.75,1905
2024-01-10 12:15:00+05:30,1685.75,1685.95,1681.55,1684.45,3221
2024-01-10 12:30:00+05:30,1684.45,1686.0,1680.9,1685.25,4725
2024-01-10 12:45:00+05:30,1685.25,1686.0,1683.3,1684.65,963
2024-01-10 13:00:00+05:30,1684.65,1684.65,1677.1,1680.0,3823
2024-01-10 13:15:00+05:30,1680.0,1680.0,1677.4,1678.0,1000
2024-01-10 13:30:00+05:30,1678.0,1678.9,1678.0,1678.0,1786
2024-01-10 13:45:00+05:30,1678.0,1680.55,1677.35,1678.95,2065
2024-01-10 14:00:00+05:30,1678.95,1679.55,1677.3,1678.85,1436
2024-01-10 14:15:00+05:30,1678.85,1679.15,1677.1,1677.5,1018
2024-01-10 14:30:00+05:30,1677.5,1679.25,1677.1,1678.6,1901
2024-01-10 14:45:00+05:30,1678.6,1678.85,1677.1,1678.7,1161
2024-01-10 15:00:00+05:30,1678.7,1686.2,1677.85,1686.2,5102
2024-01-10 15:15:00+05:30,1686.45,1687.0,1680.0,1685.15,72793
2024-01-10 15:30:00+05:30,1685.15,1692.0,1682.5,1691.0,19351
2024-01-11 09:30:00+05:30,1686.95,1694.95,1686.05,1688.8,4517
2024-01-11 09:45:00+05:30,1688.8,1688.85,1681.0,1685.95,7624
2024-01-11 10:00:00+05:30,1685.95,1686.2,1677.2,1681.65,4923
2024-01-11 10:15:00+05:30,1681.7,1682.9,1678.1,1680.85,1630
2024-01-11 10:30:00+05:30,1680.85,1681.35,1678.5,1678.5,1415
2024-01-11 10:45:00+05:30,1678.5,1678.8,1675.0,1676.65,2248
2024-01-11 11:00:00+05:30,1676.65,1677.0,1672.05,1675.0,1946
2024-01-11 11:15:00+05:30,1675.0,1676.6,1671.0,1671.0,1772
2024-01-11 11:30:00+05:30,1671.0,1675.9,1665.25,1666.05,3170
2024-01-11 11:45:00+05:30,1667.15,1667.15,1660.25,1660.25,10947
2024-01-11 12:00:00+05:30,1660.25,1662.0,1654.35,1655.0,7222
2024-01-11 12:15:00+05:30,1655.0,1657.0,1653.05,1655.0,8371
2024-01-11 12:30:00+05:30,1655.0,1659.9,1654.05,1655.0,8711
2024-01-11 12:45:00+05:30,1655.45,1657.0,1648.0,1650.0,7088
2024-01-11 13:00:00+05:30,1650.0,1651.75,1649.1,1650.05,4274
2024-01-11 13:15:00+05:30,1650.0,1651.95,1649.0,1650.0,8040
2024-01-11 13:30:00+05:30,1650.0,1652.75,1649.35,1651.55,8705
2024-01-11 13:45:00+05:30,1650.55,1652.1,1648.8,1650.0,7925
2024-01-11 14:00:00+05:30,1650.0,1651.0,1645.0,1648.45,5732
2024-01-11 14:15:00+05:30,1647.0,1651.95,1637.05,1639.9,16082
2024-01-11 14:30:00+05:30,1640.0,1646.75,1637.5,1646.0,7022
2024-01-11 14:45:00+05:30,1646.0,1654.9,1644.4,1652.95,3450
2024-01-11 15:00:00+05:30,1652.95,1653.0,1649.0,1650.15,2228
2024-01-11 15:15:00+05:30,1651.0,1666.6,1650.0,1666.6,19060
2024-01-11 15:30:00+05:30,1666.6,1667.15,1654.45,1655.0,10027
2024-01-12 09:30:00+05:30,1673.95,1673.95,1656.0,1661.0,6104
2024-01-12 09:45:00+05:30,1661.0,1663.0,1655.4,1657.25,2706
2024-01-12 10:00:00+05:30,1657.25,1658.4,1655.4,1656.3,1818
2024-01-12 10:15:00+05:30,1656.3,1658.5,1655.0,1658.5,1107
2024-01-12 10:30:00+05:30,1658.5,1658.5,1655.0,1656.7,935
2024-01-12 10:45:00+05:30,1656.7,1657.0,1655.4,1656.55,925
2024-01-12 11:00:00+05:30,1656.55,1656.8,1653.65,1653.65,817
2024-01-12 11:15:00+05:30,1653.65,1655.0,1648.7,1649.0,2367
2024-01-12 11:30:00+05:30,1649.0,1656.0,1648.0,1655.75,1450
2024-01-12 11:45:00+05:30,1655.75,1658.0,1653.3,1654.6,1544
2024-01-12 12:00:00+05:30,1654.6,1659.15,1654.6,1656.15,903
2024-01-12 12:15:00+05:30,1656.15,1659.65,1655.0,1658.35,1082
2024-01-12 12:30:00+05:30,1658.35,1662.0,1657.05,1658.45,2328
2024-01-12 12:45:00+05:30,1658.45,1662.8,1657.4,1661.5,2058
2024-01-12 13:00:00+05:30,1661.5,1667.95,1661.5,1666.9,2240
2024-01-12 13:15:00+05:30,1666.9,1667.8,1663.05,1664.95,1345
2024-01-12 13:30:00+05:30,1664.95,1665.0,1663.3,1663.9,747
2024-01-12 13:45:00+05:30,1663.9,1663.9,1661.85,1662.3,2289
2024-01-12 14:00:00+05:30,1662.3,1662.3,1658.0,1659.15,1235
2024-01-12 14:15:00+05:30,1659.15,1659.15,1654.2,1654.2,2661
2024-01-12 14:30:00+05:30,1654.2,1654.95,1651.55,1654.45,2567
2024-01-12 14:45:00+05:30,1654.45,1655.0,1651.5,1652.15,2789
2024-01-12 15:00:00+05:30,1652.15,1652.15,1650.1,1652.15,951
2024-01-12 15:15:00+05:30,1653.15,1661.85,1653.15,1654.2,4405
2024-01-12 15:30:00+05:30,1654.2,1658.15,1651.95,1655.45,5033
2024-01-15 09:30:00+05:30,1675.65,1684.95,1665.7,1667.0,9043
2024-01-15 09:45:00+05:30,1664.25,1667.2,1656.25,1659.95,7312
2024-01-15 10:00:00+05:30,1659.95,1661.95,1650.0,1653.9,4911
2024-01-15 10:15:00+05:30,1653.9,1660.0,1642.0,1644.45,8479
2024-01-15 10:30:00+05:30,1644.45,1653.8,1642.45,1650.0,1900
2024-01-15 10:45:00+05:30,1650.0,1654.15,1649.2,1652.2,2099
2024-01-15 11:00:00+05:30,1652.2,1653.25,1649.6,1651.0,848
2024-01-15 11:15:00+05:30,1651.0,1653.5,1651.0,1651.05,1046
2024-01-15 11:30:00+05:30,1651.05,1653.3,1651.0,1652.85,823
2024-01-15 11:45:00+05:30,1652.85,1656.6,1652.85,1656.6,666
2024-01-15 12:00:00+05:30,1656.6,1657.55,1654.55,1656.95,1675
2024-01-15 12:15:00+05:30,1656.95,1656.95,1648.85,1652.3,2885
2024-01-15 12:30:00+05:30,1652.3,1654.65,1652.3,1653.6,770
2024-01-15 12:45:00+05:30,1653.6,1654.9,1653.4,1654.75,413
2024-01-15 13:00:00+05:30,1654.75,1654.75,1653.4,1654.0,429
2024-01-15 13:15:00+05:30,1654.0,1655.0,1654.0,1654.9,270
2024-01-15 13:30:00+05:30,1654.9,1656.9,1653.3,1654.3,1493
2024-01-15 13:45:00+05:30,1654.0,1656.25,1653.0,1655.4,1280
2024-01-15 14:00:00+05:30,1655.4,1655.4,1649.6,1651.1,2720
2024-01-15 14:15:00+05:30,1651.1,1651.1,1647.05,1647.05,1037
2024-01-15 14:30:00+05:30,1647.05,1649.1,1645.0,1646.8,1873
2024-01-15 14:45:00+05:30,1646.8,1648.0,1646.05,1647.1,1720
2024-01-15 15:00:00+05:30,1647.1,1648.0,1642.7,1644.0,4795
2024-01-15 15:15:00+05:30,1644.0,1659.15,1644.0,1648.0,10029
2024-01-15 15:30:00+05:30,1648.0,1652.45,1642.15,1647.9,6909
2024-01-16 09:30:00+05:30,1653.3,1669.0,1647.05,1653.05,7730
2024-01-16 09:45:00+05:30,1653.05,1658.0,1651.6,1652.05,3331
2024-01-16 10:00:00+05:30,1652.05,1653.5,1648.25,1648.25,2676
2024-01-16 10:15:00+05:30,1648.25,1659.9,1648.0,1658.0,5713
2024-01-16 10:30:00+05:30,1658.0,1658.95,1654.15,1655.4,3232
2024-01-16 10:45:00+05:30,1655.4,1655.95,1653.0,1653.55,788
2024-01-16 11:00:00+05:30,1653.0,1655.0,1652.55,1653.2,961
2024-01-16 11:15:00+05:30,1653.2,1655.45,1652.0,1654.0,3297
2024-01-16 11:30:00+05:30,1654.0,1655.8,1650.15,1652.7,1299
2024-01-16 11:45:00+05:30,1652.7,1655.0,1652.7,1653.15,760
2024-01-16 12:00:00+05:30,1653.15,1654.8,1651.05,1651.75,2279
2024-01-16 12:15:00+05:30,1651.75,1653.35,1648.2,1649.45,1527
2024-01-16 12:30:00+05:30,1649.45,1651.0,1648.05,1648.85,813
2024-01-16 12:45:00+05:30,1648.85,1652.45,1648.0,1649.55,512
2024-01-16 13:00:00+05:30,1649.55,1652.9,1646.55,1646.9,3251
2024-01-16 13:15:00+05:30,1646.9,1647.15,1637.25,1637.3,3094
2024-01-16 13:30:00+05:30,1637.3,1644.7,1637.3,1642.35,1664
2024-01-16 13:45:00+05:30,1642.35,1644.4,1637.25,1641.95,2054
2024-01-16 14:00:00+05:30,1641.95,1643.9,1640.15,1643.0,1153
2024-01-16 14:15:00+05:30,1642.15,1645.05,1638.4,1639.15,1979
2024-01-16 14:30:00+05:30,1639.15,1644.1,1638.4,1640.1,2477
2024-01-16 14:45:00+05:30,1640.1,1644.2,1640.0,1642.0,1255
2024-01-16 15:00:00+05:30,1642.0,1644.35,1642.0,1642.9,749
2024-01-16 15:15:00+05:30,1643.95,1661.0,1642.95,1658.25,10756
2024-01-16 15:30:00+05:30,1660.0,1665.0,1655.35,1659.9,7527
2024-01-17 09:30:00+05:30,1640.0,1655.0,1640.0,1647.2,7325
2024-01-17 09:45:00+05:30,1648.9,1651.5,1645.0,1646.3,2421
2024-01-17 10:00:00+05:30,1646.3,1649.05,1644.45,1647.2,1264
2024-01-17 10:15:00+05:30,1647.2,1647.4,1641.0,1645.1,4159
2024-01-17 10:30:00+05:30,1645.1,1647.85,1642.0,1643.45,1724
2024-01-17 10:45:00+05:30,1643.45,1645.95,1637.15,1637.15,2595
2024-01-17 11:00:00+05:30,1637.15,1641.9,1637.15,1640.05,3089
2024-01-17 11:15:00+05:30,1640.05,1640.05,1637.5,1638.35,906
2024-01-17 11:30:00+05:30,1638.35,1638.9,1630.1,1632.9,6542
2024-01-17 11:45:00+05:30,1632.9,1633.35,1620.05,1621.8,4092
2024-01-17 12:00:00+05:30,1621.0,1627.9,1621.0,1627.9,2339
2024-01-17 12:15:00+05:30,1627.9,1628.0,1616.6,1622.65,4172
2024-01-17 12:30:00+05:30,1622.65,1622.65,1616.0,1618.0,2842
2024-01-17 12:45:00+05:30,1618.75,1619.75,1616.0,1618.8,2176
2024-01-17 13:00:00+05:30,1618.4,1619.0,1611.0,1614.95,5001
2024-01-17 13:15:00+05:30,1614.95,1615.25,1613.5,1614.1,1841
2024-01-17 13:30:00+05:30,1614.1,1616.8,1613.25,1614.0,2138
2024-01-17 13:45:00+05:30,1614.0,1615.25,1605.05,1605.75,5754
2024-01-17 14:00:00+05:30,1605.75,1609.8,1605.0,1606.7,3626
2024-01-17 14:15:00+05:30,1606.7,1607.3,1599.45,1606.55,7713
2024-01-17 14:30:00+05:30,1606.55,1610.0,1600.3,1600.3,2824
2024-01-17 14:45:00+05:30,1600.3,1602.4,1597.2,1599.5,5085
2024-01-17 15:00:00+05:30,1599.5,1607.9,1590.7,1603.0,11224
2024-01-17 15:15:00+05:30,1603.0,1621.0,1600.95,1612.3,11917
2024-01-17 15:30:00+05:30,1612.3,1620.0,1606.0,1613.4,14438
2024-01-18 09:30:00+05:30,1620.0,1620.95,1611.05,1611.05,3411
2024-01-18 09:45:00+05:30,1611.05,1612.9,1590.0,1595.35,7631
2024-01-18 10:00:00+05:30,1595.35,1595.35,1573.25,1577.8,5330
2024-01-18 10:15:00+05:30,1577.6,1599.8,1577.6,1598.95,3628
2024-01-18 10:30:00+05:30,1598.95,1601.6,1596.2,1598.75,1074
2024-01-18 10:45:00+05:30,1599.95,1606.55,1598.8,1601.9,2405
2024-01-18 11:00:00+05:30,1601.9,1604.3,1600.55,1603.6,579
2024-01-18 11:15:00+05:30,1603.6,1605.9,1602.0,1603.35,1065
2024-01-18 11:30:00+05:30,1603.35,1605.25,1602.55,1604.3,404
2024-01-18 11:45:00+05:30,1604.3,1604.5,1601.05,1602.4,737
2024-01-18 12:00:00+05:30,1601.1,1604.5,1601.0,1602.8,496
2024-01-18 12:15:00+05:30,1602.8,1609.0,1602.7,1605.95,1476
2024-01-18 12:30:00+05:30,1605.95,1608.5,1603.2,1603.25,998
2024-01-18 12:45:00+05:30,1603.25,1603.25,1596.5,1597.55,1995
2024-01-18 13:00:00+05:30,1597.55,1600.0,1593.6,1599.15,2533
2024-01-18 13:15:00+05:30,1599.15,1600.95,1597.55,1599.35,360
2024-01-18 13:30:00+05:30,1599.35,1600.95,1598.2,1599.5,665
2024-01-18 13:45:00+05:30,1599.5,1600.95,1599.0,1599.0,258
2024-01-18 14:00:00+05:30,1599.0,1602.1,1598.5,1600.0,1166
2024-01-18 14:15:00+05:30,1600.0,1600.9,1598.2,1598.35,723
2024-01-18 14:30:00+05:30,1598.35,1599.95,1597.3,1599.05,199
2024-01-18 14:45:00+05:30,1599.05,1606.0,1595.0,1604.0,1120
2024-01-18 15:00:00+05:30,1604.0,1606.2,1600.3,1606.0,1035
2024-01-18 15:15:00+05:30,1606.0,1624.0,1605.0,1609.0,5677
2024-01-18 15:30:00+05:30,1609.1,1615.0,1607.0,1608.15,3353
2024-01-19 09:30:00+05:30,1612.0,1625.0,1612.0,1622.5,3990
2024-01-19 09:45:00+05:30,1622.5,1632.0,1617.15,1625.25,4040
2024-01-19 10:00:00+05:30,1625.25,1627.1,1622.8,1627.0,1418
2024-01-19 10:15:00+05:30,1627.0,1630.9,1625.45,1627.6,1763
2024-01-19 10:30:00+05:30,1627.6,1629.0,1625.2,1625.35,1390
2024-01-19 10:45:00+05:30,1625.35,1627.45,1623.15,1623.15,802
2024-01-19 11:00:00+05:30,1623.4,1625.65,1623.05,1623.1,410
2024-01-19 11:15:00+05:30,1623.1,1624.9,1618.85,1619.5,1497
2024-01-19 11:30:00+05:30,1619.5,1619.5,1615.0,1617.5,1971
2024-01-19 11:45:00+05:30,1617.5,1617.5,1612.25,1613.4,1350
2024-01-19 12:00:00+05:30,1613.4,1613.4,1605.2,1606.6,2984
2024-01-19 12:15:00+05:30,1606.6,1606.6,1600.0,1601.85,3056
2024-01-19 12:30:00+05:30,1601.85,1603.2,1600.0,1602.0,2231
2024-01-19 12:45:00+05:30,1602.0,1607.0,1601.75,1602.05,6248
2024-01-19 13:00:00+05:30,1602.05,1603.5,1601.8,1603.0,760
2024-01-19 13:15:00+05:30,1603.0,1603.5,1601.6,1603.5,1429
2024-01-19 13:30:00+05:30,1603.5,1603.5,1602.0,1603.0,584
2024-01-19 13:45:00+05:30,1603.0,1607.95,1601.5,1607.95,10312
2024-01-19 14:00:00+05:30,1607.95,1608.45,1602.0,1603.85,2033
2024-01-19 14:15:00+05:30,1603.85,1604.85,1601.6,1604.7,907
2024-01-19 14:30:00+05:30,1604.7,1614.4,1604.4,1613.95,2536
2024-01-19 14:45:00+05:30,1613.95,1626.3,1613.0,1625.95,6350
2024-01-19 15:00:00+05:30,1625.95,1630.0,1619.75,1624.6,6298
2024-01-19 15:15:00+05:30,1625.0,1626.6,1620.15,1623.8,5796
2024-01-19 15:30:00+05:30,1622.2,1635.0,1621.05,1634.0,7504
2024-01-20 09:30:00+05:30,1625.95,1629.75,1619.0,1620.05,2139
2024-01-20 09:45:00+05:30,1620.05,1621.0,1617.25,1618.0,522
2024-01-20 10:00:00+05:30,1618.0,1618.8,1610.25,1611.9,1488
2024-01-20 10:15:00+05:30,1611.9,1612.9,1609.0,1610.8,1343
2024-01-20 10:30:00+05:30,1610.8,1612.9,1606.5,1612.0,2040
2024-01-20 10:45:00+05:30,1612.0,1618.9,1611.35,1618.15,620
2024-01-20 11:00:00+05:30,1618.15,1618.15,1612.3,1616.2,558
2024-01-20 11:15:00+05:30,1616.2,1616.95,1614.25,1616.6,608
2024-01-20 11:30:00+05:30,1616.6,1617.0,1614.95,1616.35,205
2024-01-20 11:45:00+05:30,1616.35,1617.0,1614.7,1616.25,523
2024-01-20 12:00:00+05:30,1616.25,1616.5,1610.65,1610.65,810
2024-01-20 12:15:00+05:30,1610.65,1614.0,1610.25,1611.8,232
2024-01-20 12:30:00+05:30,1611.8,1612.95,1610.0,1611.1,637
2024-01-20 12:45:00+05:30,1611.1,1611.5,1610.0,1610.15,250
2024-01-20 13:00:00+05:30,1610.15,1612.35,1610.15,1610.5,205
2024-01-20 13:15:00+05:30,1610.0,1613.9,1610.0,1612.45,704
2024-01-20 13:30:00+05:30,1612.45,1615.0,1610.8,1615.0,239
2024-01-20 13:45:00+05:30,1615.0,1616.35,1613.05,1614.9,640
2024-01-20 14:00:00+05:30,1614.9,1614.9,1611.15,1612.95,420
2024-01-20 14:15:00+05:30,1612.95,1613.2,1610.95,1610.95,183
2024-01-20 14:30:00+05:30,1610.95,1612.3,1610.05,1610.25,459
2024-01-20 14:45:00+05:30,1610.25,1613.2,1607.35,1612.9,1913
2024-01-20 15:00:00+05:30,1612.9,1614.0,1607.0,1607.8,3302
2024-01-20 15:15:00+05:30,1607.8,1609.25,1605.0,1606.55,979
2024-01-20 15:30:00+05:30,1606.55,1609.95,1600.6,1608.05,3818
2024-01-23 09:30:00+05:30,1620.0,1620.0,1593.3,1608.5,10581
2024-01-23 09:45:00+05:30,1609.3,1615.95,1604.45,1612.2,4157
2024-01-23 10:00:00+05:30,1612.2,1627.15,1610.05,1616.95,3743
2024-01-23 10:15:00+05:30,1616.95,1617.1,1588.0,1588.15,8272
2024-01-23 10:30:00+05:30,1589.15,1590.0,1582.0,1588.8,5484
2024-01-23 10:45:00+05:30,1588.8,1588.9,1576.1,1578.45,5912
2024-01-23 11:00:00+05:30,1578.45,1587.2,1577.75,1585.0,4154
2024-01-23 11:15:00+05:30,1586.1,1601.8,1581.05,1600.5,9336
2024-01-23 11:30:00+05:30,1600.5,1607.65,1596.9,1606.2,4376
2024-01-23 11:45:00+05:30,1606.2,1611.9,1595.05,1597.25,3945
2024-01-23 12:00:00+05:30,1597.0,1604.0,1595.0,1600.0,3541
2024-01-23 12:15:00+05:30,1600.0,1602.8,1590.65,1600.75,4619
2024-01-23 12:30:00+05:30,1600.75,1609.35,1599.05,1603.45,3952
2024-01-23 12:45:00+05:30,1603.45,1620.3,1603.45,1616.4,5767
2024-01-23 13:00:00+05:30,1617.9,1619.7,1612.65,1616.35,1268
2024-01-23 13:15:00+05:30,1614.85,1624.75,1612.0,1622.9,2375
2024-01-23 13:30:00+05:30,1623.5,1624.0,1620.9,1623.9,4302
2024-01-23 13:45:00+05:30,1623.8,1626.55,1612.3,1621.15,4505
2024-01-23 14:00:00+05:30,1621.15,1623.85,1617.35,1619.25,3933
2024-01-23 14:15:00+05:30,1619.25,1622.0,1605.0,1608.35,4321
2024-01-23 14:30:00+05:30,1608.35,1609.15,1600.0,1601.7,2822
2024-01-23 14:45:00+05:30,1601.75,1615.8,1599.0,1612.1,4653
2024-01-23 15:00:00+05:30,1612.1,1619.0,1612.1,1614.5,3934
2024-01-23 15:15:00+05:30,1614.5,1619.95,1613.35,1616.5,3225
2024-01-23 15:30:00+05:30,1616.5,1617.4,1600.75,1603.1,5480
2024-01-24 09:30:00+05:30,1604.05,1638.15,1604.05,1635.65,13017
2024-01-24 09:45:00+05:30,1635.65,1648.8,1629.9,1643.8,14332
2024-01-24 10:00:00+05:30,1646.5,1655.8,1643.55,1648.75,11527
2024-01-24 10:15:00+05:30,1648.75,1649.5,1636.3,1645.5,6698
2024-01-24 10:30:00+05:30,1645.5,1672.9,1643.9,1659.6,18790
2024-01-24 10:45:00+05:30,1659.6,1669.35,1657.45,1661.65,10470
2024-01-24 11:00:00+05:30,1661.65,1661.65,1653.0,1655.0,3746
2024-01-24 11:15:00+05:30,1655.0,1657.05,1652.0,1655.05,2693
2024-01-24 11:30:00+05:30,1655.05,1659.85,1652.1,1655.1,3229
2024-01-24 11:45:00+05:30,1655.1,1663.95,1652.7,1658.8,5188
2024-01-24 12:00:00+05:30,1658.8,1660.95,1655.25,1656.85,3381
2024-01-24 12:15:00+05:30,1656.85,1664.1,1655.05,1662.7,6376
2024-01-24 12:30:00+05:30,1662.7,1676.5,1657.1,1669.25,21385
2024-01-24 12:45:00+05:30,1669.25,1670.5,1657.85,1660.3,81973
2024-01-24 13:00:00+05:30,1660.35,1664.0,1659.15,1662.9,2490
2024-01-24 13:15:00+05:30,1662.9,1667.0,1659.6,1664.55,55817
2024-01-24 13:30:00+05:30,1664.55,1664.55,1658.7,1658.7,1924
2024-01-24 13:45:00+05:30,1658.7,1662.2,1656.35,1660.95,2331
2024-01-24 14:00:00+05:30,1660.95,1664.0,1658.65,1658.7,3046
2024-01-24 14:15:00+05:30,1658.7,1666.0,1658.7,1666.0,3066
2024-01-24 14:30:00+05:30,1666.0,1669.0,1662.05,1667.45,3788
2024-01-24 14:45:00+05:30,1668.95,1669.0,1658.0,1666.2,5709
2024-01-24 15:00:00+05:30,1666.2,1666.9,1662.1,1662.7,3538
2024-01-24 15:15:00+05:30,1664.25,1670.0,1663.45,1669.05,6592
2024-01-24 15:30:00+05:30,1669.05,1673.85,1662.0,1667.7,12620
2024-01-25 09:30:00+05:30,1668.0,1668.0,1654.05,1662.3,6756
2024-01-25 09:45:00+05:30,1664.35,1670.0,1645.85,1649.35,8385
2024-01-25 10:00:00+05:30,1649.35,1652.95,1645.0,1651.4,5138
2024-01-25 10:15:00+05:30,1651.4,1654.15,1649.45,1652.15,2206
2024-01-25 10:30:00+05:30,1651.5,1654.0,1650.6,1651.3,1842
2024-01-25 10:45:00+05:30,1651.3,1655.0,1650.05,1653.6,2758
2024-01-25 11:00:00+05:30,1653.6,1655.25,1652.85,1654.15,862
2024-01-25 11:15:00+05:30,1655.1,1659.0,1651.05,1659.0,3799
2024-01-25 11:30:00+05:30,1659.0,1661.0,1655.4,1657.0,3467
2024-01-25 11:45:00+05:30,1657.0,1661.0,1655.0,1656.45,1321
2024-01-25 12:00:00+05:30,1656.45,1656.45,1651.0,1654.15,2418
2024-01-25 12:15:00+05:30,1654.15,1656.55,1651.05,1654.95,1164
2024-01-25 12:30:00+05:30,1654.95,1658.45,1653.25,1655.15,639
2024-01-25 12:45:00+05:30,1656.5,1656.5,1650.45,1653.75,1678
2024-01-25 13:00:00+05:30,1653.75,1655.0,1650.05,1653.25,2736
2024-01-25 13:15:00+05:30,1653.25,1654.9,1650.05,1654.45,470
2024-01-25 13:30:00+05:30,1654.45,1655.8,1651.95,1651.95,447
2024-01-25 13:45:00+05:30,1651.95,1654.3,1651.55,1651.7,393
2024-01-25 14:00:00+05:30,1651.7,1655.4,1650.15,1655.0,1142
2024-01-25 14:15:00+05:30,1655.0,1655.0,1650.05,1651.75,1780
2024-01-25 14:30:00+05:30,1651.75,1657.6,1650.15,1655.7,1167
2024-01-25 14:45:00+05:30,1655.7,1657.6,1653.7,1656.0,937
2024-01-25 15:00:00+05:30,1655.75,1657.6,1654.0,1656.95,1056
2024-01-25 15:15:00+05:30,1657.0,1659.9,1652.0,1658.5,5657
2024-01-25 15:30:00+05:30,1659.0,1659.95,1645.0,1650.7,8077
2024-01-29 09:30:00+05:30,1653.15,1660.35,1645.0,1648.4,7112
2024-01-29 09:45:00+05:30,1648.45,1652.0,1644.35,1645.95,3186
2024-01-29 10:00:00+05:30,1644.75,1647.95,1641.05,1644.55,1672
2024-01-29 10:15:00+05:30,1644.0,1651.95,1641.55,1649.0,3889
2024-01-29 10:30:00+05:30,1649.0,1650.85,1643.0,1645.3,2905
2024-01-29 10:45:00+05:30,1645.3,1645.3,1641.6,1643.5,590
2024-01-29 11:00:00+05:30,1643.5,1644.0,1640.05,1640.7,1347
2024-01-29 11:15:00+05:30,1640.7,1644.0,1640.0,1644.0,865
2024-01-29 11:30:00+05:30,1644.0,1644.0,1640.2,1643.1,558
2024-01-29 11:45:00+05:30,1643.1,1644.1,1641.5,1642.95,1397
2024-01-29 12:00:00+05:30,1642.95,1647.95,1642.0,1642.0,867
2024-01-29 12:15:00+05:30,1643.7,1646.2,1640.1,1642.8,3053
2024-01-29 12:30:00+05:30,1642.8,1645.0,1641.05,1643.0,691
2024-01-29 12:45:00+05:30,1643.0,1645.9,1641.65,1644.6,408
2024-01-29 13:00:00+05:30,1644.6,1644.6,1640.2,1642.25,1444
2024-01-29 13:15:00+05:30,1642.2,1642.2,1627.0,1634.6,12175
2024-01-29 13:30:00+05:30,1634.6,1634.6,1625.0,1628.0,4089
2024-01-29 13:45:00+05:30,1628.0,1628.55,1626.6,1627.75,2826
2024-01-29 14:00:00+05:30,1627.9,1630.95,1623.0,1624.05,4000
2024-01-29 14:15:00+05:30,1624.05,1628.0,1617.45,1618.1,7614
2024-01-29 14:30:00+05:30,1618.1,1620.0,1617.5,1618.6,2719
2024-01-29 14:45:00+05:30,1618.6,1619.95,1610.75,1617.1,7895
2024-01-29 15:00:00+05:30,1617.1,1619.45,1612.0,1614.7,2643
2024-01-29 15:15:00+05:30,1613.25,1620.25,1610.0,1611.6,8155
2024-01-29 15:30:00+05:30,1611.6,1617.95,1605.75,1610.0,11410
2024-01-30 09:30:00+05:30,1621.9,1635.0,1620.0,1632.15,14414
2024-01-30 09:45:00+05:30,1634.0,1636.95,1632.3,1633.5,3670
2024-01-30 10:00:00+05:30,1633.5,1634.7,1630.0,1632.95,2011
2024-01-30 10:15:00+05:30,1633.2,1633.2,1630.0,1630.9,1457
2024-01-30 10:30:00+05:30,1630.9,1630.95,1628.7,1629.55,1486
2024-01-30 10:45:00+05:30,1629.55,1635.0,1628.75,1633.5,5682
2024-01-30 11:00:00+05:30,1633.5,1637.0,1633.4,1634.6,3193
2024-01-30 11:15:00+05:30,1635.9,1637.05,1633.75,1636.75,918
2024-01-30 11:30:00+05:30,1636.75,1645.95,1636.0,1641.2,6008
2024-01-30 11:45:00+05:30,1641.2,1648.0,1640.25,1645.1,2224
2024-01-30 12:00:00+05:30,1645.1,1648.0,1644.9,1646.95,2528
2024-01-30 12:15:00+05:30,1646.95,1647.85,1643.85,1646.15,2405
2024-01-30 12:30:00+05:30,1646.15,1653.0,1646.15,1651.0,4678
2024-01-30 12:45:00+05:30,1651.0,1651.0,1642.6,1642.6,1673
2024-01-30 13:00:00+05:30,1642.6,1642.6,1633.95,1634.1,3972
2024-01-30 13:15:00+05:30,1634.1,1634.2,1625.5,1629.8,8083
2024-01-30 13:30:00+05:30,1629.8,1629.85,1625.1,1625.3,8845
2024-01-30 13:45:00+05:30,1625.3,1628.0,1623.7,1623.8,7458
2024-01-30 14:00:00+05:30,1623.8,1626.1,1621.7,1621.95,7182
2024-01-30 14:15:00+05:30,1621.95,1643.95,1621.95,1637.1,7771
2024-01-30 14:30:00+05:30,1637.1,1638.8,1630.25,1630.25,1684
2024-01-30 14:45:00+05:30,1631.65,1636.9,1628.05,1628.05,15244
2024-01-30 15:00:00+05:30,1628.05,1633.0,1624.6,1627.25,3222
2024-01-30 15:15:00+05:30,1627.25,1631.55,1622.7,1626.45,8109
2024-01-30 15:30:00+05:30,1626.45,1633.1,1624.3,1624.5,7990
2024-01-31 09:30:00+05:30,1628.0,1647.25,1628.0,1639.9,11569
2024-01-31 09:45:00+05:30,1639.9,1656.8,1635.05,1656.0,6231
2024-01-31 10:00:00+05:30,1657.9,1667.0,1655.1,1663.45,7558
2024-01-31 10:15:00+05:30,1665.85,1666.0,1658.0,1662.95,6638
2024-01-31 10:30:00+05:30,1662.95,1666.75,1654.75,1656.55,3842
2024-01-31 10:45:00+05:30,1656.55,1666.0,1656.55,1662.85,4099
2024-01-31 11:00:00+05:30,1662.85,1666.0,1660.3,1660.9,2327
2024-01-31 11:15:00+05:30,1660.85,1663.1,1658.4,1659.0,1837
2024-01-31 11:30:00+05:30,1659.0,1663.45,1659.0,1663.05,3040
2024-01-31 11:45:00+05:30,1663.05,1664.5,1658.05,1661.9,2319
2024-01-31 12:00:00+05:30,1660.8,1663.95,1658.9,1661.15,1000
2024-01-31 12:15:00+05:30,1661.15,1661.15,1652.7,1652.85,2918
2024-01-31 12:30:00+05:30,1652.85,1656.95,1651.5,1655.0,1298
2024-01-31 12:45:00+05:30,1655.0,1657.75,1652.0,1656.45,1036
2024-01-31 13:00:00+05:30,1656.45,1658.0,1652.8,1654.25,1467
2024-01-31 13:15:00+05:30,1654.25,1659.0,1652.6,1658.0,1248
2024-01-31 13:30:00+05:30,1658.0,1660.0,1657.05,1659.0,1148
2024-01-31 13:45:00+05:30,1659.0,1664.7,1657.15,1658.15,2500
2024-01-31 14:00:00+05:30,1658.15,1660.75,1651.65,1657.9,1982
2024-01-31 14:15:00+05:30,1657.9,1660.0,1655.05,1659.95,1969
2024-01-31 14:30:00+05:30,1659.95,1662.3,1656.4,1662.0,1906
2024-01-31 14:45:00+05:30,1662.0,1665.0,1660.95,1664.45,2076
2024-01-31 15:00:00+05:30,1664.45,1665.0,1662.65,1663.1,1745
2024-01-31 15:15:00+05:30,1663.1,1667.0,1663.1,1664.65,9042
2024-01-31 15:30:00+05:30,1664.5,1664.6,1659.05,1660.0,7375
2024-02-01 09:30:00+05:30,1669.95,1670.6,1650.05,1654.8,1949
2024-02-01 09:45:00+05:30,1654.8,1655.95,1650.4,1654.45,1753
2024-02-01 10:00:00+05:30,1654.45,1656.7,1651.3,1654.4,1578
2024-02-01 10:15:00+05:30,1654.4,1656.0,1650.0,1655.8,2388
2024-02-01 10:30:00+05:30,1655.8,1656.95,1654.0,1656.55,601
2024-02-01 10:45:00+05:30,1656.55,1656.55,1650.05,1650.05,448
2024-02-01 11:00:00+05:30,1650.05,1653.5,1650.0,1653.5,511
2024-02-01 11:15:00+05:30,1653.5,1653.7,1651.0,1653.2,560
2024-02-01 11:30:00+05:30,1653.2,1658.95,1651.55,1658.95,888
2024-02-01 11:45:00+05:30,1658.95,1672.55,1656.35,1671.0,5514
2024-02-01 12:00:00+05:30,1671.0,1680.0,1668.8,1677.85,8858
2024-02-01 12:15:00+05:30,1675.05,1677.0,1668.45,1672.95,3795
2024-02-01 12:30:00+05:30,1672.95,1673.9,1657.1,1665.05,8212
2024-02-01 12:45:00+05:30,1665.0,1675.75,1665.0,1675.75,4667
2024-02-01 13:00:00+05:30,1675.75,1675.75,1669.95,1675.0,2242
2024-02-01 13:15:00+05:30,1675.0,1675.8,1673.1,1674.9,1351
2024-02-01 13:30:00+05:30,1674.9,1675.75,1673.1,1673.4,1462
2024-02-01 13:45:00+05:30,1673.4,1675.25,1671.3,1672.25,1410
2024-02-01 14:00:00+05:30,1673.0,1674.95,1671.3,1672.5,734
2024-02-01 14:15:00+05:30,1671.85,1675.25,1671.05,1673.0,2497
2024-02-01 14:30:00+05:30,1673.0,1673.0,1671.0,1672.85,1039
2024-02-01 14:45:00+05:30,1672.85,1675.0,1670.9,1674.9,2238
2024-02-01 15:00:00+05:30,1674.9,1676.5,1673.2,1675.1,3339
2024-02-01 15:15:00+05:30,1675.75,1676.85,1673.05,1676.5,8928
2024-02-01 15:30:00+05:30,1676.45,1679.9,1670.1,1670.1,7896
2024-02-02 09:30:00+05:30,1687.25,1692.0,1676.75,1677.5,5668
2024-02-02 09:45:00+05:30,1677.5,1681.0,1674.3,1677.0,3647
2024-02-02 10:00:00+05:30,1677.0,1678.0,1672.0,1672.9,2433
2024-02-02 10:15:00+05:30,1674.3,1681.7,1673.05,1681.55,4008
2024-02-02 10:30:00+05:30,1681.55,1683.9,1679.75,1683.0,2633
2024-02-02 10:45:00+05:30,1683.0,1684.85,1681.5,1682.95,1570
2024-02-02 11:00:00+05:30,1682.95,1683.0,1681.6,1682.0,429
2024-02-02 11:15:00+05:30,1682.4,1684.25,1681.1,1683.0,1625
2024-02-02 11:30:00+05:30,1683.0,1683.0,1680.8,1682.25,2315
2024-02-02 11:45:00+05:30,1682.25,1682.5,1681.25,1682.5,1617
2024-02-02 12:00:00+05:30,1682.5,1682.5,1679.9,1682.45,2068
2024-02-02 12:15:00+05:30,1682.45,1682.5,1680.9,1682.0,2050
2024-02-02 12:30:00+05:30,1682.0,1682.85,1679.7,1680.45,4359
2024-02-02 12:45:00+05:30,1682.75,1683.4,1680.65,1681.65,3025
2024-02-02 13:00:00+05:30,1681.65,1683.0,1679.25,1682.0,8738
2024-02-02 13:15:00+05:30,1682.0,1683.0,1678.9,1682.4,4283
2024-02-02 13:30:00+05:30,1682.4,1683.35,1678.7,1681.0,1129
2024-02-02 13:45:00+05:30,1682.6,1686.55,1681.0,1686.15,3500
2024-02-02 14:00:00+05:30,1686.15,1687.85,1683.55,1687.25,3925
2024-02-02 14:15:00+05:30,1685.9,1690.0,1678.8,1680.0,3451
2024-02-02 14:30:00+05:30,1680.0,1680.0,1665.0,1665.0,2919
2024-02-02 14:45:00+05:30,1664.0,1671.65,1658.35,1669.45,3435
2024-02-02 15:00:00+05:30,1669.45,1673.8,1666.5,1673.25,3125
2024-02-02 15:15:00+05:30,1673.25,1684.2,1673.25,1683.2,5689
2024-02-02 15:30:00+05:30,1682.7,1689.95,1675.8,1684.0,8154
2024-02-05 09:30:00+05:30,1669.0,1699.5,1640.0,1698.85,24492
2024-02-05 09:45:00+05:30,1696.25,1725.0,1695.0,1720.6,49492
2024-02-05 10:00:00+05:30,1720.6,1728.95,1716.85,1719.3,32330
2024-02-05 10:15:00+05:30,1719.3,1742.05,1711.75,1741.0,35019
2024-02-05 10:30:00+05:30,1741.0,1820.0,1740.0,1774.95,305957
2024-02-05 10:45:00+05:30,1774.95,1775.0,1755.0,1764.95,47037
2024-02-05 11:00:00+05:30,1764.9,1766.1,1741.85,1746.1,29838
2024-02-05 11:15:00+05:30,1746.1,1746.1,1730.6,1730.75,24150
2024-02-05 11:30:00+05:30,1730.75,1736.0,1724.9,1729.15,18898
2024-02-05 11:45:00+05:30,1729.15,1736.4,1716.8,1723.5,22422
2024-02-05 12:00:00+05:30,1723.5,1725.0,1715.2,1720.0,13220
2024-02-05 12:15:00+05:30,1718.85,1740.0,1713.0,1736.05,21605
2024-02-05 12:30:00+05:30,1737.7,1745.05,1734.2,1740.2,17895
2024-02-05 12:45:00+05:30,1740.0,1747.0,1737.0,1739.0,22424
2024-02-05 13:00:00+05:30,1739.0,1743.2,1731.65,1739.65,13529
2024-02-05 13:15:00+05:30,1739.65,1742.0,1736.7,1739.0,7058
2024-02-05 13:30:00+05:30,1739.0,1743.75,1736.9,1740.2,7427
2024-02-05 13:45:00+05:30,1740.2,1741.0,1735.9,1738.0,7141
2024-02-05 14:00:00+05:30,1738.0,1740.0,1735.3,1739.55,5844
2024-02-05 14:15:00+05:30,1739.55,1740.85,1736.0,1740.85,4913
2024-02-05 14:30:00+05:30,1740.8,1740.8,1736.0,1739.55,4907
2024-02-05 14:45:00+05:30,1739.55,1740.0,1711.85,1719.4,18566
2024-02-05 15:00:00+05:30,1719.4,1739.6,1710.0,1736.8,13663
2024-02-05 15:15:00+05:30,1736.7,1745.5,1731.9,1740.0,18054
2024-02-05 15:30:00+05:30,1740.0,1740.0,1729.0,1734.0,20617
2024-02-06 09:30:00+05:30,1768.0,1797.0,1756.7,1762.05,44626
2024-02-06 09:45:00+05:30,1763.8,1770.45,1760.7,1769.0,11058
2024-02-06 10:00:00+05:30,1769.15,1770.45,1755.35,1768.0,6497
2024-02-06 10:15:00+05:30,1768.0,1769.5,1752.8,1756.25,6407
2024-02-06 10:30:00+05:30,1756.25,1764.1,1750.0,1757.75,5652
2024-02-06 10:45:00+05:30,1756.0,1767.2,1750.1,1759.0,101652
2024-02-06 11:00:00+05:30,1759.0,1759.0,1746.45,1747.15,4301
2024-02-06 11:15:00+05:30,1748.65,1755.0,1746.05,1750.6,5015
2024-02-06 11:30:00+05:30,1750.6,1756.95,1750.6,1755.15,2316
2024-02-06 11:45:00+05:30,1756.7,1760.0,1753.35,1756.6,3020
2024-02-06 12:00:00+05:30,1756.6,1756.6,1748.0,1748.1,2712
2024-02-06 12:15:00+05:30,1748.1,1750.85,1748.0,1749.95,1516
2024-02-06 12:30:00+05:30,1749.95,1750.0,1746.25,1747.8,1782
2024-02-06 12:45:00+05:30,1747.8,1750.0,1747.0,1748.75,2576
2024-02-06 13:00:00+05:30,1748.75,1750.0,1741.95,1743.25,3177
2024-02-06 13:15:00+05:30,1743.25,1745.0,1742.05,1745.0,1074
2024-02-06 13:30:00+05:30,1745.0,1745.0,1736.85,1740.0,3203
2024-02-06 13:45:00+05:30,1740.0,1740.0,1734.0,1736.2,2678
2024-02-06 14:00:00+05:30,1737.6,1738.05,1734.0,1736.0,1986
2024-02-06 14:15:00+05:30,1736.0,1738.4,1732.0,1732.6,45608
2024-02-06 14:30:00+05:30,1734.35,1735.0,1732.8,1735.0,1830
2024-02-06 14:45:00+05:30,1735.0,1735.0,1732.45,1735.0,4714
2024-02-06 15:00:00+05:30,1733.6,1735.0,1732.0,1734.3,2916
2024-02-06 15:15:00+05:30,1734.3,1738.75,1719.6,1723.65,13520
2024-02-06 15:30:00+05:30,1723.65,1729.75,1710.0,1720.05,14910
2024-02-07 09:30:00+05:30,1791.2,1797.0,1756.0,1759.95,106704
2024-02-07 09:45:00+05:30,1759.95,1763.9,1753.3,1760.0,30769
2024-02-07 10:00:00+05:30,1759.95,1761.0,1757.4,1760.0,23823
2024-02-07 10:15:00+05:30,1760.0,1769.0,1757.9,1761.2,16549
2024-02-07 10:30:00+05:30,1761.2,1761.8,1758.45,1760.5,8040
2024-02-07 10:45:00+05:30,1760.5,1762.0,1758.55,1760.0,9059
2024-02-07 11:00:00+05:30,1760.0,1761.95,1757.2,1760.0,13493
2024-02-07 11:15:00+05:30,1760.0,1760.0,1758.05,1759.95,7353
2024-02-07 11:30:00+05:30,1759.95,1759.95,1757.45,1759.0,7022
2024-02-07 11:45:00+05:30,1759.0,1759.8,1736.95,1756.9,29324
2024-02-07 12:00:00+05:30,1756.95,1759.75,1753.5,1756.0,8521
2024-02-07 12:15:00+05:30,1755.5,1756.0,1745.0,1750.0,10969
2024-02-07 12:30:00+05:30,1750.0,1751.0,1749.0,1749.95,6375
2024-02-07 12:45:00+05:30,1749.95,1751.7,1749.2,1750.45,3490
2024-02-07 13:00:00+05:30,1750.45,1751.0,1748.05,1750.7,3266
2024-02-07 13:15:00+05:30,1750.7,1751.95,1749.0,1750.0,3589
2024-02-07 13:30:00+05:30,1750.05,1750.15,1744.95,1749.35,9037
2024-02-07 13:45:00+05:30,1749.35,1751.7,1747.7,1750.2,8555
2024-02-07 14:00:00+05:30,1750.2,1750.85,1747.8,1749.95,1746
2024-02-07 14:15:00+05:30,1749.95,1753.95,1746.35,1748.4,9299
2024-02-07 14:30:00+05:30,1750.0,1752.05,1747.15,1750.3,39021
2024-02-07 14:45:00+05:30,1749.95,1751.7,1749.0,1750.8,22241
2024-02-07 15:00:00+05:30,1750.8,1751.9,1749.0,1751.0,8633
2024-02-07 15:15:00+05:30,1751.0,1751.15,1738.15,1744.7,22129
2024-02-07 15:30:00+05:30,1745.0,1750.0,1730.7,1748.0,18649
2024-02-08 09:30:00+05:30,1725.0,1744.9,1720.0,1729.05,12235
2024-02-08 09:45:00+05:30,1729.05,1735.0,1727.6,1728.85,5409
2024-02-08 10:00:00+05:30,1729.8,1733.2,1723.05,1728.15,11538
2024-02-08 10:15:00+05:30,1726.2,1733.5,1725.0,1733.5,7611
2024-02-08 10:30:00+05:30,1733.5,1739.35,1729.0,1735.35,7522
2024-02-08 10:45:00+05:30,1735.35,1740.0,1733.5,1737.0,3104
2024-02-08 11:00:00+05:30,1737.0,1750.95,1736.0,1748.6,8814
2024-02-08 11:15:00+05:30,1748.6,1762.0,1745.0,1757.5,10387
2024-02-08 11:30:00+05:30,1757.5,1760.4,1755.0,1757.5,7339
2024-02-08 11:45:00+05:30,1757.5,1761.0,1755.35,1756.6,3142
2024-02-08 12:00:00+05:30,1756.6,1759.5,1750.05,1756.4,5500
2024-02-08 12:15:00+05:30,1756.4,1758.05,1754.95,1756.45,2292
2024-02-08 12:30:00+05:30,1756.45,1757.35,1754.95,1755.05,1625
2024-02-08 12:45:00+05:30,1754.5,1756.45,1751.8,1756.45,1213
2024-02-08 13:00:00+05:30,1756.45,1757.95,1754.05,1754.1,1840
2024-02-08 13:15:00+05:30,1754.1,1760.0,1753.6,1758.55,5144
2024-02-08 13:30:00+05:30,1758.55,1758.55,1745.55,1747.35,6622
2024-02-08 13:45:00+05:30,1748.6,1749.85,1747.0,1748.0,919
2024-02-08 14:00:00+05:30,1748.0,1749.7,1736.0,1736.0,6977
2024-02-08 14:15:00+05:30,1736.5,1739.55,1732.45,1732.45,7859
2024-02-08 14:30:00+05:30,1732.05,1735.0,1730.25,1733.5,4093
2024-02-08 14:45:00+05:30,1733.5,1742.0,1733.5,1741.5,3812
2024-02-08 15:00:00+05:30,1741.5,1745.8,1740.35,1745.0,3174
2024-02-08 15:15:00+05:30,1745.0,1755.0,1742.25,1744.2,8516
2024-02-08 15:30:00+05:30,1744.2,1747.35,1730.05,1735.0,13296
2024-02-09 09:30:00+05:30,1741.7,1741.7,1720.55,1732.05,6560
2024-02-09 09:45:00+05:30,1732.05,1734.4,1717.0,1720.95,5266
2024-02-09 10:00:00+05:30,1722.85,1724.75,1694.05,1702.25,13065
2024-02-09 10:15:00+05:30,1702.95,1720.1,1697.55,1714.4,9067
2024-02-09 10:30:00+05:30,1714.4,1717.0,1704.0,1705.25,2278
2024-02-09 10:45:00+05:30,1705.25,1708.4,1699.2,1702.9,2115
2024-02-09 11:00:00+05:30,1700.1,1703.0,1697.25,1697.5,3327
2024-02-09 11:15:00+05:30,1698.7,1699.9,1692.0,1697.4,3332
2024-02-09 11:30:00+05:30,1697.4,1706.95,1692.35,1706.95,4001
2024-02-09 11:45:00+05:30,1706.95,1708.0,1703.0,1703.7,1744
2024-02-09 12:00:00+05:30,1703.7,1714.0,1703.0,1711.9,2120
2024-02-09 12:15:00+05:30,1711.9,1718.7,1710.9,1713.95,3963
2024-02-09 12:30:00+05:30,1713.95,1727.45,1713.1,1724.15,3451
2024-02-09 12:45:00+05:30,1724.15,1733.45,1724.15,1733.4,94888
2024-02-09 13:00:00+05:30,1733.4,1739.0,1730.65,1735.65,4076
2024-02-09 13:15:00+05:30,1735.65,1738.9,1735.5,1735.95,1249
2024-02-09 13:30:00+05:30,1735.95,1737.45,1733.05,1734.75,954
2024-02-09 13:45:00+05:30,1734.75,1736.4,1733.0,1735.0,1800
2024-02-09 14:00:00+05:30,1735.0,1736.4,1735.0,1735.0,744
2024-02-09 14:15:00+05:30,1735.0,1735.95,1735.0,1735.0,1599
2024-02-09 14:30:00+05:30,1735.0,1736.55,1734.2,1735.6,1135
2024-02-09 14:45:00+05:30,1735.6,1736.7,1734.8,1735.0,1379
2024-02-09 15:00:00+05:30,1735.0,1735.8,1731.0,1731.0,2077
2024-02-09 15:15:00+05:30,1732.15,1734.0,1726.75,1728.0,4569
2024-02-09 15:30:00+05:30,1726.9,1732.7,1701.95,1719.15,9542
2024-02-12 09:30:00+05:30,1723.8,1723.8,1706.25,1722.75,5661
2024-02-12 09:45:00+05:30,1722.75,1722.75,1702.8,1703.65,2326
2024-02-12 10:00:00+05:30,1703.0,1717.45,1700.05,1711.0,4869
2024-02-12 10:15:00+05:30,1709.0,1710.4,1689.95,1696.95,5919
2024-02-12 10:30:00+05:30,1696.95,1697.1,1670.05,1690.7,7568
2024-02-12 10:45:00+05:30,1690.7,1696.9,1686.35,1691.9,2735
2024-02-12 11:00:00+05:30,1691.9,1724.95,1680.15,1714.1,9747
2024-02-12 11:15:00+05:30,1714.1,1718.95,1703.0,1707.8,2090
2024-02-12 11:30:00+05:30,1707.8,1715.0,1705.55,1715.0,1366
2024-02-12 11:45:00+05:30,1715.0,1715.0,1706.65,1710.05,907
2024-02-12 12:00:00+05:30,1710.05,1711.4,1702.15,1702.65,1355
2024-02-12 12:15:00+05:30,1705.3,1706.3,1697.5,1700.0,1136
2024-02-12 12:30:00+05:30,1700.0,1712.55,1698.5,1701.45,6362
2024-02-12 12:45:00+05:30,1701.45,1707.9,1701.45,1707.7,370
2024-02-12 13:00:00+05:30,1707.7,1710.95,1701.45,1706.95,1161
2024-02-12 13:15:00+05:30,1707.9,1707.9,1698.95,1701.3,1093
2024-02-12 13:30:00+05:30,1701.3,1704.15,1698.6,1702.5,654
2024-02-12 13:45:00+05:30,1702.5,1707.15,1701.6,1704.75,712
2024-02-12 14:00:00+05:30,1704.75,1708.15,1703.05,1705.7,705
2024-02-12 14:15:00+05:30,1705.7,1711.75,1705.65,1709.5,766
2024-02-12 14:30:00+05:30,1709.4,1709.95,1700.1,1705.2,774
2024-02-12 14:45:00+05:30,1705.4,1710.0,1701.25,1703.55,1469
2024-02-12 15:00:00+05:30,1703.55,1712.8,1697.35,1712.8,3992
2024-02-12 15:15:00+05:30,1713.6,1740.0,1713.6,1734.9,11829
2024-02-12 15:30:00+05:30,1734.8,1734.8,1715.05,1724.25,8563
2024-02-13 09:30:00+05:30,1729.2,1737.8,1700.5,1702.8,83376
2024-02-13 09:45:00+05:30,1702.8,1708.8,1695.45,1702.7,7322
2024-02-13 10:00:00+05:30,1704.4,1704.95,1694.0,1700.7,2942
2024-02-13 10:15:00+05:30,1700.7,1706.0,1698.1,1703.8,22167
2024-02-13 10:30:00+05:30,1703.8,1704.45,1695.45,1700.5,1751
2024-02-13 10:45:00+05:30,1700.5,1703.0,1698.0,1700.0,1808
2024-02-13 11:00:00+05:30,1700.0,1703.0,1698.45,1699.9,1832
2024-02-13 11:15:00+05:30,1699.9,1702.75,1698.55,1702.45,516
2024-02-13 11:30:00+05:30,1701.2,1702.75,1698.35,1699.85,983
2024-02-13 11:45:00+05:30,1699.85,1700.3,1696.15,1697.2,827
2024-02-13 12:00:00+05:30,1697.2,1702.8,1697.0,1701.15,674
2024-02-13 12:15:00+05:30,1701.15,1719.3,1697.05,1697.4,62374
2024-02-13 12:30:00+05:30,1697.65,1704.15,1697.65,1701.7,1177
2024-02-13 12:45:00+05:30,1701.7,1707.45,1700.05,1701.9,4563
2024-02-13 13:00:00+05:30,1701.9,1707.85,1700.0,1701.95,3442
2024-02-13 13:15:00+05:30,1702.7,1707.95,1701.1,1702.8,4688
2024-02-13 13:30:00+05:30,1702.8,1704.0,1700.85,1702.55,2390
2024-02-13 13:45:00+05:30,1703.6,1705.0,1699.5,1700.0,5250
2024-02-13 14:00:00+05:30,1700.0,1700.85,1698.0,1699.8,2086
2024-02-13 14:15:00+05:30,1699.8,1700.0,1698.0,1699.65,1961
2024-02-13 14:30:00+05:30,1699.65,1700.0,1696.65,1699.6,4651
2024-02-13 14:45:00+05:30,1699.6,1701.0,1697.4,1697.75,2647
2024-02-13 15:00:00+05:30,1699.45,1701.0,1697.75,1699.15,8256
2024-02-13 15:15:00+05:30,1699.15,1700.0,1697.55,1699.45,7603
2024-02-13 15:30:00+05:30,1699.5,1700.0,1697.25,1700.0,10730
2024-02-14 09:30:00+05:30,1699.8,1711.6,1692.2,1705.1,11132
2024-02-14 09:45:00+05:30,1706.45,1727.0,1705.1,1725.25,8568
2024-02-14 10:00:00+05:30,1727.0,1728.4,1716.95,1723.0,9456
2024-02-14 10:15:00+05:30,1723.0,1728.0,1720.0,1724.35,5370
2024-02-14 10:30:00+05:30,1724.35,1726.7,1722.25,1726.1,1556
2024-02-14 10:45:00+05:30,1726.1,1730.0,1724.35,1727.25,2890
2024-02-14 11:00:00+05:30,1727.25,1730.0,1723.9,1723.9,2729
2024-02-14 11:15:00+05:30,1723.9,1725.3,1706.3,1710.8,10257
2024-02-14 11:30:00+05:30,1711.7,1719.8,1709.4,1715.95,2530
2024-02-14 11:45:00+05:30,1715.0,1716.8,1708.05,1711.8,3404
2024-02-14 12:00:00+05:30,1711.8,1720.05,1710.5,1716.05,2723
2024-02-14 12:15:00+05:30,1716.05,1719.7,1713.55,1717.7,1612
2024-02-14 12:30:00+05:30,1717.7,1717.9,1708.9,1709.5,4544
2024-02-14 12:45:00+05:30,1709.5,1709.95,1701.0,1706.0,5390
2024-02-14 13:00:00+05:30,1706.0,1712.4,1706.0,1712.4,725
2024-02-14 13:15:00+05:30,1712.6,1714.0,1710.0,1711.95,869
2024-02-14 13:30:00+05:30,1711.95,1714.05,1711.0,1712.0,602
2024-02-14 13:45:00+05:30,1712.0,1713.1,1707.0,1708.1,1195
2024-02-14 14:00:00+05:30,1708.1,1709.9,1706.05,1706.1,538
2024-02-14 14:15:00+05:30,1706.1,1709.9,1704.2,1707.95,1513
2024-02-14 14:30:00+05:30,1707.95,1709.85,1707.0,1707.9,662
2024-02-14 14:45:00+05:30,1707.9,1709.8,1707.3,1709.35,775
2024-02-14 15:00:00+05:30,1709.35,1709.85,1704.25,1708.15,1489
2024-02-14 15:15:00+05:30,1708.15,1711.0,1708.15,1710.0,4407
2024-02-14 15:30:00+05:30,1710.0,1715.0,1706.05,1710.0,6220
2024-02-15 09:30:00+05:30,1722.0,1728.95,1710.05,1726.05,47596
2024-02-15 09:45:00+05:30,1726.05,1726.05,1712.15,1713.0,2094
2024-02-15 10:00:00+05:30,1713.0,1721.15,1712.0,1716.65,3495
2024-02-15 10:15:00+05:30,1716.65,1718.3,1715.0,1716.1,1071
2024-02-15 10:30:00+05:30,1716.1,1718.15,1715.2,1716.15,1002
2024-02-15 10:45:00+05:30,1716.15,1719.85,1715.0,1716.3,1730
2024-02-15 11:00:00+05:30,1716.3,1716.3,1712.0,1712.0,1630
2024-02-15 11:15:00+05:30,1712.0,1715.9,1712.0,1715.0,792
2024-02-15 11:30:00+05:30,1715.0,1716.5,1712.0,1712.0,493
2024-02-15 11:45:00+05:30,1712.0,1712.25,1707.3,1709.0,1318
2024-02-15 12:00:00+05:30,1709.0,1712.05,1709.0,1710.25,787
2024-02-15 12:15:00+05:30,1710.25,1711.15,1710.0,1710.25,657
2024-02-15 12:30:00+05:30,1710.25,1711.25,1710.2,1710.25,271
2024-02-15 12:45:00+05:30,1710.25,1711.9,1710.25,1710.75,747
2024-02-15 13:00:00+05:30,1710.75,1712.15,1710.75,1710.95,366
2024-02-15 13:15:00+05:30,1710.95,1712.25,1710.8,1711.2,317
2024-02-15 13:30:00+05:30,1711.2,1716.85,1711.0,1715.9,2076
2024-02-15 13:45:00+05:30,1715.1,1717.0,1715.0,1715.0,511
2024-02-15 14:00:00+05:30,1715.0,1716.95,1715.0,1715.2,885
2024-02-15 14:15:00+05:30,1715.95,1717.0,1713.65,1715.3,859
2024-02-15 14:30:00+05:30,1715.6,1719.75,1714.05,1716.5,6215
2024-02-15 14:45:00+05:30,1716.5,1722.4,1716.5,1720.85,1889
2024-02-15 15:00:00+05:30,1720.85,1724.0,1720.0,1720.6,1356
2024-02-15 15:15:00+05:30,1722.4,1722.5,1719.0,1722.3,4869
2024-02-15 15:30:00+05:30,1722.4,1735.95,1715.1,1727.0,18916
2024-02-16 09:30:00+05:30,1739.0,1745.0,1717.0,1739.9,13959
2024-02-16 09:45:00+05:30,1738.3,1770.0,1737.1,1765.55,27426
2024-02-16 10:00:00+05:30,1765.55,1774.5,1752.55,1755.2,16176
2024-02-16 10:15:00+05:30,1756.0,1759.95,1741.0,1742.6,9569
2024-02-16 10:30:00+05:30,1742.6,1745.0,1735.7,1738.4,6198
2024-02-16 10:45:00+05:30,1739.85,1740.4,1735.0,1737.8,4943
2024-02-16 11:00:00+05:30,1737.8,1738.55,1726.75,1727.0,5418
2024-02-16 11:15:00+05:30,1727.0,1730.35,1725.0,1730.25,4456
2024-02-16 11:30:00+05:30,1730.25,1731.95,1726.2,1729.2,2826
2024-02-16 11:45:00+05:30,1729.2,1729.45,1725.0,1727.85,3886
2024-02-16 12:00:00+05:30,1727.85,1730.0,1725.3,1729.3,3471
2024-02-16 12:15:00+05:30,1730.0,1730.55,1728.0,1728.6,4388
2024-02-16 12:30:00+05:30,1728.6,1731.0,1727.2,1727.65,4879
2024-02-16 12:45:00+05:30,1727.65,1730.0,1725.7,1728.05,4066
2024-02-16 13:00:00+05:30,1728.05,1730.15,1727.05,1727.9,3729
2024-02-16 13:15:00+05:30,1727.9,1731.9,1725.6,1728.3,3257
2024-02-16 13:30:00+05:30,1728.4,1730.85,1726.1,1728.0,3577
2024-02-16 13:45:00+05:30,1728.0,1734.45,1727.0,1728.85,5020
2024-02-16 14:00:00+05:30,1728.85,1730.0,1715.25,1719.8,5219
2024-02-16 14:15:00+05:30,1719.8,1722.5,1717.0,1717.7,2173
2024-02-16 14:30:00+05:30,1717.7,1718.65,1712.5,1715.0,2928
2024-02-16 14:45:00+05:30,1715.2,1718.5,1714.1,1715.35,1806
2024-02-16 15:00:00+05:30,1715.35,1722.65,1715.35,1718.4,4889
2024-02-16 15:15:00+05:30,1718.4,1720.5,1714.5,1715.25,6029
2024-02-16 15:30:00+05:30,1715.25,1730.0,1708.1,1725.9,12204
2024-02-19 09:30:00+05:30,1723.0,1727.65,1712.2,1717.95,8645
2024-02-19 09:45:00+05:30,1717.95,1723.65,1716.0,1719.1,2677
2024-02-19 10:00:00+05:30,1719.1,1719.2,1703.25,1705.15,5668
2024-02-19 10:15:00+05:30,1705.15,1708.9,1701.1,1702.95,3218
2024-02-19 10:30:00+05:30,1702.95,1715.2,1700.0,1714.55,7226
2024-02-19 10:45:00+05:30,1714.55,1723.2,1712.55,1715.15,3828
2024-02-19 11:00:00+05:30,1715.15,1716.95,1712.6,1715.9,1413
2024-02-19 11:15:00+05:30,1715.9,1716.95,1713.3,1716.2,734
2024-02-19 11:30:00+05:30,1716.2,1716.8,1710.05,1711.85,1222
2024-02-19 11:45:00+05:30,1711.85,1714.5,1710.6,1714.1,436
2024-02-19 12:00:00+05:30,1714.1,1719.85,1711.15,1715.95,1280
2024-02-19 12:15:00+05:30,1715.95,1718.95,1715.25,1718.4,670
2024-02-19 12:30:00+05:30,1718.4,1718.95,1716.5,1717.9,412
2024-02-19 12:45:00+05:30,1717.95,1719.0,1716.65,1717.85,184
2024-02-19 13:00:00+05:30,1717.85,1723.9,1716.65,1717.2,1771
2024-02-19 13:15:00+05:30,1718.85,1719.85,1716.55,1717.85,274
2024-02-19 13:30:00+05:30,1717.85,1721.0,1715.8,1716.9,478
2024-02-19 13:45:00+05:30,1716.9,1718.0,1714.4,1718.0,928
2024-02-19 14:00:00+05:30,1718.0,1719.25,1716.1,1718.05,512
2024-02-19 14:15:00+05:30,1718.05,1725.0,1715.0,1720.25,4160
2024-02-19 14:30:00+05:30,1720.25,1721.25,1718.6,1719.55,534
2024-02-19 14:45:00+05:30,1720.0,1720.8,1718.0,1718.0,641
2024-02-19 15:00:00+05:30,1718.05,1722.15,1717.1,1722.15,1522
2024-02-19 15:15:00+05:30,1724.2,1724.8,1718.0,1721.0,2429
2024-02-19 15:30:00+05:30,1721.0,1723.3,1716.0,1720.0,3751
2024-02-20 09:30:00+05:30,1725.0,1725.0,1700.5,1717.5,7748
2024-02-20 09:45:00+05:30,1717.5,1719.95,1711.65,1713.0,1544
2024-02-20 10:00:00+05:30,1713.0,1719.3,1707.1,1711.7,2880
2024-02-20 10:15:00+05:30,1710.65,1711.75,1706.35,1709.4,4037
2024-02-20 10:30:00+05:30,1709.85,1715.8,1709.85,1712.05,3320
2024-02-20 10:45:00+05:30,1712.05,1713.85,1706.05,1706.05,1290
2024-02-20 11:00:00+05:30,1706.05,1707.75,1703.0,1704.15,2345
2024-02-20 11:15:00+05:30,1704.15,1705.75,1703.5,1704.0,1017
2024-02-20 11:30:00+05:30,1704.0,1707.55,1704.0,1705.75,707
2024-02-20 11:45:00+05:30,1705.6,1711.95,1704.85,1707.0,2218
2024-02-20 12:00:00+05:30,1707.0,1711.0,1707.0,1709.65,528
2024-02-20 12:15:00+05:30,1709.65,1712.75,1708.3,1710.6,722
2024-02-20 12:30:00+05:30,1710.6,1711.8,1707.55,1709.8,935
2024-02-20 12:45:00+05:30,1709.8,1711.2,1707.55,1708.1,376
2024-02-20 13:00:00+05:30,1708.1,1713.25,1707.85,1708.3,1086
2024-02-20 13:15:00+05:30,1709.75,1711.1,1707.0,1708.8,615
2024-02-20 13:30:00+05:30,1708.8,1711.0,1708.4,1708.7,735
2024-02-20 13:45:00+05:30,1708.7,1712.95,1708.3,1711.25,1012
2024-02-20 14:00:00+05:30,1711.25,1712.95,1708.15,1709.15,1914
2024-02-20 14:15:00+05:30,1709.15,1710.2,1706.8,1709.95,977
2024-02-20 14:30:00+05:30,1709.95,1711.1,1706.8,1710.5,1221
2024-02-20 14:45:00+05:30,1710.5,1712.8,1709.0,1710.1,1316
2024-02-20 15:00:00+05:30,1710.1,1711.95,1705.0,1705.55,2005
2024-02-20 15:15:00+05:30,1706.75,1707.6,1701.05,1703.0,3501
2024-02-20 15:30:00+05:30,1703.0,1706.1,1700.0,1700.5,4327
2024-02-21 09:30:00+05:30,1707.0,1712.95,1700.05,1703.0,6873
2024-02-21 09:45:00+05:30,1703.0,1715.0,1703.0,1706.25,1890
2024-02-21 10:00:00+05:30,1706.25,1707.9,1704.2,1706.75,1074
2024-02-21 10:15:00+05:30,1706.75,1706.75,1703.0,1703.35,721
2024-02-21 10:30:00+05:30,1703.35,1704.4,1675.1,1680.8,13022
2024-02-21 10:45:00+05:30,1680.8,1683.15,1672.0,1672.0,5404
2024-02-21 11:00:00+05:30,1673.5,1673.85,1663.4,1669.0,6781
2024-02-21 11:15:00+05:30,1669.0,1670.6,1667.5,1670.0,2541
2024-02-21 11:30:00+05:30,1670.0,1672.9,1669.0,1669.75,2866
2024-02-21 11:45:00+05:30,1669.75,1670.6,1667.55,1669.6,1499
2024-02-21 12:00:00+05:30,1669.6,1669.7,1667.0,1668.7,1608
2024-02-21 12:15:00+05:30,1668.7,1670.1,1665.15,1668.7,1289
2024-02-21 12:30:00+05:30,1668.7,1670.15,1665.1,1669.3,1617
2024-02-21 12:45:00+05:30,1669.3,1670.2,1667.5,1670.2,4713
2024-02-21 13:00:00+05:30,1670.2,1671.05,1668.5,1670.45,3257
2024-02-21 13:15:00+05:30,1670.55,1671.0,1668.25,1670.9,2362
2024-02-21 13:30:00+05:30,1670.9,1670.9,1668.15,1669.25,2818
2024-02-21 13:45:00+05:30,1669.25,1670.95,1666.25,1666.9,3230
2024-02-21 14:00:00+05:30,1666.15,1670.95,1666.0,1669.15,3065
2024-02-21 14:15:00+05:30,1669.2,1669.35,1661.55,1662.8,4671
2024-02-21 14:30:00+05:30,1662.8,1669.35,1661.45,1666.45,2969
2024-02-21 14:45:00+05:30,1668.7,1668.7,1653.0,1653.0,6050
2024-02-21 15:00:00+05:30,1653.0,1660.0,1653.0,1654.95,3260
2024-02-21 15:15:00+05:30,1655.55,1668.85,1655.55,1664.55,5987
2024-02-21 15:30:00+05:30,1664.55,1666.5,1654.0,1658.5,8410
2024-02-22 09:30:00+05:30,1661.0,1667.0,1628.0,1629.9,14047
2024-02-22 09:45:00+05:30,1630.05,1641.8,1622.25,1639.55,8833
2024-02-22 10:00:00+05:30,1639.55,1640.0,1627.05,1630.0,4442
2024-02-22 10:15:00+05:30,1630.0,1634.35,1628.0,1631.2,1931
2024-02-22 10:30:00+05:30,1632.6,1634.9,1628.0,1629.1,2469
2024-02-22 10:45:00+05:30,1629.1,1630.0,1628.15,1629.95,966
2024-02-22 11:00:00+05:30,1629.95,1629.95,1625.0,1626.5,2055
2024-02-22 11:15:00+05:30,1628.8,1628.8,1624.45,1624.45,1766
2024-02-22 11:30:00+05:30,1624.45,1625.0,1621.2,1621.75,2009
2024-02-22 11:45:00+05:30,1622.0,1623.1,1620.55,1621.75,2218
2024-02-22 12:00:00+05:30,1621.75,1623.9,1621.7,1622.85,1203
2024-02-22 12:15:00+05:30,1622.85,1625.9,1621.15,1621.15,3990
2024-02-22 12:30:00+05:30,1621.95,1624.35,1620.5,1621.1,2894
2024-02-22 12:45:00+05:30,1621.1,1623.3,1620.55,1622.25,1727
2024-02-22 13:00:00+05:30,1622.25,1622.85,1616.15,1617.6,5638
2024-02-22 13:15:00+05:30,1617.6,1620.5,1617.6,1619.7,1845
2024-02-22 13:30:00+05:30,1619.65,1620.4,1618.15,1618.45,1190
2024-02-22 13:45:00+05:30,1618.45,1621.65,1617.7,1619.0,2394
2024-02-22 14:00:00+05:30,1619.75,1621.6,1619.05,1620.5,5009
2024-02-22 14:15:00+05:30,1620.5,1629.7,1620.5,1624.15,6482
2024-02-22 14:30:00+05:30,1624.15,1624.15,1619.0,1622.2,8102
2024-02-22 14:45:00+05:30,1622.8,1625.75,1620.05,1625.75,5104
2024-02-22 15:00:00+05:30,1627.9,1628.0,1624.8,1627.8,3424
2024-02-22 15:15:00+05:30,1627.8,1628.45,1617.9,1620.0,20102
2024-02-22 15:30:00+05:30,1620.0,1624.0,1614.15,1621.6,11297
2024-02-23 09:30:00+05:30,1625.0,1629.95,1620.3,1625.0,6250
2024-02-23 09:45:00+05:30,1624.9,1630.0,1623.3,1626.1,3874
2024-02-23 10:00:00+05:30,1626.1,1627.75,1623.0,1625.0,1910
2024-02-23 10:15:00+05:30,1625.0,1625.0,1622.2,1623.7,883
2024-02-23 10:30:00+05:30,1623.7,1625.95,1622.5,1625.0,561
2024-02-23 10:45:00+05:30,1625.0,1625.9,1623.0,1625.65,1056
2024-02-23 11:00:00+05:30,1625.65,1626.0,1623.35,1625.75,763
2024-02-23 11:15:00+05:30,1625.75,1625.8,1623.5,1625.8,353
2024-02-23 11:30:00+05:30,1625.8,1626.0,1623.15,1623.15,520
2024-02-23 11:45:00+05:30,1623.15,1625.1,1622.4,1624.0,2012
2024-02-23 12:00:00+05:30,1624.0,1626.0,1622.0,1625.75,2048
2024-02-23 12:15:00+05:30,1625.75,1626.0,1625.05,1625.05,1440
2024-02-23 12:30:00+05:30,1625.05,1625.95,1624.8,1625.2,356
2024-02-23 12:45:00+05:30,1625.2,1626.0,1624.8,1626.0,1889
2024-02-23 13:00:00+05:30,1626.0,1626.0,1624.7,1625.0,543
2024-02-23 13:15:00+05:30,1625.0,1626.0,1624.95,1625.7,1693
2024-02-23 13:30:00+05:30,1625.7,1625.8,1625.0,1625.0,355
2024-02-23 13:45:00+05:30,1625.0,1625.95,1624.45,1625.0,4125
2024-02-23 14:00:00+05:30,1625.0,1626.0,1623.25,1623.25,1048
2024-02-23 14:15:00+05:30,1623.25,1625.75,1623.25,1625.6,2308
2024-02-23 14:30:00+05:30,1625.6,1625.6,1623.3,1625.0,1549
2024-02-23 14:45:00+05:30,1625.0,1625.75,1621.0,1621.3,2124
2024-02-23 15:00:00+05:30,1621.3,1623.7,1620.0,1620.0,1131
2024-02-23 15:15:00+05:30,1621.55,1625.75,1620.5,1624.05,3847
2024-02-23 15:30:00+05:30,1624.95,1627.0,1622.0,1627.0,4793
2024-02-26 09:30:00+05:30,1630.0,1632.55,1610.0,1617.0,7887
2024-02-26 09:45:00+05:30,1617.0,1617.0,1611.05,1614.25,3761
2024-02-26 10:00:00+05:30,1614.2,1616.0,1606.85,1608.7,3998
2024-02-26 10:15:00+05:30,1608.7,1619.25,1608.0,1613.1,6630
2024-02-26 10:30:00+05:30,1613.1,1620.0,1612.15,1617.95,1959
2024-02-26 10:45:00+05:30,1617.9,1619.0,1616.75,1617.5,2668
2024-02-26 11:00:00+05:30,1617.3,1617.95,1610.2,1611.05,5596
2024-02-26 11:15:00+05:30,1611.0,1620.0,1610.05,1618.95,6209
2024-02-26 11:30:00+05:30,1618.95,1619.95,1615.1,1618.45,3555
2024-02-26 11:45:00+05:30,1618.05,1619.15,1610.0,1612.9,8863
2024-02-26 12:00:00+05:30,1612.9,1612.9,1611.1,1611.15,1366
2024-02-26 12:15:00+05:30,1611.2,1616.9,1611.15,1614.5,1128
2024-02-26 12:30:00+05:30,1614.5,1618.95,1613.65,1618.1,952
2024-02-26 12:45:00+05:30,1618.9,1619.0,1613.85,1616.2,859
2024-02-26 13:00:00+05:30,1616.2,1618.75,1616.2,1617.0,776
2024-02-26 13:15:00+05:30,1617.0,1624.95,1617.0,1622.2,2492
2024-02-26 13:30:00+05:30,1622.2,1626.75,1622.05,1622.8,868
2024-02-26 13:45:00+05:30,1622.9,1625.45,1621.15,1623.8,588
2024-02-26 14:00:00+05:30,1623.8,1624.9,1619.05,1619.05,1833
2024-02-26 14:15:00+05:30,1619.05,1624.8,1619.05,1620.5,666
2024-02-26 14:30:00+05:30,1620.5,1623.95,1620.5,1622.45,579
2024-02-26 14:45:00+05:30,1622.45,1624.0,1621.05,1621.25,1135
2024-02-26 15:00:00+05:30,1621.25,1627.0,1621.05,1625.95,2446
2024-02-26 15:15:00+05:30,1625.95,1628.0,1623.05,1623.95,2428
2024-02-26 15:30:00+05:30,1624.05,1627.0,1621.2,1627.0,4547
2024-02-27 09:30:00+05:30,1626.0,1627.0,1606.85,1611.6,6316
2024-02-27 09:45:00+05:30,1613.6,1628.0,1610.1,1624.45,14000
2024-02-27 10:00:00+05:30,1624.45,1625.0,1610.2,1615.0,11181
2024-02-27 10:15:00+05:30,1614.95,1616.0,1610.25,1610.35,3540
2024-02-27 10:30:00+05:30,1610.35,1616.45,1606.05,1611.1,9926
2024-02-27 10:45:00+05:30,1611.1,1614.25,1611.1,1612.75,1005
2024-02-27 11:00:00+05:30,1612.75,1616.0,1610.85,1615.0,1833
2024-02-27 11:15:00+05:30,1615.1,1616.0,1613.05,1614.0,901
2024-02-27 11:30:00+05:30,1614.0,1615.5,1611.4,1612.55,672
2024-02-27 11:45:00+05:30,1612.55,1613.2,1611.3,1611.45,416
2024-02-27 12:00:00+05:30,1611.45,1613.3,1611.25,1612.05,499
2024-02-27 12:15:00+05:30,1612.05,1613.7,1611.1,1611.35,621
2024-02-27 12:30:00+05:30,1611.35,1619.0,1610.65,1617.2,1080
2024-02-27 12:45:00+05:30,1617.2,1618.85,1616.5,1616.6,432
2024-02-27 13:00:00+05:30,1616.6,1619.2,1616.05,1618.4,867
2024-02-27 13:15:00+05:30,1618.4,1618.4,1612.0,1613.15,714
2024-02-27 13:30:00+05:30,1613.15,1615.45,1612.5,1613.1,493
2024-02-27 13:45:00+05:30,1613.1,1616.9,1608.0,1609.1,2476
2024-02-27 14:00:00+05:30,1609.1,1611.1,1607.05,1607.3,2267
2024-02-27 14:15:00+05:30,1607.3,1609.15,1592.0,1601.0,21887
2024-02-27 14:30:00+05:30,1601.0,1608.0,1593.05,1604.4,10580
2024-02-27 14:45:00+05:30,1604.4,1609.1,1604.4,1609.0,7958
2024-02-27 15:00:00+05:30,1609.0,1609.1,1601.05,1602.05,2703
2024-02-27 15:15:00+05:30,1603.7,1629.7,1602.15,1619.95,11816
2024-02-27 15:30:00+05:30,1619.95,1628.9,1592.0,1625.0,8879
2024-02-28 09:30:00+05:30,1623.0,1627.0,1591.15,1618.8,5058
2024-02-28 09:45:00+05:30,1618.8,1637.8,1616.0,1635.95,7746
2024-02-28 10:00:00+05:30,1633.85,1636.0,1624.05,1624.7,4159
2024-02-28 10:15:00+05:30,1624.7,1629.95,1623.05,1623.2,1793
2024-02-28 10:30:00+05:30,1623.2,1630.0,1623.1,1626.85,1735
2024-02-28 10:45:00+05:30,1626.85,1628.0,1623.15,1624.0,1381
2024-02-28 11:00:00+05:30,1623.15,1624.6,1611.2,1611.2,3277
2024-02-28 11:15:00+05:30,1612.0,1613.95,1604.75,1607.1,3850
2024-02-28 11:30:00+05:30,1607.1,1627.5,1607.1,1615.0,8369
2024-02-28 11:45:00+05:30,1616.0,1626.0,1614.0,1622.75,3251
2024-02-28 12:00:00+05:30,1624.25,1627.5,1622.4,1627.0,2667
2024-02-28 12:15:00+05:30,1627.0,1627.0,1621.6,1623.25,5339
2024-02-28 12:30:00+05:30,1623.25,1629.8,1623.25,1626.25,1860
2024-02-28 12:45:00+05:30,1626.25,1627.9,1626.0,1626.1,962
2024-02-28 13:00:00+05:30,1626.1,1627.5,1621.05,1621.65,1979
2024-02-28 13:15:00+05:30,1623.3,1623.3,1607.0,1607.0,5480
2024-02-28 13:30:00+05:30,1607.0,1616.4,1606.7,1606.7,3684
2024-02-28 13:45:00+05:30,1607.75,1617.7,1606.15,1615.8,1992
2024-02-28 14:00:00+05:30,1614.5,1615.8,1609.0,1609.25,1781
2024-02-28 14:15:00+05:30,1609.25,1615.95,1609.25,1614.15,836
2024-02-28 14:30:00+05:30,1614.15,1614.45,1609.2,1612.3,948
2024-02-28 14:45:00+05:30,1612.4,1614.25,1609.2,1611.45,335
2024-02-28 15:00:00+05:30,1611.45,1612.65,1609.15,1612.55,3017
2024-02-28 15:15:00+05:30,1612.05,1613.9,1602.05,1603.85,2825
2024-02-28 15:30:00+05:30,1603.85,1604.9,1588.0,1594.65,6856
2024-02-29 09:30:00+05:30,1591.0,1607.3,1580.0,1586.0,9448
2024-02-29 09:45:00+05:30,1586.0,1605.0,1585.05,1602.65,14438
2024-02-29 10:00:00+05:30,1602.65,1609.25,1599.95,1604.8,9688
2024-02-29 10:15:00+05:30,1604.85,1604.95,1598.5,1604.1,3540
2024-02-29 10:30:00+05:30,1604.4,1604.9,1599.45,1604.9,6189
2024-02-29 10:45:00+05:30,1604.5,1604.9,1601.65,1602.7,6485
2024-02-29 11:00:00+05:30,1602.7,1603.05,1583.1,1583.1,4596
2024-02-29 11:15:00+05:30,1584.3,1590.25,1583.1,1585.2,1736
2024-02-29 11:30:00+05:30,1584.7,1590.05,1583.1,1584.0,2400
2024-02-29 11:45:00+05:30,1584.0,1584.05,1578.05,1578.05,3731
2024-02-29 12:00:00+05:30,1578.05,1584.7,1576.05,1583.0,2309
2024-02-29 12:15:00+05:30,1583.9,1583.9,1580.1,1580.45,1263
2024-02-29 12:30:00+05:30,1580.45,1592.0,1580.15,1583.15,3788
2024-02-29 12:45:00+05:30,1582.9,1585.4,1574.3,1575.05,6658
2024-02-29 13:00:00+05:30,1575.05,1577.95,1571.0,1575.45,3951
2024-02-29 13:15:00+05:30,1575.45,1584.4,1573.0,1583.6,7304
2024-02-29 13:30:00+05:30,1584.0,1587.55,1575.6,1583.95,4047
2024-02-29 13:45:00+05:30,1582.2,1588.9,1578.5,1584.4,2918
2024-02-29 14:00:00+05:30,1584.4,1587.65,1581.3,1585.6,2174
2024-02-29 14:15:00+05:30,1585.6,1592.0,1580.05,1590.65,2685
2024-02-29 14:30:00+05:30,1590.65,1592.95,1584.7,1589.8,3613
2024-02-29 14:45:00+05:30,1589.8,1589.8,1580.05,1581.5,3507
2024-02-29 15:00:00+05:30,1581.45,1600.0,1576.15,1600.0,8354
2024-02-29 15:15:00+05:30,1600.0,1600.0,1558.65,1565.7,37598
2024-02-29 15:30:00+05:30,1564.85,1586.0,1561.75,1585.95,34804
2024-03-01 09:30:00+05:30,1592.0,1592.45,1565.05,1572.85,10477
2024-03-01 09:45:00+05:30,1572.7,1578.85,1571.0,1577.3,1967
2024-03-01 10:00:00+05:30,1577.75,1579.35,1574.45,1575.0,1837
2024-03-01 10:15:00+05:30,1575.55,1577.05,1573.0,1576.7,2249
2024-03-01 10:30:00+05:30,1576.2,1583.15,1574.0,1582.6,2474
2024-03-01 10:45:00+05:30,1582.9,1588.95,1580.7,1584.95,7671
2024-03-01 11:00:00+05:30,1585.0,1594.4,1583.4,1591.05,4731
2024-03-01 11:15:00+05:30,1591.0,1595.0,1591.0,1592.6,2459
2024-03-01 11:30:00+05:30,1592.6,1592.6,1575.4,1580.0,9081
2024-03-01 11:45:00+05:30,1578.8,1585.0,1578.8,1584.95,4486
2024-03-01 12:00:00+05:30,1584.95,1585.9,1583.7,1584.55,5064
2024-03-01 12:15:00+05:30,1584.55,1603.65,1584.5,1600.0,14221
2024-03-01 12:30:00+05:30,1600.0,1600.1,1594.65,1597.65,49212
2024-03-01 12:45:00+05:30,1597.65,1598.85,1582.05,1586.8,4897
2024-03-01 13:00:00+05:30,1586.8,1591.95,1586.1,1586.2,2283
2024-03-01 13:15:00+05:30,1586.2,1590.85,1586.15,1587.35,1309
2024-03-01 13:30:00+05:30,1587.1,1590.8,1587.1,1588.05,1390
2024-03-01 13:45:00+05:30,1588.95,1589.9,1584.5,1584.5,1623
2024-03-01 14:00:00+05:30,1584.5,1587.45,1584.35,1585.2,1204
2024-03-01 14:15:00+05:30,1585.2,1588.0,1582.05,1585.6,2077
2024-03-01 14:30:00+05:30,1586.2,1588.0,1583.15,1585.25,2629
2024-03-01 14:45:00+05:30,1585.05,1587.8,1582.05,1586.8,2552
2024-03-01 15:00:00+05:30,1586.7,1590.55,1586.65,1587.05,2805
2024-03-01 15:15:00+05:30,1587.05,1603.0,1587.05,1591.4,11657
2024-03-01 15:30:00+05:30,1590.7,1598.0,1584.4,1595.0,7622
2024-03-02 09:30:00+05:30,1619.0,1619.0,1600.0,1611.15,1797
2024-03-02 09:45:00+05:30,1611.15,1611.2,1605.9,1611.0,707
2024-03-02 10:00:00+05:30,1611.0,1620.0,1610.05,1616.9,2362
2024-03-02 11:45:00+05:30,1633.0,1633.0,1610.0,1613.65,724
2024-03-02 12:00:00+05:30,1613.65,1613.7,1605.05,1612.9,1077
2024-03-02 12:15:00+05:30,1612.9,1613.95,1608.95,1612.9,544
2024-03-02 12:30:00+05:30,1612.9,1612.9,1609.0,1611.0,986
2024-03-04 09:30:00+05:30,1616.0,1616.0,1584.0,1587.05,9476
2024-03-04 09:45:00+05:30,1587.1,1589.75,1585.35,1587.55,4235
2024-03-04 10:00:00+05:30,1587.55,1588.95,1583.0,1585.0,4746
2024-03-04 10:15:00+05:30,1585.0,1587.9,1584.15,1586.75,3672
2024-03-04 10:30:00+05:30,1586.75,1587.05,1585.0,1586.15,1868
2024-03-04 10:45:00+05:30,1587.0,1587.0,1586.15,1586.25,1492
2024-03-04 11:00:00+05:30,1586.25,1587.25,1586.15,1586.25,2834
2024-03-04 11:15:00+05:30,1586.25,1589.95,1586.25,1589.05,1230
2024-03-04 11:30:00+05:30,1589.05,1590.0,1587.0,1587.4,3159
2024-03-04 11:45:00+05:30,1587.4,1588.5,1586.3,1587.95,1495
2024-03-04 12:00:00+05:30,1587.95,1588.35,1583.2,1585.2,54067
2024-03-04 12:15:00+05:30,1586.75,1586.75,1584.0,1584.0,1437
2024-03-04 12:30:00+05:30,1584.0,1585.45,1581.55,1582.0,4233
2024-03-04 12:45:00+05:30,1582.0,1583.2,1576.1,1578.2,5514
2024-03-04 13:00:00+05:30,1578.2,1579.4,1577.0,1577.0,3333
2024-03-04 13:15:00+05:30,1577.4,1577.9,1571.0,1573.7,3340
2024-03-04 13:30:00+05:30,1573.7,1574.7,1572.0,1573.05,3040
2024-03-04 13:45:00+05:30,1573.05,1574.6,1569.0,1571.75,3898
2024-03-04 14:00:00+05:30,1571.75,1572.7,1567.1,1568.9,2764
2024-03-04 14:15:00+05:30,1570.95,1576.3,1568.9,1573.25,3137
2024-03-04 14:30:00+05:30,1573.25,1576.75,1571.0,1572.5,3634
2024-03-04 14:45:00+05:30,1572.5,1574.5,1570.15,1571.7,2330
2024-03-04 15:00:00+05:30,1575.0,1575.9,1569.7,1571.25,6747
2024-03-04 15:15:00+05:30,1571.25,1576.0,1567.55,1568.9,8385
2024-03-04 15:30:00+05:30,1568.9,1572.0,1564.0,1571.5,11330
2024-03-05 09:30:00+05:30,1590.0,1590.0,1532.0,1538.65,28796
2024-03-05 09:45:00+05:30,1539.0,1544.95,1537.05,1539.5,14908
2024-03-05 10:00:00+05:30,1539.2,1539.75,1526.15,1528.2,15811
2024-03-05 10:15:00+05:30,1528.2,1528.2,1518.05,1523.2,12159
2024-03-05 10:30:00+05:30,1521.6,1521.6,1509.95,1518.0,16802
2024-03-05 10:45:00+05:30,1518.5,1525.2,1515.2,1520.0,28724
2024-03-05 11:00:00+05:30,1520.5,1520.5,1511.0,1513.95,6279
2024-03-05 11:15:00+05:30,1513.95,1517.8,1512.0,1516.85,3303
2024-03-05 11:30:00+05:30,1515.35,1518.9,1512.8,1514.65,4783
2024-03-05 11:45:00+05:30,1514.65,1523.7,1514.65,1520.8,5583
2024-03-05 12:00:00+05:30,1520.8,1521.5,1519.5,1519.5,5971
2024-03-05 12:15:00+05:30,1520.0,1520.2,1508.0,1510.1,15971
2024-03-05 12:30:00+05:30,1510.05,1523.5,1508.0,1520.75,11647
2024-03-05 12:45:00+05:30,1520.1,1522.05,1517.55,1520.0,70670
2024-03-05 13:00:00+05:30,1519.9,1519.9,1510.0,1516.7,10194
2024-03-05 13:15:00+05:30,1518.0,1520.4,1517.2,1518.95,16864
2024-03-05 13:30:00+05:30,1519.15,1519.9,1515.1,1519.25,8864
2024-03-05 13:45:00+05:30,1519.6,1522.0,1517.5,1519.05,15263
2024-03-05 14:00:00+05:30,1519.05,1522.0,1518.15,1521.55,19556
2024-03-05 14:15:00+05:30,1520.95,1523.0,1519.1,1522.3,35384
2024-03-05 14:30:00+05:30,1523.0,1528.0,1521.85,1525.0,27337
2024-03-05 14:45:00+05:30,1524.9,1527.95,1518.1,1522.75,41040
2024-03-05 15:00:00+05:30,1523.25,1526.8,1521.4,1526.2,24567
2024-03-05 15:15:00+05:30,1526.2,1529.0,1521.3,1524.05,33490
2024-03-05 15:30:00+05:30,1524.7,1530.0,1522.25,1526.0,37811
2024-03-06 09:30:00+05:30,1520.0,1524.3,1495.0,1496.35,27446
2024-03-06 09:45:00+05:30,1497.15,1503.25,1480.3,1494.75,39444
2024-03-06 10:00:00+05:30,1494.75,1498.95,1485.2,1485.2,17846
2024-03-06 10:15:00+05:30,1485.45,1497.2,1483.0,1486.15,13175
2024-03-06 10:30:00+05:30,1487.45,1493.7,1485.6,1493.05,6092
2024-03-06 10:45:00+05:30,1493.05,1501.85,1490.0,1497.0,17130
2024-03-06 11:00:00+05:30,1498.85,1499.55,1494.25,1497.0,4359
2024-03-06 11:15:00+05:30,1497.0,1499.25,1497.0,1497.8,6128
2024-03-06 11:30:00+05:30,1497.8,1499.95,1497.0,1497.55,3919
2024-03-06 11:45:00+05:30,1497.1,1498.2,1481.3,1486.7,28583
2024-03-06 12:00:00+05:30,1486.0,1490.05,1483.0,1487.95,4317
2024-03-06 12:15:00+05:30,1487.95,1489.2,1482.35,1483.95,4248
2024-03-06 12:30:00+05:30,1484.5,1485.6,1481.2,1483.2,3167
2024-03-06 12:45:00+05:30,1483.15,1486.1,1481.95,1483.55,6208
2024-03-06 13:00:00+05:30,1483.55,1492.25,1483.55,1492.25,3875
2024-03-06 13:15:00+05:30,1493.05,1498.95,1487.05,1497.25,10552
2024-03-06 13:30:00+05:30,1497.95,1498.75,1486.35,1493.35,21336
2024-03-06 13:45:00+05:30,1494.35,1504.55,1493.4,1500.1,23586
2024-03-06 14:00:00+05:30,1500.9,1503.95,1496.15,1501.85,18557
2024-03-06 14:15:00+05:30,1501.55,1505.05,1497.5,1501.95,26175
2024-03-06 14:30:00+05:30,1502.7,1503.1,1497.7,1501.9,26078
2024-03-06 14:45:00+05:30,1501.85,1503.55,1483.55,1500.05,37035
2024-03-06 15:00:00+05:30,1500.05,1507.55,1497.0,1507.35,37200
2024-03-06 15:15:00+05:30,1507.05,1521.2,1490.55,1510.1,76369
2024-03-06 15:30:00+05:30,1510.65,1535.95,1505.0,1505.0,35913
2024-03-07 09:30:00+05:30,1511.05,1518.45,1491.15,1510.05,16677
2024-03-07 09:45:00+05:30,1511.9,1515.45,1495.15,1496.7,21462
2024-03-07 10:00:00+05:30,1496.15,1501.0,1496.15,1497.95,5456
2024-03-07 10:15:00+05:30,1497.95,1500.8,1496.85,1497.6,10744
2024-03-07 10:30:00+05:30,1499.0,1500.05,1492.0,1492.95,12141
2024-03-07 10:45:00+05:30,1492.95,1503.7,1492.0,1499.1,7179
2024-03-07 11:00:00+05:30,1499.1,1511.9,1498.95,1511.75,8967
2024-03-07 11:15:00+05:30,1511.9,1533.0,1511.9,1532.05,19597
2024-03-07 11:30:00+05:30,1532.5,1546.5,1530.55,1542.75,31009
2024-03-07 11:45:00+05:30,1542.75,1552.4,1542.15,1548.05,19901
2024-03-07 12:00:00+05:30,1549.2,1564.45,1547.6,1556.6,32685
2024-03-07 12:15:00+05:30,1556.6,1557.8,1550.1,1555.9,19835
2024-03-07 12:30:00+05:30,1555.9,1561.55,1554.3,1557.1,16500
2024-03-07 12:45:00+05:30,1557.1,1563.2,1557.0,1558.6,17371
2024-03-07 13:00:00+05:30,1559.25,1565.25,1558.45,1561.7,15275
2024-03-07 13:15:00+05:30,1561.7,1568.75,1561.55,1564.45,13233
2024-03-07 13:30:00+05:30,1564.45,1569.85,1563.3,1565.3,11004
2024-03-07 13:45:00+05:30,1565.7,1573.95,1550.2,1562.0,27411
2024-03-07 14:00:00+05:30,1563.5,1571.0,1561.25,1565.6,12122
2024-03-07 14:15:00+05:30,1566.8,1571.9,1564.2,1570.55,15258
2024-03-07 14:30:00+05:30,1570.55,1573.65,1569.35,1571.35,8916
2024-03-07 14:45:00+05:30,1571.35,1576.0,1570.0,1572.1,17805
2024-03-07 15:00:00+05:30,1572.1,1574.7,1569.4,1572.9,10881
2024-03-07 15:15:00+05:30,1572.9,1574.4,1559.0,1561.1,32626
2024-03-07 15:30:00+05:30,1560.4,1582.0,1552.95,1575.0,35876
2024-03-11 09:30:00+05:30,1573.0,1581.35,1554.45,1567.5,6960
2024-03-11 09:45:00+05:30,1567.45,1569.4,1565.1,1567.7,2864
2024-03-11 10:00:00+05:30,1568.2,1568.8,1564.25,1565.4,2851
2024-03-11 10:15:00+05:30,1565.4,1565.7,1558.0,1560.9,4608
2024-03-11 10:30:00+05:30,1560.9,1562.0,1547.55,1551.85,4616
2024-03-11 10:45:00+05:30,1551.85,1552.4,1547.55,1548.8,2971
2024-03-11 11:00:00+05:30,1548.8,1549.5,1543.1,1549.5,3383
2024-03-11 11:15:00+05:30,1549.5,1551.5,1548.0,1550.2,2776
2024-03-11 11:30:00+05:30,1551.5,1553.0,1546.05,1550.1,3292
2024-03-11 11:45:00+05:30,1550.0,1552.75,1547.45,1548.8,3802
2024-03-11 12:00:00+05:30,1548.8,1553.0,1547.1,1551.9,2395
2024-03-11 12:15:00+05:30,1551.9,1552.0,1545.0,1551.95,2078
2024-03-11 12:30:00+05:30,1552.0,1554.0,1550.45,1554.0,2647
2024-03-11 12:45:00+05:30,1552.55,1561.0,1552.5,1558.25,10582
2024-03-11 13:00:00+05:30,1558.25,1569.0,1557.45,1564.75,8923
2024-03-11 13:15:00+05:30,1564.75,1570.0,1564.6,1567.75,6247
2024-03-11 13:30:00+05:30,1567.75,1570.0,1566.05,1569.45,4176
2024-03-11 13:45:00+05:30,1569.7,1570.0,1567.75,1569.35,4430
2024-03-11 14:00:00+05:30,1569.35,1569.8,1567.05,1569.35,5593
2024-03-11 14:15:00+05:30,1569.3,1569.75,1546.5,1547.25,13020
2024-03-11 14:30:00+05:30,1545.0,1565.35,1543.0,1558.5,8405
2024-03-11 14:45:00+05:30,1558.0,1560.0,1555.5,1559.2,6243
2024-03-11 15:00:00+05:30,1559.2,1562.0,1558.0,1562.0,5725
2024-03-11 15:15:00+05:30,1561.9,1562.5,1555.0,1558.0,6120
2024-03-11 15:30:00+05:30,1558.0,1561.7,1544.0,1551.6,6191
2024-03-12 09:30:00+05:30,1550.0,1550.0,1527.35,1545.05,11956
2024-03-12 09:45:00+05:30,1545.05,1549.0,1545.0,1546.05,3248
2024-03-12 10:00:00+05:30,1546.05,1548.0,1538.0,1538.0,5677
2024-03-12 10:15:00+05:30,1539.7,1542.9,1538.0,1541.25,1171
2024-03-12 10:30:00+05:30,1541.25,1546.65,1541.25,1542.95,1319
2024-03-12 10:45:00+05:30,1544.0,1546.45,1541.8,1542.1,1818
2024-03-12 11:00:00+05:30,1542.1,1545.65,1540.8,1542.05,2110
2024-03-12 11:15:00+05:30,1544.0,1546.0,1542.0,1545.5,1998
2024-03-12 11:30:00+05:30,1545.5,1545.75,1540.1,1545.05,1871
2024-03-12 11:45:00+05:30,1545.05,1545.55,1542.0,1542.0,1129
2024-03-12 12:00:00+05:30,1542.0,1550.0,1541.95,1542.95,3462
2024-03-12 12:15:00+05:30,1542.95,1546.95,1540.05,1544.45,1860
2024-03-12 12:30:00+05:30,1544.45,1546.2,1543.0,1544.95,1095
2024-03-12 12:45:00+05:30,1544.95,1545.9,1543.8,1544.1,401
2024-03-12 13:00:00+05:30,1544.1,1546.9,1542.0,1542.05,1634
2024-03-12 13:15:00+05:30,1542.05,1542.95,1537.95,1540.5,51660
2024-03-12 13:30:00+05:30,1540.5,1545.65,1539.05,1545.0,2999
2024-03-12 13:45:00+05:30,1545.0,1545.6,1543.3,1544.5,578
2024-03-12 14:00:00+05:30,1544.5,1545.65,1542.85,1543.65,720
2024-03-12 14:15:00+05:30,1543.65,1545.05,1543.65,1544.8,908
2024-03-12 14:30:00+05:30,1544.8,1545.0,1540.05,1541.2,1045
2024-03-12 14:45:00+05:30,1542.0,1543.85,1538.0,1542.4,1959
2024-03-12 15:00:00+05:30,1542.4,1545.2,1542.2,1544.9,936
2024-03-12 15:15:00+05:30,1544.15,1546.1,1538.0,1538.25,7017
2024-03-12 15:30:00+05:30,1538.25,1545.0,1538.0,1540.65,5767
2024-03-13 09:30:00+05:30,1547.75,1547.75,1515.0,1515.05,7325
2024-03-13 09:45:00+05:30,1516.45,1525.0,1505.35,1525.0,7824
2024-03-13 10:00:00+05:30,1525.0,1528.8,1512.2,1512.2,10571
2024-03-13 10:15:00+05:30,1512.2,1515.0,1502.65,1512.1,4849
2024-03-13 10:30:00+05:30,1512.0,1515.65,1510.35,1510.75,2876
2024-03-13 10:45:00+05:30,1510.95,1515.0,1504.95,1514.05,3139
2024-03-13 11:00:00+05:30,1514.05,1515.65,1506.65,1507.95,6105
2024-03-13 11:15:00+05:30,1507.95,1507.95,1496.8,1500.25,3770
2024-03-13 11:30:00+05:30,1502.0,1504.9,1500.6,1503.0,2660
2024-03-13 11:45:00+05:30,1503.0,1511.3,1502.55,1509.75,3193
2024-03-13 12:00:00+05:30,1509.75,1517.85,1507.35,1512.6,56572
2024-03-13 12:15:00+05:30,1512.6,1514.85,1495.05,1495.1,9713
2024-03-13 12:30:00+05:30,1495.1,1500.45,1486.0,1499.65,8676
2024-03-13 12:45:00+05:30,1499.65,1515.2,1496.75,1515.2,5538
2024-03-13 13:00:00+05:30,1513.45,1524.25,1513.45,1514.6,9734
2024-03-13 13:15:00+05:30,1514.6,1518.0,1510.2,1517.45,4093
2024-03-13 13:30:00+05:30,1516.2,1524.0,1513.15,1522.55,6701
2024-03-13 13:45:00+05:30,1522.65,1523.0,1520.0,1521.7,5504
2024-03-13 14:00:00+05:30,1521.65,1522.0,1512.45,1514.8,4902
2024-03-13 14:15:00+05:30,1514.8,1521.2,1504.05,1514.95,10463
2024-03-13 14:30:00+05:30,1514.95,1519.15,1509.05,1518.0,13121
2024-03-13 14:45:00+05:30,1517.55,1524.0,1513.9,1516.1,16842
2024-03-13 15:00:00+05:30,1516.05,1521.4,1516.05,1520.5,9985
2024-03-13 15:15:00+05:30,1521.25,1528.0,1520.15,1525.9,15589
2024-03-13 15:30:00+05:30,1525.9,1527.3,1515.2,1525.0,15229
2024-03-14 09:30:00+05:30,1502.0,1519.85,1473.35,1506.3,14734
2024-03-14 09:45:00+05:30,1505.05,1508.6,1500.5,1504.6,6543
2024-03-14 10:00:00+05:30,1504.6,1511.0,1501.65,1505.8,4053
2024-03-14 10:15:00+05:30,1505.8,1509.95,1499.0,1501.65,9035
2024-03-14 10:30:00+05:30,1502.4,1515.0,1502.4,1513.0,5444
2024-03-14 10:45:00+05:30,1513.0,1518.9,1505.0,1505.45,8340
2024-03-14 11:00:00+05:30,1505.45,1515.3,1505.45,1512.8,3250
2024-03-14 11:15:00+05:30,1513.6,1514.55,1505.05,1506.6,4070
2024-03-14 11:30:00+05:30,1506.6,1508.35,1501.15,1504.1,3107
2024-03-14 11:45:00+05:30,1504.1,1509.95,1503.0,1505.0,4126
2024-03-14 12:00:00+05:30,1505.05,1509.55,1505.0,1505.7,3947
2024-03-14 12:15:00+05:30,1505.7,1514.95,1505.1,1510.75,3763
2024-03-14 12:30:00+05:30,1512.9,1530.05,1510.3,1527.05,8010
2024-03-14 12:45:00+05:30,1525.45,1533.15,1525.0,1530.0,7387
2024-03-14 13:00:00+05:30,1530.0,1536.65,1530.0,1533.3,8838
2024-03-14 13:15:00+05:30,1534.8,1536.55,1530.0,1534.0,4959
2024-03-14 13:30:00+05:30,1534.0,1535.8,1528.2,1528.9,3560
2024-03-14 13:45:00+05:30,1528.9,1533.9,1527.3,1530.5,3596
2024-03-14 14:00:00+05:30,1530.5,1531.5,1524.0,1525.0,3601
2024-03-14 14:15:00+05:30,1524.6,1548.0,1524.6,1547.95,9640
2024-03-14 14:30:00+05:30,1548.0,1562.75,1544.0,1551.3,15728
2024-03-14 14:45:00+05:30,1551.3,1560.0,1545.5,1556.55,5651
2024-03-14 15:00:00+05:30,1556.55,1564.0,1555.05,1558.3,2984
2024-03-14 15:15:00+05:30,1558.3,1570.75,1555.35,1563.95,11742
2024-03-14 15:30:00+05:30,1563.95,1570.8,1563.0,1565.0,6697
2024-03-15 09:30:00+05:30,1549.95,1563.95,1549.95,1562.0,6035
2024-03-15 09:45:00+05:30,1562.0,1562.0,1547.1,1549.45,3293
2024-03-15 10:00:00+05:30,1549.45,1551.0,1548.05,1550.3,2661
2024-03-15 10:15:00+05:30,1549.65,1558.0,1539.15,1556.95,6651
2024-03-15 10:30:00+05:30,1556.95,1558.8,1551.05,1555.55,2138
2024-03-15 10:45:00+05:30,1554.65,1555.5,1549.35,1553.0,1656
2024-03-15 11:00:00+05:30,1553.0,1554.8,1548.45,1554.55,1956
2024-03-15 11:15:00+05:30,1553.85,1555.55,1549.7,1551.75,1084
2024-03-15 11:30:00+05:30,1551.8,1551.8,1546.45,1549.95,1701
2024-03-15 11:45:00+05:30,1549.95,1563.1,1548.25,1559.1,3003
2024-03-15 12:00:00+05:30,1558.95,1559.95,1553.0,1555.9,901
2024-03-15 12:15:00+05:30,1555.85,1558.5,1555.0,1556.45,414
2024-03-15 12:30:00+05:30,1556.45,1558.0,1552.9,1552.9,527
2024-03-15 12:45:00+05:30,1554.4,1556.6,1550.0,1553.85,4661
2024-03-15 13:00:00+05:30,1553.85,1558.1,1550.0,1557.75,3153
2024-03-15 13:15:00+05:30,1557.75,1558.1,1556.45,1558.1,672
2024-03-15 13:30:00+05:30,1558.1,1558.1,1554.05,1556.95,937
2024-03-15 13:45:00+05:30,1556.95,1564.8,1555.5,1563.95,1378
2024-03-15 14:00:00+05:30,1564.0,1568.05,1559.0,1561.2,1422
2024-03-15 14:15:00+05:30,1561.2,1565.5,1561.2,1563.15,857
2024-03-15 14:30:00+05:30,1563.15,1564.5,1552.05,1556.9,1772
2024-03-15 14:45:00+05:30,1556.9,1560.05,1554.05,1554.1,2210
2024-03-15 15:00:00+05:30,1555.05,1567.0,1554.2,1567.0,5478
2024-03-15 15:15:00+05:30,1567.0,1598.0,1566.2,1590.15,20665
2024-03-15 15:30:00+05:30,1589.9,1599.0,1588.95,1598.8,13223
2024-03-18 09:30:00+05:30,1598.0,1598.0,1583.0,1592.65,8751
2024-03-18 09:45:00+05:30,1591.9,1593.85,1583.05,1585.9,5234
2024-03-18 10:00:00+05:30,1585.9,1593.2,1585.4,1592.4,947
2024-03-18 10:15:00+05:30,1592.4,1592.4,1585.0,1585.65,1443
2024-03-18 10:30:00+05:30,1585.65,1593.55,1585.55,1591.5,6046
2024-03-18 10:45:00+05:30,1593.35,1593.4,1567.2,1570.0,13532
2024-03-18 11:00:00+05:30,1570.0,1578.85,1569.0,1571.75,3943
2024-03-18 11:15:00+05:30,1571.75,1572.8,1562.85,1563.0,2026
2024-03-18 11:30:00+05:30,1563.0,1563.15,1545.75,1552.95,7525
2024-03-18 11:45:00+05:30,1553.35,1554.65,1551.25,1553.65,787
2024-03-18 12:00:00+05:30,1553.65,1554.75,1547.0,1550.45,2068
2024-03-18 12:15:00+05:30,1550.45,1554.45,1550.3,1552.85,1150
2024-03-18 12:30:00+05:30,1552.85,1555.0,1552.75,1554.95,1202
2024-03-18 12:45:00+05:30,1554.95,1555.0,1550.55,1550.75,821
2024-03-18 13:00:00+05:30,1550.75,1562.8,1550.35,1559.3,6218
2024-03-18 13:15:00+05:30,1559.3,1571.95,1559.05,1570.25,3410
2024-03-18 13:30:00+05:30,1570.25,1571.3,1569.0,1570.55,1486
2024-03-18 13:45:00+05:30,1570.0,1573.95,1569.0,1572.0,4457
2024-03-18 14:00:00+05:30,1572.0,1573.8,1572.0,1573.55,508
2024-03-18 14:15:00+05:30,1573.55,1576.1,1572.1,1575.0,1570
2024-03-18 14:30:00+05:30,1575.0,1576.85,1573.3,1575.0,1853
2024-03-18 14:45:00+05:30,1575.0,1578.2,1572.95,1575.9,2078
2024-03-18 15:00:00+05:30,1575.9,1592.95,1572.0,1579.95,8684
2024-03-18 15:15:00+05:30,1579.95,1581.85,1565.0,1566.85,3683
2024-03-18 15:30:00+05:30,1565.6,1590.0,1563.95,1582.8,7569
2024-03-19 09:30:00+05:30,1585.0,1585.0,1568.2,1578.95,2561
2024-03-19 09:45:00+05:30,1578.95,1578.95,1576.05,1578.0,846
2024-03-19 10:00:00+05:30,1578.0,1598.0,1576.55,1598.0,6645
2024-03-19 10:15:00+05:30,1598.9,1612.0,1588.05,1595.0,27779
2024-03-19 10:30:00+05:30,1595.0,1603.0,1595.0,1601.05,9203
2024-03-19 10:45:00+05:30,1601.05,1605.0,1599.0,1602.55,7463
2024-03-19 11:00:00+05:30,1602.55,1604.8,1600.5,1600.6,3750
2024-03-19 11:15:00+05:30,1600.6,1604.75,1597.25,1603.35,5713
2024-03-19 11:30:00+05:30,1603.35,1604.9,1601.3,1604.6,6879
2024-03-19 11:45:00+05:30,1604.6,1612.6,1604.6,1606.25,12421
2024-03-19 12:00:00+05:30,1606.0,1611.55,1603.05,1607.45,9968
2024-03-19 12:15:00+05:30,1607.4,1628.95,1606.05,1613.8,24379
2024-03-19 12:30:00+05:30,1613.8,1620.0,1610.55,1615.65,212601
2024-03-19 12:45:00+05:30,1615.65,1623.85,1615.0,1616.9,13087
2024-03-19 13:00:00+05:30,1616.9,1619.1,1614.0,1616.4,4967
2024-03-19 13:15:00+05:30,1615.4,1621.95,1615.05,1620.0,155933
2024-03-19 13:30:00+05:30,1620.9,1623.0,1617.85,1620.95,5370
2024-03-19 13:45:00+05:30,1620.95,1621.0,1618.05,1620.4,3424
2024-03-19 14:00:00+05:30,1618.95,1622.0,1608.45,1616.95,368462
2024-03-19 14:15:00+05:30,1618.0,1633.0,1616.5,1621.4,40557
2024-03-19 14:30:00+05:30,1621.4,1629.4,1619.0,1626.75,14375
2024-03-19 14:45:00+05:30,1625.4,1629.35,1624.0,1627.15,8347
2024-03-19 15:00:00+05:30,1627.15,1635.0,1625.05,1634.0,12184
2024-03-19 15:15:00+05:30,1633.6,1634.0,1625.05,1628.0,12875
2024-03-19 15:30:00+05:30,1628.0,1635.2,1606.95,1610.0,23675
2024-03-20 09:30:00+05:30,1623.0,1623.0,1601.05,1609.05,12790
2024-03-20 09:45:00+05:30,1609.05,1614.55,1606.55,1613.0,3925
2024-03-20 10:00:00+05:30,1613.4,1648.8,1613.0,1646.35,19851
2024-03-20 10:15:00+05:30,1646.8,1651.0,1642.0,1643.0,16170
2024-03-20 10:30:00+05:30,1640.25,1647.0,1634.05,1645.0,14842
2024-03-20 10:45:00+05:30,1645.0,1645.3,1638.25,1642.0,4590
2024-03-20 11:00:00+05:30,1642.0,1644.0,1638.1,1642.9,5091
2024-03-20 11:15:00+05:30,1642.9,1654.95,1639.95,1651.45,11692
2024-03-20 11:30:00+05:30,1651.45,1670.2,1651.45,1669.3,29803
2024-03-20 11:45:00+05:30,1669.3,1671.3,1661.5,1671.0,19841
2024-03-20 12:00:00+05:30,1670.15,1670.9,1665.0,1666.5,8553
2024-03-20 12:15:00+05:30,1666.1,1675.0,1665.05,1669.05,22359
2024-03-20 12:30:00+05:30,1668.7,1668.8,1665.0,1665.0,5561
2024-03-20 12:45:00+05:30,1665.45,1666.9,1663.0,1666.05,6760
2024-03-20 13:00:00+05:30,1666.05,1668.45,1663.5,1665.65,6872
2024-03-20 13:15:00+05:30,1667.55,1669.45,1664.9,1667.8,9969
2024-03-20 13:30:00+05:30,1667.8,1669.0,1664.05,1668.7,3428
2024-03-20 13:45:00+05:30,1668.95,1668.95,1660.0,1663.0,8067
2024-03-20 14:00:00+05:30,1663.7,1663.95,1654.05,1655.5,4757
2024-03-20 14:15:00+05:30,1654.0,1661.0,1647.0,1657.25,10281
2024-03-20 14:30:00+05:30,1657.95,1657.95,1645.1,1648.15,5042
2024-03-20 14:45:00+05:30,1648.15,1655.0,1646.0,1654.9,4664
2024-03-20 15:00:00+05:30,1654.9,1666.0,1648.0,1650.1,10314
2024-03-20 15:15:00+05:30,1650.1,1655.8,1646.0,1648.0,10556
2024-03-20 15:30:00+05:30,1647.55,1652.0,1615.0,1628.0,13835
2024-03-21 09:30:00+05:30,1633.25,1647.05,1632.0,1643.95,10601
2024-03-21 09:45:00+05:30,1643.95,1643.95,1635.0,1635.0,2497
2024-03-21 10:00:00+05:30,1635.0,1640.95,1626.4,1637.5,6490
2024-03-21 10:15:00+05:30,1637.5,1640.05,1635.25,1638.0,1671
2024-03-21 10:30:00+05:30,1638.0,1639.3,1628.0,1629.05,3872
2024-03-21 10:45:00+05:30,1629.0,1631.95,1621.05,1624.0,3652
2024-03-21 11:00:00+05:30,1624.15,1625.0,1616.6,1621.5,10433
2024-03-21 11:15:00+05:30,1621.5,1625.0,1618.4,1625.0,6119
2024-03-21 11:30:00+05:30,1625.0,1625.0,1612.05,1614.15,10583
2024-03-21 11:45:00+05:30,1614.15,1617.9,1612.3,1617.0,8870
2024-03-21 12:00:00+05:30,1617.0,1619.55,1609.0,1615.45,8425
2024-03-21 12:15:00+05:30,1615.45,1617.0,1613.35,1613.85,2604
2024-03-21 12:30:00+05:30,1613.85,1615.95,1612.25,1615.6,3811
2024-03-21 12:45:00+05:30,1615.6,1619.8,1615.0,1618.7,1397
2024-03-21 13:00:00+05:30,1618.7,1621.95,1617.75,1619.75,1907
2024-03-21 13:15:00+05:30,1619.75,1621.5,1619.0,1619.8,610
2024-03-21 13:30:00+05:30,1619.8,1621.0,1615.4,1618.95,1652
2024-03-21 13:45:00+05:30,1618.95,1621.95,1617.65,1618.0,2717
2024-03-21 14:00:00+05:30,1618.0,1621.9,1618.0,1619.35,1716
2024-03-21 14:15:00+05:30,1620.25,1620.8,1619.1,1619.2,963
2024-03-21 14:30:00+05:30,1618.4,1621.0,1617.0,1620.1,1492
2024-03-21 14:45:00+05:30,1619.95,1621.0,1613.25,1615.75,5390
2024-03-21 15:00:00+05:30,1615.75,1615.75,1608.2,1612.0,8577
2024-03-21 15:15:00+05:30,1612.0,1616.35,1608.0,1611.4,10433
2024-03-21 15:30:00+05:30,1611.4,1620.0,1600.0,1620.0,35490
2024-03-22 09:30:00+05:30,1619.0,1628.65,1616.8,1622.0,7475
2024-03-22 09:45:00+05:30,1622.0,1623.0,1618.5,1619.05,1942
2024-03-22 10:00:00+05:30,1619.05,1623.0,1617.55,1623.0,3139
2024-03-22 10:15:00+05:30,1623.0,1623.5,1622.0,1623.5,984
2024-03-22 10:30:00+05:30,1623.5,1623.95,1619.3,1621.9,1651
2024-03-22 10:45:00+05:30,1621.9,1621.9,1617.85,1620.65,2964
2024-03-22 11:00:00+05:30,1620.65,1622.0,1619.05,1622.0,1724
2024-03-22 11:15:00+05:30,1622.0,1624.0,1620.0,1622.0,1697
2024-03-22 11:30:00+05:30,1622.0,1623.7,1621.0,1621.65,685
2024-03-22 11:45:00+05:30,1621.65,1623.0,1619.35,1621.25,600
2024-03-22 12:00:00+05:30,1621.25,1621.35,1619.65,1620.0,649
2024-03-22 12:15:00+05:30,1620.0,1621.35,1619.0,1619.0,710
2024-03-22 12:30:00+05:30,1619.0,1622.65,1618.05,1621.85,1493
2024-03-22 12:45:00+05:30,1621.85,1623.0,1621.5,1621.65,349
2024-03-22 13:00:00+05:30,1621.65,1622.35,1618.4,1621.35,1351
2024-03-22 13:15:00+05:30,1621.35,1622.2,1618.1,1619.5,845
2024-03-22 13:30:00+05:30,1620.65,1620.65,1619.25,1620.0,787
2024-03-22 13:45:00+05:30,1620.0,1620.0,1602.75,1605.6,5627
2024-03-22 14:00:00+05:30,1605.2,1610.0,1602.25,1605.8,3797
2024-03-22 14:15:00+05:30,1605.8,1608.9,1600.75,1603.85,4068
2024-03-22 14:30:00+05:30,1603.75,1614.7,1603.75,1613.0,5559
2024-03-22 14:45:00+05:30,1613.0,1615.5,1603.5,1615.5,14170
2024-03-22 15:00:00+05:30,1615.5,1621.0,1613.3,1620.25,7178
2024-03-22 15:15:00+05:30,1620.4,1654.65,1617.65,1650.05,33529
2024-03-22 15:30:00+05:30,1652.0,1666.6,1650.0,1660.0,17530
2024-03-26 09:30:00+05:30,1655.45,1655.45,1632.15,1634.7,4590
2024-03-26 09:45:00+05:30,1634.7,1636.1,1623.95,1633.0,3011
2024-03-26 10:00:00+05:30,1633.0,1635.2,1628.95,1633.0,1350
2024-03-26 10:15:00+05:30,1633.0,1634.95,1628.9,1628.9,2095
2024-03-26 10:30:00+05:30,1627.9,1643.0,1626.9,1642.7,10359
2024-03-26 10:45:00+05:30,1642.65,1666.0,1642.05,1663.05,9879
2024-03-26 11:00:00+05:30,1663.4,1679.9,1660.05,1675.0,13267
2024-03-26 11:15:00+05:30,1675.0,1675.0,1665.95,1672.85,9877
2024-03-26 11:30:00+05:30,1672.85,1680.95,1670.0,1680.15,9530
2024-03-26 11:45:00+05:30,1680.75,1685.95,1678.0,1683.0,6684
2024-03-26 12:00:00+05:30,1683.4,1688.0,1681.05,1685.0,6070
2024-03-26 12:15:00+05:30,1683.95,1691.0,1683.7,1688.0,8086
2024-03-26 12:30:00+05:30,1688.2,1689.0,1685.75,1688.65,3459
2024-03-26 12:45:00+05:30,1688.6,1688.6,1680.0,1682.75,3360
2024-03-26 13:00:00+05:30,1683.0,1688.9,1680.0,1685.0,7224
2024-03-26 13:15:00+05:30,1685.0,1686.0,1684.05,1686.0,1534
2024-03-26 13:30:00+05:30,1686.0,1686.0,1680.0,1682.5,2144
2024-03-26 13:45:00+05:30,1682.45,1688.95,1680.35,1688.4,2412
2024-03-26 14:00:00+05:30,1688.35,1698.0,1685.65,1697.75,9649
2024-03-26 14:15:00+05:30,1698.0,1705.0,1697.5,1702.0,28719
2024-03-26 14:30:00+05:30,1702.0,1704.0,1693.75,1697.9,11613
2024-03-26 14:45:00+05:30,1697.0,1697.95,1691.0,1694.85,7323
2024-03-26 15:00:00+05:30,1694.85,1694.9,1677.0,1679.2,9620
2024-03-26 15:15:00+05:30,1678.5,1683.95,1674.5,1674.5,11482
2024-03-26 15:30:00+05:30,1674.5,1680.0,1663.4,1670.8,13850
2024-03-27 09:30:00+05:30,1675.0,1687.95,1669.05,1685.0,5669
2024-03-27 09:45:00+05:30,1685.0,1690.0,1678.0,1689.95,7956
2024-03-27 10:00:00+05:30,1687.95,1692.95,1682.05,1685.3,5329
2024-03-27 10:15:00+05:30,1685.3,1686.4,1682.4,1684.85,2289
2024-03-27 10:30:00+05:30,1685.65,1686.75,1682.55,1686.75,1605
2024-03-27 10:45:00+05:30,1686.5,1692.05,1685.0,1690.9,3355
2024-03-27 11:00:00+05:30,1690.9,1697.0,1690.9,1695.0,4668
2024-03-27 11:15:00+05:30,1695.0,1699.0,1692.0,1698.0,4977
2024-03-27 11:30:00+05:30,1697.9,1699.0,1694.9,1694.9,6895
2024-03-27 11:45:00+05:30,1694.9,1696.4,1683.55,1684.9,2962
2024-03-27 12:00:00+05:30,1684.9,1692.3,1684.65,1686.05,3751
2024-03-27 12:15:00+05:30,1686.05,1688.0,1680.25,1683.95,3339
2024-03-27 12:30:00+05:30,1683.95,1689.95,1683.6,1685.5,3497
2024-03-27 12:45:00+05:30,1685.5,1691.95,1684.8,1690.0,3432
2024-03-27 13:00:00+05:30,1690.25,1693.7,1685.5,1692.1,2993
2024-03-27 13:15:00+05:30,1692.05,1694.0,1689.35,1692.2,2389
2024-03-27 13:30:00+05:30,1692.2,1695.0,1689.05,1692.3,3135
2024-03-27 13:45:00+05:30,1692.25,1692.55,1688.35,1690.95,2029
2024-03-27 14:00:00+05:30,1690.95,1692.35,1688.3,1692.25,2184
2024-03-27 14:15:00+05:30,1692.25,1695.0,1690.05,1691.7,4316
2024-03-27 14:30:00+05:30,1692.2,1694.55,1688.25,1691.4,1983
2024-03-27 14:45:00+05:30,1691.4,1693.2,1685.05,1688.0,2737
2024-03-27 15:00:00+05:30,1688.0,1693.45,1687.0,1691.85,2609
2024-03-27 15:15:00+05:30,1692.6,1692.6,1668.95,1669.05,12968
2024-03-27 15:30:00+05:30,1669.05,1669.8,1660.0,1668.0,12151
2024-03-28 09:30:00+05:30,1670.5,1693.75,1657.4,1660.15,6341
2024-03-28 09:45:00+05:30,1660.15,1669.95,1656.3,1666.25,3969
2024-03-28 10:00:00+05:30,1669.1,1682.0,1667.3,1681.5,1315
2024-03-28 10:15:00+05:30,1681.5,1681.7,1672.75,1674.85,2412
2024-03-28 10:30:00+05:30,1674.85,1674.95,1670.2,1673.1,855
2024-03-28 10:45:00+05:30,1673.1,1674.8,1671.15,1671.35,452
2024-03-28 11:00:00+05:30,1671.35,1677.75,1671.35,1677.0,1701
2024-03-28 11:15:00+05:30,1677.0,1681.95,1670.55,1680.9,3323
2024-03-28 11:30:00+05:30,1680.9,1686.85,1680.0,1685.75,2883
2024-03-28 11:45:00+05:30,1685.7,1690.0,1680.0,1682.6,6242
2024-03-28 12:00:00+05:30,1682.6,1686.8,1682.6,1683.35,1192
2024-03-28 12:15:00+05:30,1683.35,1684.35,1681.85,1682.45,647
2024-03-28 12:30:00+05:30,1682.45,1692.0,1682.25,1689.0,3712
2024-03-28 12:45:00+05:30,1689.0,1692.0,1680.05,1691.55,32146
2024-03-28 13:00:00+05:30,1691.15,1692.0,1687.2,1690.0,4712
2024-03-28 13:15:00+05:30,1690.0,1690.35,1686.05,1690.3,6595
2024-03-28 13:30:00+05:30,1690.3,1690.4,1688.15,1690.0,699
2024-03-28 13:45:00+05:30,1688.5,1690.3,1688.45,1689.0,373
2024-03-28 14:00:00+05:30,1689.0,1701.1,1689.0,1698.45,9717
2024-03-28 14:15:00+05:30,1698.45,1700.7,1696.0,1699.3,5173
2024-03-28 14:30:00+05:30,1699.2,1703.5,1696.3,1701.0,6430
2024-03-28 14:45:00+05:30,1701.0,1702.0,1696.1,1700.7,5884
2024-03-28 15:00:00+05:30,1699.1,1700.3,1698.6,1698.75,15965
2024-03-28 15:15:00+05:30,1698.75,1742.0,1697.7,1728.0,53819
2024-03-28 15:30:00+05:30,1727.9,1742.0,1717.0,1725.0,45826
2024-04-01 09:30:00+05:30,1742.0,1751.95,1720.25,1721.15,21663
2024-04-01 09:45:00+05:30,1721.2,1724.55,1715.05,1720.6,6220
2024-04-01 10:00:00+05:30,1720.6,1724.9,1718.0,1723.95,4459
2024-04-01 10:15:00+05:30,1723.95,1724.95,1720.55,1723.9,2109
2024-04-01 10:30:00+05:30,1723.9,1728.85,1720.9,1728.5,5853
2024-04-01 10:45:00+05:30,1728.45,1728.85,1725.35,1727.05,2609
2024-04-01 11:00:00+05:30,1726.0,1728.85,1725.1,1726.9,2616
2024-04-01 11:15:00+05:30,1726.9,1726.9,1720.1,1722.6,2550
2024-04-01 11:30:00+05:30,1722.65,1725.6,1715.1,1717.55,3246
2024-04-01 11:45:00+05:30,1717.5,1720.2,1715.75,1715.75,3635
2024-04-01 12:00:00+05:30,1715.75,1719.95,1715.75,1719.95,1355
2024-04-01 12:15:00+05:30,1719.95,1719.95,1708.15,1711.05,6027
2024-04-01 12:30:00+05:30,1711.0,1711.95,1709.0,1710.9,2218
2024-04-01 12:45:00+05:30,1710.95,1719.0,1709.95,1718.0,1860
2024-04-01 13:00:00+05:30,1718.0,1718.0,1712.0,1714.5,2236
2024-04-01 13:15:00+05:30,1714.5,1717.9,1714.5,1717.4,869
2024-04-01 13:30:00+05:30,1717.4,1720.0,1715.15,1719.95,1473
2024-04-01 13:45:00+05:30,1719.95,1725.0,1718.2,1720.6,2612
2024-04-01 14:00:00+05:30,1720.6,1722.25,1712.25,1716.95,2952
2024-04-01 14:15:00+05:30,1717.0,1718.0,1712.25,1714.95,2536
2024-04-01 14:30:00+05:30,1715.0,1715.0,1711.05,1714.8,3374
2024-04-01 14:45:00+05:30,1714.9,1723.0,1713.2,1722.7,3109
2024-04-01 15:00:00+05:30,1720.7,1740.0,1720.55,1732.75,16742
2024-04-01 15:15:00+05:30,1732.8,1738.0,1730.25,1736.95,4981
2024-04-01 15:30:00+05:30,1736.9,1738.95,1720.0,1725.0,10582
2024-04-02 09:30:00+05:30,1734.0,1734.95,1710.35,1720.3,9635
2024-04-02 09:45:00+05:30,1718.2,1722.0,1716.3,1720.0,1496
2024-04-02 10:00:00+05:30,1718.25,1720.95,1718.25,1719.0,1342
2024-04-02 10:15:00+05:30,1720.65,1720.75,1713.0,1716.95,2623
2024-04-02 10:30:00+05:30,1716.95,1718.0,1715.0,1717.95,776
2024-04-02 10:45:00+05:30,1717.95,1718.7,1715.05,1715.7,805
2024-04-02 11:00:00+05:30,1715.7,1718.65,1715.7,1716.0,429
2024-04-02 11:15:00+05:30,1718.25,1730.0,1715.5,1729.0,3981
2024-04-02 11:30:00+05:30,1729.0,1747.0,1729.0,1735.0,12012
2024-04-02 11:45:00+05:30,1735.0,1735.0,1722.05,1722.1,1747
2024-04-02 12:00:00+05:30,1722.1,1734.15,1722.1,1734.15,3706
2024-04-02 12:15:00+05:30,1733.5,1735.0,1727.2,1728.6,9234
2024-04-02 12:30:00+05:30,1728.2,1729.9,1722.25,1722.25,4140
2024-04-02 12:45:00+05:30,1722.25,1725.85,1722.25,1723.3,1411
2024-04-02 13:00:00+05:30,1723.5,1727.0,1722.5,1722.5,2692
2024-04-02 13:15:00+05:30,1722.5,1727.0,1722.25,1722.55,2440
2024-04-02 13:30:00+05:30,1722.55,1723.95,1717.9,1718.8,1623
2024-04-02 13:45:00+05:30,1720.0,1720.0,1714.0,1714.15,2391
2024-04-02 14:00:00+05:30,1714.15,1726.4,1711.0,1715.25,5729
2024-04-02 14:15:00+05:30,1715.3,1720.0,1711.55,1719.95,3240
2024-04-02 14:30:00+05:30,1719.95,1719.95,1709.0,1710.0,4101
2024-04-02 14:45:00+05:30,1708.6,1720.3,1708.6,1718.55,4131
2024-04-02 15:00:00+05:30,1718.55,1719.0,1714.8,1717.75,1958
2024-04-02 15:15:00+05:30,1714.0,1715.0,1708.0,1708.05,4033
2024-04-02 15:30:00+05:30,1709.7,1710.4,1701.0,1710.0,10291
2024-04-03 09:30:00+05:30,1714.95,1718.05,1700.05,1715.55,7866
2024-04-03 09:45:00+05:30,1715.55,1719.4,1712.3,1714.2,2124
2024-04-03 10:00:00+05:30,1714.2,1719.0,1712.55,1716.4,1817
2024-04-03 10:15:00+05:30,1716.05,1725.0,1712.55,1715.2,3771
2024-04-03 10:30:00+05:30,1715.2,1716.95,1709.95,1709.95,1322
2024-04-03 10:45:00+05:30,1709.9,1710.2,1705.45,1707.6,1990
2024-04-03 11:00:00+05:30,1707.6,1710.3,1707.4,1709.65,2920
2024-04-03 11:15:00+05:30,1709.65,1709.9,1703.05,1704.75,2906
2024-04-03 11:30:00+05:30,1704.9,1708.0,1704.0,1705.2,3377
2024-04-03 11:45:00+05:30,1705.2,1706.9,1701.55,1704.95,831
2024-04-03 12:00:00+05:30,1704.95,1705.0,1701.0,1702.0,7635
2024-04-03 12:15:00+05:30,1702.0,1703.6,1700.35,1701.05,1317
2024-04-03 12:30:00+05:30,1702.65,1704.95,1700.35,1704.95,1840
2024-04-03 12:45:00+05:30,1704.95,1705.0,1703.0,1703.95,269
2024-04-03 13:00:00+05:30,1703.95,1703.95,1703.1,1703.35,270
2024-04-03 13:15:00+05:30,1703.35,1704.2,1695.05,1696.0,3699
2024-04-03 13:30:00+05:30,1696.0,1696.0,1681.0,1692.05,5358
2024-04-03 13:45:00+05:30,1692.05,1695.6,1692.0,1694.8,705
2024-04-03 14:00:00+05:30,1694.4,1694.95,1691.1,1692.1,1552
2024-04-03 14:15:00+05:30,1692.1,1692.65,1686.75,1690.95,2116
2024-04-03 14:30:00+05:30,1690.95,1691.1,1683.05,1685.0,2775
2024-04-03 14:45:00+05:30,1685.0,1686.95,1675.15,1679.55,7293
2024-04-03 15:00:00+05:30,1680.0,1680.05,1676.65,1679.55,3939
2024-04-03 15:15:00+05:30,1679.65,1689.85,1678.05,1680.65,6677
2024-04-03 15:30:00+05:30,1680.65,1689.0,1679.05,1687.0,9165
2024-04-04 09:30:00+05:30,1688.0,1699.9,1688.0,1699.9,4772
2024-04-04 09:45:00+05:30,1698.9,1699.95,1684.0,1684.0,6091
2024-04-04 10:00:00+05:30,1685.5,1688.95,1684.05,1686.05,1315
2024-04-04 10:15:00+05:30,1686.05,1686.8,1680.0,1680.0,2130
2024-04-04 10:30:00+05:30,1680.0,1686.9,1676.05,1683.65,978
2024-04-04 10:45:00+05:30,1683.65,1686.55,1672.65,1678.05,4266
2024-04-04 11:00:00+05:30,1678.05,1680.45,1672.65,1675.0,1498
2024-04-04 11:15:00+05:30,1675.0,1679.0,1673.45,1676.1,4112
2024-04-04 11:30:00+05:30,1676.1,1678.0,1672.1,1676.45,8119
2024-04-04 11:45:00+05:30,1676.45,1677.0,1672.6,1673.05,2223
2024-04-04 12:00:00+05:30,1673.05,1675.0,1673.05,1674.05,185
2024-04-04 12:15:00+05:30,1674.05,1675.0,1672.6,1675.0,1122
2024-04-04 12:30:00+05:30,1675.0,1678.4,1671.05,1678.4,2391
2024-04-04 12:45:00+05:30,1678.4,1680.4,1676.95,1680.25,1608
2024-04-04 13:00:00+05:30,1680.25,1684.15,1678.0,1683.75,1735
2024-04-04 13:15:00+05:30,1683.75,1686.75,1680.05,1680.15,1727
2024-04-04 13:30:00+05:30,1680.15,1680.7,1674.1,1674.15,1162
2024-04-04 13:45:00+05:30,1674.15,1678.4,1672.1,1673.8,1596
2024-04-04 14:00:00+05:30,1673.8,1675.25,1668.05,1669.4,3152
2024-04-04 14:15:00+05:30,1669.05,1675.75,1651.0,1670.9,11143
2024-04-04 14:30:00+05:30,1673.65,1677.0,1671.1,1674.8,3199
2024-04-04 14:45:00+05:30,1674.8,1676.8,1666.1,1668.0,4476
2024-04-04 15:00:00+05:30,1668.0,1668.05,1659.0,1660.0,4206
2024-04-04 15:15:00+05:30,1661.25,1689.0,1661.25,1686.2,7227
2024-04-04 15:30:00+05:30,1686.0,1688.85,1678.15,1684.0,7783
2024-04-05 09:30:00+05:30,1688.0,1697.0,1680.6,1689.0,8806
2024-04-05 09:45:00+05:30,1688.45,1717.0,1688.45,1704.9,26620
2024-04-05 10:00:00+05:30,1704.9,1706.2,1696.15,1700.0,18919
2024-04-05 10:15:00+05:30,1700.0,1700.75,1698.85,1699.15,7765
2024-04-05 10:30:00+05:30,1699.15,1700.8,1696.7,1699.9,8570
2024-04-05 10:45:00+05:30,1700.0,1701.75,1699.2,1700.0,10417
2024-04-05 11:00:00+05:30,1700.0,1700.3,1699.5,1699.85,8704
2024-04-05 11:15:00+05:30,1699.85,1701.2,1698.8,1700.0,15401
2024-04-05 11:30:00+05:30,1700.0,1700.65,1698.95,1699.95,8639
2024-04-05 11:45:00+05:30,1699.95,1700.8,1698.7,1700.0,7464
2024-04-05 12:00:00+05:30,1700.0,1700.0,1699.3,1700.0,6214
2024-04-05 12:15:00+05:30,1700.0,1700.5,1699.0,1700.0,6969
2024-04-05 12:30:00+05:30,1700.0,1700.1,1697.65,1700.0,6562
2024-04-05 12:45:00+05:30,1700.0,1700.0,1699.0,1700.0,6565
2024-04-05 13:00:00+05:30,1700.0,1700.1,1698.5,1700.0,6260
2024-04-05 13:15:00+05:30,1700.0,1700.0,1699.05,1700.0,6007
2024-04-05 13:30:00+05:30,1700.0,1700.05,1698.75,1700.0,6833
2024-04-05 13:45:00+05:30,1700.0,1700.0,1691.0,1695.0,11818
2024-04-05 14:00:00+05:30,1694.1,1700.1,1694.1,1700.0,8920
2024-04-05 14:15:00+05:30,1700.0,1700.0,1695.0,1700.0,7289
2024-04-05 14:30:00+05:30,1700.0,1701.0,1696.85,1699.95,10262
2024-04-05 14:45:00+05:30,1699.95,1700.0,1695.9,1697.55,5678
2024-04-05 15:00:00+05:30,1697.55,1701.55,1697.05,1697.45,6300
2024-04-05 15:15:00+05:30,1697.45,1709.85,1697.3,1703.85,7023
2024-04-05 15:30:00+05:30,1703.85,1705.0,1692.05,1699.65,10653
2024-04-08 09:30:00+05:30,1706.95,1715.0,1697.05,1702.4,10242
2024-04-08 09:45:00+05:30,1702.4,1703.0,1696.05,1699.6,2594
2024-04-08 10:00:00+05:30,1699.6,1700.5,1691.0,1691.0,3320
2024-04-08 10:15:00+05:30,1691.05,1692.95,1689.85,1692.55,1472
2024-04-08 10:30:00+05:30,1692.55,1693.0,1691.05,1693.0,644
2024-04-08 10:45:00+05:30,1693.0,1695.0,1688.0,1688.0,1956
2024-04-08 11:00:00+05:30,1688.0,1690.25,1687.5,1690.2,430
2024-04-08 11:15:00+05:30,1690.2,1691.4,1665.65,1667.9,7525
2024-04-08 11:30:00+05:30,1668.8,1684.1,1668.8,1680.0,3482
2024-04-08 11:45:00+05:30,1680.0,1681.85,1679.0,1680.0,925
2024-04-08 12:00:00+05:30,1680.0,1680.75,1675.1,1677.7,2525
2024-04-08 12:15:00+05:30,1677.7,1680.1,1676.15,1680.1,633
2024-04-08 12:30:00+05:30,1680.6,1680.6,1673.95,1677.2,1889
2024-04-08 12:45:00+05:30,1677.2,1679.6,1676.45,1678.0,441
2024-04-08 13:00:00+05:30,1678.0,1679.8,1675.05,1676.6,1480
2024-04-08 13:15:00+05:30,1676.6,1677.25,1671.8,1672.55,2354
2024-04-08 13:30:00+05:30,1672.55,1674.9,1669.65,1671.0,3554
2024-04-08 13:45:00+05:30,1671.0,1674.4,1668.0,1672.1,2523
2024-04-08 14:00:00+05:30,1672.1,1673.85,1668.35,1671.25,1305
2024-04-08 14:15:00+05:30,1671.25,1671.4,1667.0,1669.05,2673
2024-04-08 14:30:00+05:30,1668.55,1670.0,1666.0,1666.85,1726
2024-04-08 14:45:00+05:30,1667.7,1670.6,1665.2,1670.6,2759
2024-04-08 15:00:00+05:30,1670.6,1670.6,1666.0,1666.5,1476
2024-04-08 15:15:00+05:30,1666.5,1672.4,1662.1,1670.95,7055
2024-04-08 15:30:00+05:30,1671.05,1673.0,1660.0,1669.65,9275
2024-04-09 09:30:00+05:30,1675.55,1679.95,1657.05,1666.0,7110
2024-04-09 09:45:00+05:30,1666.0,1669.95,1662.5,1664.0,2349
2024-04-09 10:00:00+05:30,1664.0,1665.0,1658.85,1664.7,3923
2024-04-09 10:15:00+05:30,1664.7,1672.8,1663.05,1672.8,1856
2024-04-09 10:30:00+05:30,1672.8,1676.95,1670.85,1674.0,1909
2024-04-09 10:45:00+05:30,1674.0,1674.0,1670.95,1673.85,1043
2024-04-09 11:00:00+05:30,1673.85,1673.85,1670.15,1672.85,1085
2024-04-09 11:15:00+05:30,1672.85,1673.0,1671.0,1672.0,848
2024-04-09 11:30:00+05:30,1672.0,1675.9,1671.1,1674.9,1048
2024-04-09 11:45:00+05:30,1674.9,1675.9,1668.9,1673.2,2801
2024-04-09 12:00:00+05:30,1673.2,1674.6,1670.85,1674.6,885
2024-04-09 12:15:00+05:30,1674.6,1676.35,1671.75,1672.95,807
2024-04-09 12:30:00+05:30,1672.95,1672.95,1670.6,1672.5,1000
2024-04-09 12:45:00+05:30,1672.5,1672.5,1666.0,1671.6,1002
2024-04-09 13:00:00+05:30,1671.6,1672.45,1668.8,1670.8,698
2024-04-09 13:15:00+05:30,1670.8,1671.6,1667.9,1671.6,1071
2024-04-09 13:30:00+05:30,1671.6,1671.8,1666.0,1669.85,1385
2024-04-09 13:45:00+05:30,1669.85,1670.8,1668.45,1670.0,617
2024-04-09 14:00:00+05:30,1670.0,1670.0,1662.45,1666.8,1655
2024-04-09 14:15:00+05:30,1666.8,1666.85,1661.25,1664.05,1076
2024-04-09 14:30:00+05:30,1664.05,1672.45,1662.65,1672.45,1311
2024-04-09 14:45:00+05:30,1672.45,1672.45,1666.1,1669.5,1355
2024-04-09 15:00:00+05:30,1669.5,1673.65,1666.05,1673.65,3940
2024-04-09 15:15:00+05:30,1673.65,1673.75,1665.55,1665.55,2616
2024-04-09 15:30:00+05:30,1666.2,1668.0,1662.65,1665.0,2853
2024-04-10 09:30:00+05:30,1674.95,1678.95,1670.05,1678.0,1297
2024-04-10 09:45:00+05:30,1676.95,1695.0,1676.95,1694.95,7689
2024-04-10 10:00:00+05:30,1694.95,1694.95,1682.0,1682.4,3796
2024-04-10 10:15:00+05:30,1684.05,1692.6,1678.05,1690.3,4081
2024-04-10 10:30:00+05:30,1690.3,1694.95,1687.5,1687.5,2570
2024-04-10 10:45:00+05:30,1687.5,1691.4,1687.5,1688.05,1295
2024-04-10 11:00:00+05:30,1689.4,1693.0,1685.3,1687.55,2536
2024-04-10 11:15:00+05:30,1687.55,1689.45,1685.8,1686.15,373
2024-04-10 11:30:00+05:30,1688.05,1688.1,1685.7,1688.0,1014
2024-04-10 11:45:00+05:30,1688.0,1694.75,1688.0,1694.45,2137
2024-04-10 12:00:00+05:30,1693.0,1698.0,1692.05,1697.45,5550
2024-04-10 12:15:00+05:30,1697.45,1698.0,1692.95,1695.35,3197
2024-04-10 12:30:00+05:30,1695.35,1707.0,1695.35,1702.9,7927
2024-04-10 12:45:00+05:30,1702.9,1706.0,1701.2,1702.05,2614
2024-04-10 13:00:00+05:30,1702.05,1712.0,1702.05,1710.0,8137
2024-04-10 13:15:00+05:30,1710.0,1711.95,1701.35,1705.0,2818
2024-04-10 13:30:00+05:30,1705.0,1719.7,1703.65,1713.05,13174
2024-04-10 13:45:00+05:30,1715.0,1719.0,1712.0,1716.1,3599
2024-04-10 14:00:00+05:30,1715.85,1729.0,1714.95,1725.0,8919
2024-04-10 14:15:00+05:30,1725.6,1729.95,1712.75,1714.5,7832
2024-04-10 14:30:00+05:30,1714.55,1720.0,1713.2,1717.2,3723
2024-04-10 14:45:00+05:30,1717.2,1717.95,1711.0,1712.65,5241
2024-04-10 15:00:00+05:30,1712.65,1713.05,1703.2,1711.1,5515
2024-04-10 15:15:00+05:30,1711.95,1718.95,1708.4,1718.95,7176
2024-04-10 15:30:00+05:30,1718.95,1719.7,1708.05,1710.0,6693
2024-04-12 09:30:00+05:30,1718.85,1725.95,1707.2,1715.0,8563
2024-04-12 09:45:00+05:30,1715.0,1715.6,1704.5,1704.5,6814
2024-04-12 10:00:00+05:30,1704.5,1705.45,1700.85,1703.2,2293
2024-04-12 10:15:00+05:30,1703.2,1706.2,1697.05,1699.35,5295
2024-04-12 10:30:00+05:30,1696.85,1701.1,1696.1,1699.95,5420
2024-04-12 10:45:00+05:30,1700.0,1715.0,1699.3,1715.0,20320
2024-04-12 11:00:00+05:30,1715.0,1730.0,1715.0,1725.85,20444
2024-04-12 11:15:00+05:30,1725.85,1748.0,1725.85,1745.5,19232
2024-04-12 11:30:00+05:30,1745.5,1776.75,1745.5,1765.0,79533
2024-04-12 11:45:00+05:30,1764.1,1772.95,1761.25,1768.35,29845
2024-04-12 12:00:00+05:30,1767.05,1768.9,1764.45,1765.3,9105
2024-04-12 12:15:00+05:30,1766.2,1775.0,1765.3,1773.95,13234
2024-04-12 12:30:00+05:30,1772.15,1779.25,1765.3,1777.9,21840
2024-04-12 12:45:00+05:30,1779.7,1780.0,1764.1,1769.6,18305
2024-04-12 13:00:00+05:30,1770.0,1772.8,1767.15,1768.85,38782
2024-04-12 13:15:00+05:30,1768.7,1770.5,1765.8,1769.0,29201
2024-04-12 13:30:00+05:30,1767.8,1776.8,1760.0,1773.5,22597
2024-04-12 13:45:00+05:30,1773.0,1793.0,1770.0,1789.45,30604
2024-04-12 14:00:00+05:30,1789.45,1800.0,1787.1,1798.95,104211
2024-04-12 14:15:00+05:30,1797.55,1799.0,1783.3,1795.0,49914
2024-04-12 14:30:00+05:30,1795.0,1797.0,1768.25,1772.0,49348
2024-04-12 14:45:00+05:30,1771.0,1772.55,1762.3,1766.15,37160
2024-04-12 15:00:00+05:30,1765.35,1773.75,1765.3,1772.1,39469
2024-04-12 15:15:00+05:30,1772.1,1772.25,1768.95,1770.0,45385
2024-04-12 15:30:00+05:30,1770.9,1772.95,1751.1,1772.0,68738
2024-04-15 09:30:00+05:30,1760.0,1764.0,1665.2,1694.3,70513
2024-04-15 09:45:00+05:30,1692.0,1703.95,1685.1,1701.05,19636
2024-04-15 10:00:00+05:30,1702.35,1719.85,1701.25,1719.45,14615
2024-04-15 10:15:00+05:30,1719.45,1739.8,1717.95,1718.85,21430
2024-04-15 10:30:00+05:30,1718.6,1735.55,1718.55,1730.2,8670
2024-04-15 10:45:00+05:30,1730.2,1731.8,1720.05,1724.9,6516
2024-04-15 11:00:00+05:30,1724.8,1725.0,1716.05,1719.85,7329
2024-04-15 11:15:00+05:30,1720.05,1721.9,1715.75,1715.75,10692
2024-04-15 11:30:00+05:30,1717.05,1728.9,1708.0,1728.05,12874
2024-04-15 11:45:00+05:30,1728.15,1728.9,1725.05,1727.7,3934
2024-04-15 12:00:00+05:30,1727.85,1733.9,1723.5,1733.2,8364
2024-04-15 12:15:00+05:30,1733.2,1742.45,1730.1,1740.2,8225
2024-04-15 12:30:00+05:30,1740.2,1740.2,1723.0,1725.0,6214
2024-04-15 12:45:00+05:30,1725.0,1731.6,1721.5,1723.25,7451
2024-04-15 13:00:00+05:30,1723.4,1728.05,1721.4,1724.95,4335
2024-04-15 13:15:00+05:30,1723.55,1735.0,1721.25,1725.0,6252
2024-04-15 13:30:00+05:30,1725.0,1725.0,1720.85,1724.4,2515
2024-04-15 13:45:00+05:30,1724.45,1725.0,1716.1,1719.35,4449
2024-04-15 14:00:00+05:30,1719.45,1720.0,1715.05,1718.85,5367
2024-04-15 14:15:00+05:30,1718.95,1719.9,1713.05,1718.25,8158
2024-04-15 14:30:00+05:30,1717.75,1722.55,1715.0,1719.7,7890
2024-04-15 14:45:00+05:30,1719.8,1740.05,1719.75,1735.15,18646
2024-04-15 15:00:00+05:30,1735.15,1735.9,1724.95,1731.0,9517
2024-04-15 15:15:00+05:30,1731.15,1732.85,1722.0,1728.1,16228
2024-04-15 15:30:00+05:30,1727.95,1729.2,1715.0,1722.0,17843
2024-04-16 09:30:00+05:30,1724.95,1728.0,1710.2,1724.95,12095
2024-04-16 09:45:00+05:30,1724.95,1734.55,1724.0,1731.45,6085
2024-04-16 10:00:00+05:30,1731.45,1745.0,1730.0,1741.35,14549
2024-04-16 10:15:00+05:30,1741.1,1748.0,1741.1,1743.85,10215
2024-04-16 10:30:00+05:30,1744.7,1747.55,1735.25,1745.0,8517
2024-04-16 10:45:00+05:30,1745.0,1746.8,1744.95,1745.05,2078
2024-04-16 11:00:00+05:30,1745.05,1745.8,1731.05,1737.9,11990
2024-04-16 11:15:00+05:30,1738.0,1740.0,1731.85,1736.6,6420
2024-04-16 11:30:00+05:30,1736.6,1739.4,1730.0,1731.1,6811
2024-04-16 11:45:00+05:30,1733.7,1739.9,1730.05,1737.4,7904
2024-04-16 12:00:00+05:30,1737.4,1739.7,1734.2,1735.4,5052
2024-04-16 12:15:00+05:30,1735.4,1738.0,1724.15,1729.05,50851
2024-04-16 12:30:00+05:30,1729.15,1729.95,1700.75,1700.75,21187
2024-04-16 12:45:00+05:30,1701.0,1716.15,1698.0,1698.15,32788
2024-04-16 13:00:00+05:30,1700.0,1703.1,1696.85,1699.75,11489
2024-04-16 13:15:00+05:30,1699.85,1700.25,1696.55,1697.05,10207
2024-04-16 13:30:00+05:30,1698.85,1704.8,1697.0,1699.0,14989
2024-04-16 13:45:00+05:30,1700.4,1706.7,1697.0,1698.1,17067
2024-04-16 14:00:00+05:30,1699.95,1729.95,1697.05,1721.95,25562
2024-04-16 14:15:00+05:30,1722.5,1735.5,1716.45,1733.8,14739
2024-04-16 14:30:00+05:30,1733.15,1736.6,1730.0,1732.7,10831
2024-04-16 14:45:00+05:30,1732.7,1735.0,1730.0,1730.0,9335
2024-04-16 15:00:00+05:30,1730.0,1734.55,1730.0,1734.25,8467
2024-04-16 15:15:00+05:30,1734.4,1755.3,1730.0,1752.55,22434
2024-04-16 15:30:00+05:30,1752.55,1772.9,1751.35,1770.0,46088
2024-04-18 09:30:00+05:30,1784.95,1789.7,1758.15,1774.75,28774
2024-04-18 09:45:00+05:30,1774.75,1776.35,1760.7,1763.05,5702
2024-04-18 10:00:00+05:30,1763.05,1768.0,1754.25,1768.0,6633
2024-04-18 10:15:00+05:30,1768.0,1770.55,1758.65,1765.0,9486
2024-04-18 10:30:00+05:30,1765.0,1786.0,1764.45,1785.0,11989
2024-04-18 10:45:00+05:30,1784.95,1792.0,1783.95,1785.8,19897
2024-04-18 11:00:00+05:30,1785.8,1791.35,1780.0,1790.0,11732
2024-04-18 11:15:00+05:30,1790.0,1802.95,1783.55,1797.0,40440
2024-04-18 11:30:00+05:30,1797.0,1815.0,1794.45,1812.5,48264
2024-04-18 11:45:00+05:30,1814.0,1814.45,1803.0,1808.5,19280
2024-04-18 12:00:00+05:30,1808.5,1811.0,1806.95,1808.5,11590
2024-04-18 12:15:00+05:30,1808.5,1809.9,1808.45,1808.5,5774
2024-04-18 12:30:00+05:30,1808.5,1809.9,1807.05,1808.5,4725
2024-04-18 12:45:00+05:30,1808.8,1809.9,1795.0,1795.15,12392
2024-04-18 13:00:00+05:30,1795.05,1797.9,1765.0,1767.15,21280
2024-04-18 13:15:00+05:30,1767.0,1779.0,1756.4,1774.65,20459
2024-04-18 13:30:00+05:30,1774.7,1774.7,1760.0,1763.9,9617
2024-04-18 13:45:00+05:30,1763.9,1769.45,1758.2,1759.0,10854
2024-04-18 14:00:00+05:30,1759.0,1761.15,1740.0,1746.15,18941
2024-04-18 14:15:00+05:30,1746.15,1751.6,1744.0,1747.05,9009
2024-04-18 14:30:00+05:30,1749.9,1753.3,1745.0,1745.0,16972
2024-04-18 14:45:00+05:30,1747.85,1748.75,1729.0,1732.8,34226
2024-04-18 15:00:00+05:30,1732.8,1743.2,1726.2,1735.25,29333
2024-04-18 15:15:00+05:30,1735.25,1754.85,1730.05,1733.85,22996
2024-04-18 15:30:00+05:30,1732.65,1750.0,1726.0,1730.0,22162
2024-04-19 09:30:00+05:30,1720.0,1735.95,1713.65,1731.45,12375
2024-04-19 09:45:00+05:30,1731.45,1731.45,1721.95,1723.05,3313
2024-04-19 10:00:00+05:30,1723.05,1726.75,1717.45,1718.65,7188
2024-04-19 10:15:00+05:30,1718.65,1721.5,1715.0,1719.3,3937
2024-04-19 10:30:00+05:30,1719.3,1721.4,1702.45,1706.2,10195
2024-04-19 10:45:00+05:30,1706.1,1712.25,1702.1,1705.55,5285
2024-04-19 11:00:00+05:30,1705.0,1707.0,1702.0,1706.9,2004
2024-04-19 11:15:00+05:30,1706.9,1717.0,1705.7,1714.5,2494
2024-04-19 11:30:00+05:30,1714.5,1714.5,1704.0,1709.3,2980
2024-04-19 11:45:00+05:30,1709.3,1712.65,1706.2,1710.45,4387
2024-04-19 12:00:00+05:30,1710.45,1716.5,1708.2,1715.2,3711
2024-04-19 12:15:00+05:30,1715.0,1726.75,1714.0,1720.9,7165
2024-04-19 12:30:00+05:30,1720.9,1723.8,1720.2,1722.8,1699
2024-04-19 12:45:00+05:30,1722.8,1723.45,1719.55,1723.0,1330
2024-04-19 13:00:00+05:30,1723.0,1723.45,1720.0,1723.45,1073
2024-04-19 13:15:00+05:30,1723.45,1734.0,1722.0,1729.7,4325
2024-04-19 13:30:00+05:30,1729.7,1730.4,1723.75,1729.9,2208
2024-04-19 13:45:00+05:30,1729.9,1733.95,1727.85,1729.8,1821
2024-04-19 14:00:00+05:30,1729.8,1732.8,1726.9,1729.0,1259
2024-04-19 14:15:00+05:30,1729.0,1733.15,1726.25,1727.0,2633
2024-04-19 14:30:00+05:30,1727.0,1731.0,1720.55,1726.0,2931
2024-04-19 14:45:00+05:30,1726.5,1748.9,1721.1,1746.15,7601
2024-04-19 15:00:00+05:30,1748.0,1778.0,1745.0,1777.95,28780
2024-04-19 15:15:00+05:30,1777.95,1798.7,1771.8,1793.1,41303
2024-04-19 15:30:00+05:30,1793.8,1795.3,1745.0,1745.0,27751
2024-04-22 09:30:00+05:30,1767.0,1767.0,1751.85,1755.0,10899
2024-04-22 09:45:00+05:30,1755.0,1759.2,1749.0,1750.9,6477
2024-04-22 10:00:00+05:30,1750.9,1785.65,1750.0,1785.45,17298
2024-04-22 10:15:00+05:30,1785.25,1794.1,1766.75,1771.7,13867
2024-04-22 10:30:00+05:30,1771.5,1775.5,1771.0,1771.0,2946
2024-04-22 10:45:00+05:30,1771.0,1773.45,1770.0,1770.0,1588
2024-04-22 11:00:00+05:30,1770.0,1773.65,1767.0,1771.0,2818
2024-04-22 11:15:00+05:30,1771.0,1772.5,1768.9,1772.2,1001
2024-04-22 11:30:00+05:30,1772.2,1772.2,1767.25,1769.8,1241
2024-04-22 11:45:00+05:30,1769.8,1771.85,1763.1,1766.6,3152
2024-04-22 12:00:00+05:30,1766.6,1766.6,1757.05,1761.0,5712
2024-04-22 12:15:00+05:30,1761.0,1762.75,1755.05,1762.75,3277
2024-04-22 12:30:00+05:30,1762.75,1762.75,1750.0,1750.5,4676
2024-04-22 12:45:00+05:30,1750.5,1750.5,1747.35,1747.35,4419
2024-04-22 13:00:00+05:30,1748.0,1748.7,1737.25,1741.05,7938
2024-04-22 13:15:00+05:30,1741.05,1746.55,1739.65,1742.25,4805
2024-04-22 13:30:00+05:30,1742.25,1746.95,1742.25,1743.6,3007
2024-04-22 13:45:00+05:30,1743.6,1749.55,1743.6,1747.0,3574
2024-04-22 14:00:00+05:30,1747.15,1757.75,1745.1,1753.8,6175
2024-04-22 14:15:00+05:30,1753.8,1759.45,1753.0,1755.1,5187
2024-04-22 14:30:00+05:30,1755.1,1756.85,1745.15,1748.8,5831
2024-04-22 14:45:00+05:30,1748.8,1749.95,1744.65,1748.4,3891
2024-04-22 15:00:00+05:30,1748.55,1749.5,1741.2,1745.85,4484
2024-04-22 15:15:00+05:30,1747.45,1747.45,1740.0,1741.15,8760
2024-04-22 15:30:00+05:30,1740.5,1745.0,1731.15,1738.05,14402
2024-04-23 09:30:00+05:30,1745.1,1755.0,1733.1,1737.05,13724
2024-04-23 09:45:00+05:30,1737.1,1738.9,1724.05,1732.9,8020
2024-04-23 10:00:00+05:30,1733.7,1734.0,1726.1,1734.0,5479
2024-04-23 10:15:00+05:30,1734.0,1734.8,1725.05,1731.0,6489
2024-04-23 10:30:00+05:30,1731.0,1732.4,1729.0,1731.65,1785
2024-04-23 10:45:00+05:30,1731.65,1732.0,1729.0,1729.0,1569
2024-04-23 11:00:00+05:30,1729.0,1730.35,1725.55,1728.5,877
2024-04-23 11:15:00+05:30,1728.5,1728.5,1725.6,1725.6,1941
2024-04-23 11:30:00+05:30,1725.6,1731.9,1725.55,1731.45,667
2024-04-23 11:45:00+05:30,1731.45,1732.0,1726.0,1726.5,1380
2024-04-23 12:00:00+05:30,1726.5,1730.5,1726.5,1729.7,400
2024-04-23 12:15:00+05:30,1729.8,1729.85,1726.8,1727.0,1884
2024-04-23 12:30:00+05:30,1727.0,1730.05,1726.0,1730.05,1233
2024-04-23 12:45:00+05:30,1730.05,1730.05,1726.0,1726.0,1379
2024-04-23 13:00:00+05:30,1726.0,1727.15,1723.05,1725.95,2079
2024-04-23 13:15:00+05:30,1725.95,1725.95,1721.0,1722.55,1028
2024-04-23 13:30:00+05:30,1722.55,1725.0,1722.0,1723.25,1186
2024-04-23 13:45:00+05:30,1723.25,1724.65,1717.0,1722.6,3237
2024-04-23 14:00:00+05:30,1722.6,1728.2,1722.6,1728.2,754
2024-04-23 14:15:00+05:30,1728.2,1730.35,1723.2,1726.95,1548
2024-04-23 14:30:00+05:30,1726.95,1728.0,1723.0,1726.6,2851
2024-04-23 14:45:00+05:30,1726.6,1728.0,1722.0,1722.25,1433
2024-04-23 15:00:00+05:30,1723.0,1724.9,1720.0,1723.6,2415
2024-04-23 15:15:00+05:30,1723.6,1732.0,1722.0,1723.4,3972
2024-04-23 15:30:00+05:30,1723.4,1728.5,1706.25,1726.9,13468
2024-04-24 09:30:00+05:30,1728.0,1744.4,1728.0,1733.55,6169
2024-04-24 09:45:00+05:30,1733.55,1734.8,1727.7,1728.0,3404
2024-04-24 10:00:00+05:30,1728.0,1730.0,1722.05,1723.85,3716
2024-04-24 10:15:00+05:30,1723.85,1725.0,1720.35,1720.8,2954
2024-04-24 10:30:00+05:30,1720.8,1725.25,1720.65,1725.25,1936
2024-04-24 10:45:00+05:30,1725.25,1730.55,1725.25,1729.2,1275
2024-04-24 11:00:00+05:30,1729.2,1730.55,1721.45,1724.0,2186
2024-04-24 11:15:00+05:30,1724.0,1726.9,1722.35,1725.0,977
2024-04-24 11:30:00+05:30,1724.75,1726.15,1721.65,1721.85,2807
2024-04-24 11:45:00+05:30,1721.85,1725.0,1720.0,1725.0,1867
2024-04-24 12:00:00+05:30,1725.0,1725.95,1723.15,1725.95,669
2024-04-24 12:15:00+05:30,1725.0,1725.95,1723.5,1723.5,1560
2024-04-24 12:30:00+05:30,1723.5,1725.0,1723.45,1725.0,886
2024-04-24 12:45:00+05:30,1725.0,1725.0,1723.85,1723.85,468
2024-04-24 13:00:00+05:30,1723.85,1725.0,1721.2,1721.5,1039
2024-04-24 13:15:00+05:30,1721.5,1721.55,1715.2,1719.0,1863
2024-04-24 13:30:00+05:30,1719.0,1722.85,1719.0,1721.55,592
2024-04-24 13:45:00+05:30,1721.55,1724.7,1720.5,1720.5,1274
2024-04-24 14:00:00+05:30,1720.5,1724.0,1719.05,1722.4,644
2024-04-24 14:15:00+05:30,1722.4,1724.25,1720.0,1720.55,1522
2024-04-24 14:30:00+05:30,1720.55,1731.85,1720.5,1727.0,6025
2024-04-24 14:45:00+05:30,1727.0,1736.9,1723.0,1733.65,4282
2024-04-24 15:00:00+05:30,1733.65,1736.6,1728.35,1728.35,1771
2024-04-24 15:15:00+05:30,1729.55,1733.0,1726.55,1730.45,5420
2024-04-24 15:30:00+05:30,1731.0,1738.8,1728.0,1729.0,9511
2024-04-25 09:30:00+05:30,1716.0,1738.9,1716.0,1733.1,3649
2024-04-25 09:45:00+05:30,1733.1,1738.1,1728.6,1728.6,3485
2024-04-25 10:00:00+05:30,1728.6,1779.95,1728.6,1766.5,24627
2024-04-25 10:15:00+05:30,1767.35,1767.35,1743.35,1744.55,7645
2024-04-25 10:30:00+05:30,1744.55,1750.9,1744.35,1748.0,1609
2024-04-25 10:45:00+05:30,1748.0,1755.0,1747.0,1750.15,5736
2024-04-25 11:00:00+05:30,1750.15,1752.55,1744.4,1750.0,3003
2024-04-25 11:15:00+05:30,1750.0,1750.0,1738.85,1747.15,3513
2024-04-25 11:30:00+05:30,1747.15,1747.15,1743.05,1743.8,518
2024-04-25 11:45:00+05:30,1743.8,1753.0,1743.8,1747.0,2357
2024-04-25 12:00:00+05:30,1747.0,1750.0,1745.3,1749.65,459
2024-04-25 12:15:00+05:30,1749.65,1749.65,1744.2,1747.6,2428
2024-04-25 12:30:00+05:30,1747.6,1747.6,1738.05,1741.75,2177
2024-04-25 12:45:00+05:30,1741.75,1743.0,1739.9,1741.2,722
2024-04-25 13:00:00+05:30,1741.2,1742.95,1740.0,1742.65,1221
2024-04-25 13:15:00+05:30,1742.65,1747.95,1742.65,1743.5,1697
2024-04-25 13:30:00+05:30,1743.5,1746.7,1741.45,1745.05,1161
2024-04-25 13:45:00+05:30,1745.05,1746.7,1744.0,1745.0,412
2024-04-25 14:00:00+05:30,1745.0,1756.65,1742.8,1756.65,3483
2024-04-25 14:15:00+05:30,1756.65,1760.0,1744.45,1744.45,3688
2024-04-25 14:30:00+05:30,1744.45,1751.8,1738.0,1738.4,6109
2024-04-25 14:45:00+05:30,1738.4,1741.2,1732.2,1735.35,3758
2024-04-25 15:00:00+05:30,1735.3,1736.55,1731.15,1732.55,2823
2024-04-25 15:15:00+05:30,1732.55,1733.5,1725.0,1732.2,4699
2024-04-25 15:30:00+05:30,1732.05,1742.0,1732.0,1740.0,8120
2024-04-26 09:30:00+05:30,1741.0,1776.0,1734.0,1756.65,16416
2024-04-26 09:45:00+05:30,1756.65,1756.65,1748.5,1749.0,2839
2024-04-26 10:00:00+05:30,1749.0,1753.95,1748.35,1751.05,3096
2024-04-26 10:15:00+05:30,1751.05,1751.25,1745.95,1749.0,1412
2024-04-26 10:30:00+05:30,1749.0,1751.0,1746.0,1746.2,1501
2024-04-26 10:45:00+05:30,1746.2,1747.9,1744.85,1747.55,1994
2024-04-26 11:00:00+05:30,1747.55,1747.95,1745.2,1746.25,571
2024-04-26 11:15:00+05:30,1746.25,1749.75,1745.0,1748.0,1523
2024-04-26 11:30:00+05:30,1748.0,1749.7,1746.5,1746.85,653
2024-04-26 11:45:00+05:30,1748.6,1748.95,1746.75,1748.85,1047
2024-04-26 12:00:00+05:30,1748.85,1749.0,1746.75,1749.0,606
2024-04-26 12:15:00+05:30,1749.0,1749.5,1748.15,1749.5,377
2024-04-26 12:30:00+05:30,1749.5,1749.95,1748.0,1748.3,457
2024-04-26 12:45:00+05:30,1748.3,1750.0,1745.05,1748.1,994
2024-04-26 13:00:00+05:30,1749.75,1750.0,1745.2,1748.5,329
2024-04-26 13:15:00+05:30,1748.5,1749.0,1746.2,1748.65,370
2024-04-26 13:30:00+05:30,1748.65,1748.65,1733.05,1737.3,2358
2024-04-26 13:45:00+05:30,1737.3,1739.45,1725.05,1737.05,3441
2024-04-26 14:00:00+05:30,1735.0,1735.6,1730.0,1733.2,1602
2024-04-26 14:15:00+05:30,1731.55,1733.65,1725.0,1729.95,4013
2024-04-26 14:30:00+05:30,1729.95,1743.45,1728.0,1728.55,5035
2024-04-26 14:45:00+05:30,1728.6,1735.85,1728.5,1733.2,1582
2024-04-26 15:00:00+05:30,1733.2,1734.9,1728.6,1729.0,3752
2024-04-26 15:15:00+05:30,1730.45,1732.95,1727.0,1729.1,4473
2024-04-26 15:30:00+05:30,1728.9,1730.0,1725.0,1729.0,5284
2024-04-29 09:30:00+05:30,1748.0,1758.85,1740.8,1743.2,8897
2024-04-29 09:45:00+05:30,1743.2,1744.35,1740.0,1741.6,1882
2024-04-29 10:00:00+05:30,1741.6,1747.95,1740.1,1747.9,2144
2024-04-29 10:15:00+05:30,1747.9,1747.95,1742.4,1744.15,1159
2024-04-29 10:30:00+05:30,1743.45,1745.35,1742.05,1743.9,744
2024-04-29 10:45:00+05:30,1745.65,1747.6,1743.1,1745.95,1084
2024-04-29 11:00:00+05:30,1745.95,1747.0,1736.05,1736.05,2796
2024-04-29 11:15:00+05:30,1737.8,1743.4,1736.05,1743.4,1540
2024-04-29 11:30:00+05:30,1743.4,1745.65,1736.0,1736.3,1509
2024-04-29 11:45:00+05:30,1736.3,1739.0,1736.3,1739.0,454
2024-04-29 12:00:00+05:30,1739.0,1739.0,1737.6,1739.0,264
2024-04-29 12:15:00+05:30,1739.0,1739.05,1737.0,1737.5,1087
2024-04-29 12:30:00+05:30,1736.2,1742.35,1735.5,1742.35,1229
2024-04-29 12:45:00+05:30,1740.9,1745.25,1740.05,1743.25,881
2024-04-29 13:00:00+05:30,1741.6,1744.9,1736.3,1740.15,1271
2024-04-29 13:15:00+05:30,1740.15,1743.0,1738.45,1740.0,1417
2024-04-29 13:30:00+05:30,1740.0,1741.7,1740.0,1740.0,433
2024-04-29 13:45:00+05:30,1740.0,1742.45,1739.7,1740.6,427
2024-04-29 14:00:00+05:30,1740.7,1750.0,1736.1,1739.9,6278
2024-04-29 14:15:00+05:30,1739.9,1741.05,1732.0,1736.45,2842
2024-04-29 14:30:00+05:30,1736.45,1739.0,1732.5,1732.9,907
2024-04-29 14:45:00+05:30,1732.9,1738.8,1732.6,1733.25,1264
2024-04-29 15:00:00+05:30,1735.0,1787.0,1733.15,1783.85,107638
2024-04-29 15:15:00+05:30,1783.6,1785.2,1770.05,1772.5,31582
2024-04-29 15:30:00+05:30,1772.45,1773.9,1751.0,1752.0,23127
2024-04-30 09:30:00+05:30,1771.9,1771.9,1750.0,1753.15,10899
2024-04-30 09:45:00+05:30,1753.15,1757.35,1750.1,1752.4,4156
2024-04-30 10:00:00+05:30,1752.3,1755.35,1749.0,1749.0,5904
2024-04-30 10:15:00+05:30,1749.0,1751.85,1748.5,1750.35,2784
2024-04-30 10:30:00+05:30,1750.35,1759.8,1749.95,1759.7,2686
2024-04-30 10:45:00+05:30,1759.7,1759.7,1754.05,1756.55,1131
2024-04-30 11:00:00+05:30,1756.55,1759.9,1756.05,1758.0,899
2024-04-30 11:15:00+05:30,1758.0,1759.9,1755.05,1759.0,855
2024-04-30 11:30:00+05:30,1759.0,1759.85,1758.05,1759.7,1246
2024-04-30 11:45:00+05:30,1759.7,1759.85,1756.9,1759.35,1070
2024-04-30 12:00:00+05:30,1759.35,1759.85,1756.6,1758.75,993
2024-04-30 12:15:00+05:30,1758.75,1765.5,1758.35,1765.2,4230
2024-04-30 12:30:00+05:30,1765.2,1770.0,1763.1,1767.0,4131
2024-04-30 12:45:00+05:30,1767.0,1767.0,1761.05,1763.05,681
2024-04-30 13:00:00+05:30,1763.05,1773.2,1763.05,1772.95,6084
2024-04-30 13:15:00+05:30,1772.95,1778.0,1770.65,1775.05,5427
2024-04-30 13:30:00+05:30,1775.05,1780.6,1775.0,1778.7,7028
2024-04-30 13:45:00+05:30,1778.7,1789.0,1778.4,1783.0,22510
2024-04-30 14:00:00+05:30,1783.0,1785.0,1771.0,1773.2,3588
2024-04-30 14:15:00+05:30,1772.1,1775.0,1767.05,1771.3,5305
2024-04-30 14:30:00+05:30,1771.3,1772.5,1768.0,1772.5,973
2024-04-30 14:45:00+05:30,1772.5,1772.5,1768.35,1769.35,1591
2024-04-30 15:00:00+05:30,1769.35,1769.35,1754.0,1754.15,10593
2024-04-30 15:15:00+05:30,1755.6,1760.0,1750.15,1759.0,5394
2024-04-30 15:30:00+05:30,1759.45,1765.0,1753.95,1759.6,6495
2024-05-02 09:30:00+05:30,1764.95,1770.9,1753.0,1764.0,4782
2024-05-02 09:45:00+05:30,1764.85,1765.0,1760.05,1764.0,26830
2024-05-02 10:00:00+05:30,1762.55,1765.0,1761.0,1764.0,1579
2024-05-02 10:15:00+05:30,1764.0,1765.0,1762.35,1764.35,1275
2024-05-02 10:30:00+05:30,1764.35,1770.65,1763.55,1769.15,3067
2024-05-02 10:45:00+05:30,1769.15,1774.9,1768.55,1774.9,2439
2024-05-02 11:00:00+05:30,1774.05,1782.0,1774.0,1781.2,57032
2024-05-02 11:15:00+05:30,1781.2,1781.25,1766.0,1771.9,6105
2024-05-02 11:30:00+05:30,1771.95,1774.95,1768.25,1771.0,2480
2024-05-02 11:45:00+05:30,1771.0,1774.25,1770.0,1771.65,1518
2024-05-02 12:00:00+05:30,1771.65,1775.0,1767.65,1775.0,1442
2024-05-02 12:15:00+05:30,1775.0,1775.0,1765.5,1768.05,1697
2024-05-02 12:30:00+05:30,1768.05,1770.7,1768.05,1770.55,1520
2024-05-02 12:45:00+05:30,1770.55,1770.95,1766.05,1770.0,1938
2024-05-02 13:00:00+05:30,1769.35,1770.0,1766.0,1767.0,1763
2024-05-02 13:15:00+05:30,1767.0,1767.7,1765.2,1766.0,3595
2024-05-02 13:30:00+05:30,1766.0,1767.8,1761.0,1762.45,20674
2024-05-02 13:45:00+05:30,1764.0,1764.0,1761.0,1762.55,1180
2024-05-02 14:00:00+05:30,1762.55,1763.75,1758.05,1759.35,3947
2024-05-02 14:15:00+05:30,1759.35,1762.95,1758.0,1761.15,1720
2024-05-02 14:30:00+05:30,1761.15,1763.65,1758.05,1759.95,2913
2024-05-02 14:45:00+05:30,1759.95,1767.15,1758.0,1767.15,3054
2024-05-02 15:00:00+05:30,1767.15,1767.65,1763.1,1764.05,2430
2024-05-02 15:15:00+05:30,1764.0,1768.95,1760.0,1762.75,4583
2024-05-02 15:30:00+05:30,1762.7,1766.35,1761.7,1765.05,4259
2024-05-03 09:30:00+05:30,1769.85,1788.4,1763.0,1774.3,7947
2024-05-03 09:45:00+05:30,1774.3,1777.95,1765.9,1769.15,3752
2024-05-03 10:00:00+05:30,1770.35,1774.5,1769.3,1772.0,1675
2024-05-03 10:15:00+05:30,1771.0,1772.0,1765.45,1770.05,1743
2024-05-03 10:30:00+05:30,1770.05,1772.0,1761.4,1764.2,2893
2024-05-03 10:45:00+05:30,1764.15,1780.0,1764.15,1778.45,9646
2024-05-03 11:00:00+05:30,1778.45,1818.9,1777.5,1809.85,89480
2024-05-03 11:15:00+05:30,1806.8,1845.0,1805.6,1824.9,181157
2024-05-03 11:30:00+05:30,1824.9,1825.0,1793.9,1801.95,79737
2024-05-03 11:45:00+05:30,1802.1,1809.6,1795.0,1805.0,25457
2024-05-03 12:00:00+05:30,1805.0,1805.8,1795.0,1799.85,16761
2024-05-03 12:15:00+05:30,1799.85,1804.2,1797.65,1800.0,13752
2024-05-03 12:30:00+05:30,1800.0,1802.9,1792.05,1800.0,21897
2024-05-03 12:45:00+05:30,1800.0,1802.05,1795.65,1798.85,6153
2024-05-03 13:00:00+05:30,1798.85,1798.85,1782.55,1784.4,13393
2024-05-03 13:15:00+05:30,1784.4,1787.95,1776.0,1777.0,13700
2024-05-03 13:30:00+05:30,1777.0,1780.35,1772.0,1776.85,7038
2024-05-03 13:45:00+05:30,1776.85,1778.3,1741.05,1751.9,29779
2024-05-03 14:00:00+05:30,1752.35,1755.0,1735.0,1752.0,17157
2024-05-03 14:15:00+05:30,1751.85,1768.95,1750.5,1766.55,11837
2024-05-03 14:30:00+05:30,1766.4,1771.2,1755.2,1756.35,5970
2024-05-03 14:45:00+05:30,1755.85,1771.2,1755.85,1769.0,15117
2024-05-03 15:00:00+05:30,1768.2,1770.0,1762.1,1768.05,8454
2024-05-03 15:15:00+05:30,1768.3,1788.2,1768.3,1786.3,16044
2024-05-03 15:30:00+05:30,1785.5,1786.35,1763.75,1774.0,13483
2024-05-06 09:30:00+05:30,1772.0,1795.0,1770.0,1791.4,14855
2024-05-06 09:45:00+05:30,1791.9,1792.35,1752.35,1759.2,16728
2024-05-06 10:00:00+05:30,1759.2,1771.0,1759.2,1765.6,5349
2024-05-06 10:15:00+05:30,1765.6,1766.4,1754.35,1766.4,3550
2024-05-06 10:30:00+05:30,1766.4,1769.9,1759.7,1769.9,1452
2024-05-06 10:45:00+05:30,1769.9,1776.95,1769.9,1773.05,2419
2024-05-06 11:00:00+05:30,1773.05,1773.05,1765.1,1767.45,1065
2024-05-06 11:15:00+05:30,1767.45,1772.4,1767.45,1768.0,864
2024-05-06 11:30:00+05:30,1768.0,1771.0,1765.1,1768.5,1186
2024-05-06 11:45:00+05:30,1768.5,1768.7,1765.05,1767.35,553
2024-05-06 12:00:00+05:30,1767.35,1770.0,1767.0,1767.3,617
2024-05-06 12:15:00+05:30,1767.3,1769.1,1757.0,1760.0,2942
2024-05-06 12:30:00+05:30,1760.0,1760.0,1758.25,1758.5,386
2024-05-06 12:45:00+05:30,1759.95,1761.0,1755.1,1756.85,2127
2024-05-06 13:00:00+05:30,1756.85,1758.35,1754.1,1755.35,970
2024-05-06 13:15:00+05:30,1755.35,1758.55,1751.25,1752.1,1381
2024-05-06 13:30:00+05:30,1752.1,1752.1,1748.15,1749.9,2955
2024-05-06 13:45:00+05:30,1749.9,1752.3,1745.0,1752.3,1658
2024-05-06 14:00:00+05:30,1752.3,1755.95,1752.0,1753.0,1080
2024-05-06 14:15:00+05:30,1753.2,1756.65,1751.65,1756.0,2502
2024-05-06 14:30:00+05:30,1756.0,1756.1,1751.8,1753.65,2352
2024-05-06 14:45:00+05:30,1752.1,1755.0,1751.0,1755.0,1560
2024-05-06 15:00:00+05:30,1755.0,1755.85,1750.0,1752.3,3028
2024-05-06 15:15:00+05:30,1752.4,1756.05,1745.6,1751.1,5257
2024-05-06 15:30:00+05:30,1751.1,1755.0,1742.0,1752.0,6443
2024-05-07 09:30:00+05:30,1752.7,1761.95,1739.8,1748.0,6136
2024-05-07 09:45:00+05:30,1748.0,1752.95,1737.05,1739.95,4673
2024-05-07 10:00:00+05:30,1739.95,1740.35,1737.1,1739.95,3668
2024-05-07 10:15:00+05:30,1739.95,1739.95,1734.05,1737.0,2256
2024-05-07 10:30:00+05:30,1737.0,1737.8,1729.0,1731.05,2187
2024-05-07 10:45:00+05:30,1731.05,1731.4,1708.6,1720.85,10117
2024-05-07 11:00:00+05:30,1720.85,1725.95,1715.1,1722.45,3811
2024-05-07 11:15:00+05:30,1722.45,1724.55,1712.3,1712.3,3228
2024-05-07 11:30:00+05:30,1712.6,1712.6,1689.05,1705.45,11064
2024-05-07 11:45:00+05:30,1705.45,1712.5,1699.0,1701.65,9470
2024-05-07 12:00:00+05:30,1701.7,1710.95,1693.0,1694.0,7019
2024-05-07 12:15:00+05:30,1694.7,1698.7,1688.05,1695.95,8404
2024-05-07 12:30:00+05:30,1695.95,1701.85,1693.9,1694.0,5563
2024-05-07 12:45:00+05:30,1694.0,1696.7,1683.5,1685.0,6303
2024-05-07 13:00:00+05:30,1685.0,1691.95,1675.3,1678.45,9758
2024-05-07 13:15:00+05:30,1678.45,1682.3,1678.45,1680.75,2572
2024-05-07 13:30:00+05:30,1680.75,1684.7,1674.95,1684.7,4685
2024-05-07 13:45:00+05:30,1684.7,1692.2,1682.7,1691.5,1724
2024-05-07 14:00:00+05:30,1691.5,1696.7,1689.6,1694.6,3030
2024-05-07 14:15:00+05:30,1694.6,1696.7,1692.3,1692.3,1162
2024-05-07 14:30:00+05:30,1693.75,1694.8,1688.0,1689.15,1658
2024-05-07 14:45:00+05:30,1688.0,1701.75,1686.2,1701.75,7066
2024-05-07 15:00:00+05:30,1701.75,1704.95,1698.0,1702.7,4598
2024-05-07 15:15:00+05:30,1702.7,1709.85,1701.85,1705.3,27882
2024-05-07 15:30:00+05:30,1704.0,1707.45,1678.95,1700.0,19862
2024-05-08 09:30:00+05:30,1704.25,1721.0,1685.0,1691.9,7380
2024-05-08 09:45:00+05:30,1691.9,1699.6,1691.85,1696.45,1721
2024-05-08 10:00:00+05:30,1696.45,1702.55,1695.55,1697.45,2968
2024-05-08 10:15:00+05:30,1697.45,1709.0,1697.45,1702.25,3215
2024-05-08 10:30:00+05:30,1702.25,1703.95,1685.55,1690.95,3025
2024-05-08 10:45:00+05:30,1690.95,1694.55,1685.15,1693.75,1405
2024-05-08 11:00:00+05:30,1693.75,1699.0,1690.05,1696.15,1252
2024-05-08 11:15:00+05:30,1696.15,1698.3,1688.05,1689.75,1681
2024-05-08 11:30:00+05:30,1689.75,1690.85,1680.8,1687.75,3707
2024-05-08 11:45:00+05:30,1687.75,1689.65,1680.95,1684.85,3034
2024-05-08 12:00:00+05:30,1684.85,1715.0,1678.15,1681.9,34866
2024-05-08 12:15:00+05:30,1681.2,1685.0,1679.0,1683.1,9411
2024-05-08 12:30:00+05:30,1683.1,1687.35,1679.85,1681.2,12921
2024-05-08 12:45:00+05:30,1681.2,1682.6,1676.75,1681.75,3623
2024-05-08 13:00:00+05:30,1681.75,1684.0,1679.2,1682.4,3619
2024-05-08 13:15:00+05:30,1682.4,1684.0,1680.0,1680.3,2180
2024-05-08 13:30:00+05:30,1681.4,1685.95,1679.0,1680.0,5152
2024-05-08 13:45:00+05:30,1680.0,1680.0,1660.65,1660.65,11196
2024-05-08 14:00:00+05:30,1660.65,1673.95,1654.8,1673.85,9090
2024-05-08 14:15:00+05:30,1673.95,1674.95,1666.75,1666.75,2397
2024-05-08 14:30:00+05:30,1666.75,1671.4,1661.25,1664.9,3681
2024-05-08 14:45:00+05:30,1666.45,1672.45,1664.9,1670.0,2042
2024-05-08 15:00:00+05:30,1669.95,1679.9,1669.95,1675.1,2893
2024-05-08 15:15:00+05:30,1675.1,1677.0,1668.55,1669.55,4480
2024-05-08 15:30:00+05:30,1669.55,1672.0,1664.65,1665.0,14877
2024-05-09 09:30:00+05:30,1674.7,1690.0,1661.0,1663.8,5306
2024-05-09 09:45:00+05:30,1663.8,1668.95,1658.7,1667.45,4990
2024-05-09 10:00:00+05:30,1667.45,1669.95,1664.65,1667.5,2186
2024-05-09 10:15:00+05:30,1665.9,1668.45,1660.0,1661.35,3618
2024-05-09 10:30:00+05:30,1661.35,1661.35,1652.05,1658.0,4735
2024-05-09 10:45:00+05:30,1658.0,1662.55,1657.05,1657.9,1530
2024-05-09 11:00:00+05:30,1657.9,1657.9,1653.0,1656.3,2013
2024-05-09 11:15:00+05:30,1656.3,1659.0,1653.65,1656.9,2478
2024-05-09 11:30:00+05:30,1656.9,1658.85,1645.1,1650.1,6939
2024-05-09 11:45:00+05:30,1650.1,1650.1,1642.25,1642.95,17158
2024-05-09 12:00:00+05:30,1642.95,1643.2,1637.0,1641.25,6271
2024-05-09 12:15:00+05:30,1641.25,1649.0,1639.9,1645.75,3368
2024-05-09 12:30:00+05:30,1645.75,1646.2,1637.0,1638.45,2797
2024-05-09 12:45:00+05:30,1639.8,1642.0,1634.0,1635.45,4021
2024-05-09 13:00:00+05:30,1635.45,1637.95,1622.0,1627.15,5796
2024-05-09 13:15:00+05:30,1627.15,1630.8,1625.75,1629.9,1820
2024-05-09 13:30:00+05:30,1629.9,1632.1,1607.2,1610.05,8533
2024-05-09 13:45:00+05:30,1610.05,1620.75,1608.6,1620.0,15175
2024-05-09 14:00:00+05:30,1620.0,1621.85,1616.35,1617.05,2475
2024-05-09 14:15:00+05:30,1618.0,1621.4,1614.0,1618.5,3382
2024-05-09 14:30:00+05:30,1619.65,1624.65,1603.45,1606.6,7101
2024-05-09 14:45:00+05:30,1606.6,1615.3,1604.0,1609.7,5823
2024-05-09 15:00:00+05:30,1609.7,1610.4,1602.45,1608.65,4319
2024-05-09 15:15:00+05:30,1608.65,1609.55,1601.65,1605.4,6110
2024-05-09 15:30:00+05:30,1605.0,1624.0,1599.6,1620.0,13560
2024-05-10 09:30:00+05:30,1625.0,1634.5,1605.55,1616.7,6290
2024-05-10 09:45:00+05:30,1616.7,1623.8,1595.0,1603.4,9283
2024-05-10 10:00:00+05:30,1603.55,1603.8,1597.7,1600.0,4545
2024-05-10 10:15:00+05:30,1600.0,1606.95,1596.15,1606.95,2480
2024-05-10 10:30:00+05:30,1606.95,1623.0,1605.0,1622.7,109153
2024-05-10 10:45:00+05:30,1622.7,1626.15,1615.0,1622.25,3005
2024-05-10 11:00:00+05:30,1622.25,1629.9,1618.0,1629.9,207269
2024-05-10 11:15:00+05:30,1629.95,1634.9,1625.55,1626.0,4303
2024-05-10 11:30:00+05:30,1626.0,1630.45,1622.55,1628.7,1914
2024-05-10 11:45:00+05:30,1628.7,1629.0,1621.0,1623.4,2189
2024-05-10 12:00:00+05:30,1623.4,1626.55,1620.0,1621.7,317192
2024-05-10 12:15:00+05:30,1621.85,1648.0,1621.55,1626.95,17967
2024-05-10 12:30:00+05:30,1626.95,1628.75,1620.05,1621.55,3807
2024-05-10 12:45:00+05:30,1621.55,1623.0,1619.55,1620.05,7640
2024-05-10 13:00:00+05:30,1620.05,1623.95,1620.0,1621.05,2091
2024-05-10 13:15:00+05:30,1620.85,1624.8,1619.85,1621.95,4529
2024-05-10 13:30:00+05:30,1621.95,1624.5,1620.0,1624.5,2095
2024-05-10 13:45:00+05:30,1624.5,1650.0,1624.15,1649.95,11032
2024-05-10 14:00:00+05:30,1650.0,1650.0,1637.15,1641.65,7872
2024-05-10 14:15:00+05:30,1641.65,1646.05,1640.25,1644.6,7611
2024-05-10 14:30:00+05:30,1643.2,1649.05,1637.45,1648.25,8746
2024-05-10 14:45:00+05:30,1648.2,1650.0,1631.15,1648.9,11817
2024-05-10 15:00:00+05:30,1649.0,1650.2,1642.05,1646.8,9396
2024-05-10 15:15:00+05:30,1646.8,1649.0,1643.05,1645.0,11221
2024-05-10 15:30:00+05:30,1645.0,1645.25,1618.0,1622.6,15069
2024-05-13 09:30:00+05:30,1626.0,1640.5,1616.5,1628.4,11232
2024-05-13 09:45:00+05:30,1628.4,1629.15,1618.1,1621.6,4680
2024-05-13 10:00:00+05:30,1621.0,1625.1,1615.25,1618.15,4739
2024-05-13 10:15:00+05:30,1619.65,1619.9,1612.0,1614.0,2863
2024-05-13 10:30:00+05:30,1614.0,1616.0,1605.05,1606.65,7497
2024-05-13 10:45:00+05:30,1609.0,1614.95,1605.0,1608.35,1688
2024-05-13 11:00:00+05:30,1608.35,1614.9,1606.15,1614.6,1283
2024-05-13 11:15:00+05:30,1614.6,1620.0,1612.05,1614.55,3576
2024-05-13 11:30:00+05:30,1614.55,1618.45,1614.25,1617.55,2621
2024-05-13 11:45:00+05:30,1617.55,1618.0,1614.0,1617.5,1934
2024-05-13 12:00:00+05:30,1617.5,1617.8,1615.9,1617.6,925
2024-05-13 12:15:00+05:30,1617.5,1617.7,1615.4,1616.8,688
2024-05-13 12:30:00+05:30,1616.7,1617.3,1615.1,1617.25,736
2024-05-13 12:45:00+05:30,1617.25,1618.2,1615.2,1617.5,798
2024-05-13 13:00:00+05:30,1617.5,1617.5,1615.15,1617.0,203
2024-05-13 13:15:00+05:30,1617.0,1617.45,1615.65,1616.9,464
2024-05-13 13:30:00+05:30,1616.9,1617.45,1608.05,1609.0,4517
2024-05-13 13:45:00+05:30,1609.0,1613.3,1608.7,1613.3,1229
2024-05-13 14:00:00+05:30,1613.3,1617.25,1610.5,1617.0,2486
2024-05-13 14:15:00+05:30,1617.0,1620.35,1609.0,1610.0,83757
2024-05-13 14:30:00+05:30,1610.0,1617.0,1609.05,1614.0,13392
2024-05-13 14:45:00+05:30,1615.3,1615.55,1606.65,1613.95,3528
2024-05-13 15:00:00+05:30,1613.95,1620.0,1609.5,1616.35,11989
2024-05-13 15:15:00+05:30,1616.35,1620.0,1610.0,1619.95,12027
2024-05-13 15:30:00+05:30,1619.95,1625.0,1608.2,1620.0,13385
2024-05-14 09:30:00+05:30,1626.0,1632.0,1600.35,1602.15,9475
2024-05-14 09:45:00+05:30,1602.95,1611.5,1601.4,1610.25,6833
2024-05-14 10:00:00+05:30,1610.2,1617.8,1606.45,1607.0,3007
2024-05-14 10:15:00+05:30,1606.2,1606.2,1595.85,1596.9,6130
2024-05-14 10:30:00+05:30,1596.85,1601.0,1596.85,1600.45,1895
2024-05-14 10:45:00+05:30,1599.05,1601.0,1598.25,1600.0,2345
2024-05-14 11:00:00+05:30,1600.0,1601.0,1596.5,1600.0,116532
2024-05-14 11:15:00+05:30,1600.0,1600.0,1593.1,1598.75,6603
2024-05-14 11:30:00+05:30,1598.75,1598.8,1594.45,1597.0,21051
2024-05-14 11:45:00+05:30,1597.0,1597.6,1595.25,1597.55,2559
2024-05-14 12:00:00+05:30,1597.55,1597.55,1595.1,1595.95,11770
2024-05-14 12:15:00+05:30,1595.95,1597.55,1595.15,1596.95,1779
2024-05-14 12:30:00+05:30,1597.3,1599.95,1594.45,1597.2,5105
2024-05-14 12:45:00+05:30,1598.0,1601.7,1596.9,1597.45,2682
2024-05-14 13:00:00+05:30,1597.45,1598.4,1596.3,1597.6,3576
2024-05-14 13:15:00+05:30,1598.35,1612.95,1596.9,1601.55,13922
2024-05-14 13:30:00+05:30,1601.55,1606.6,1598.25,1605.0,22685
2024-05-14 13:45:00+05:30,1605.0,1605.2,1601.65,1602.15,12835
2024-05-14 14:00:00+05:30,1601.55,1606.4,1599.5,1606.4,104401
2024-05-14 14:15:00+05:30,1604.55,1607.95,1602.0,1606.85,4120
2024-05-14 14:30:00+05:30,1606.85,1606.85,1602.4,1602.9,1357
2024-05-14 14:45:00+05:30,1605.1,1617.75,1605.1,1610.0,15073
2024-05-14 15:00:00+05:30,1610.0,1618.0,1600.0,1611.0,69017
2024-05-14 15:15:00+05:30,1611.7,1614.0,1609.65,1610.8,14643
2024-05-14 15:30:00+05:30,1610.8,1612.8,1605.0,1606.9,19057
2024-05-15 09:30:00+05:30,1639.65,1670.0,1625.05,1645.0,115142
2024-05-15 09:45:00+05:30,1642.1,1654.4,1638.4,1650.0,21648
2024-05-15 10:00:00+05:30,1648.05,1669.8,1648.05,1665.5,32856
2024-05-15 10:15:00+05:30,1666.0,1670.8,1655.0,1668.7,28775
2024-05-15 10:30:00+05:30,1667.1,1668.7,1658.0,1659.0,13716
2024-05-15 10:45:00+05:30,1659.0,1663.9,1653.75,1660.15,41769
2024-05-15 11:00:00+05:30,1661.45,1663.6,1642.3,1650.05,22745
2024-05-15 11:15:00+05:30,1650.05,1654.3,1641.35,1645.4,14248
2024-05-15 11:30:00+05:30,1644.15,1647.5,1637.1,1638.1,10893
2024-05-15 11:45:00+05:30,1637.6,1647.0,1637.6,1647.0,8848
2024-05-15 12:00:00+05:30,1647.0,1647.0,1634.25,1636.4,9060
2024-05-15 12:15:00+05:30,1636.4,1645.0,1635.05,1639.9,10410
2024-05-15 12:30:00+05:30,1639.95,1639.95,1632.3,1636.05,10369
2024-05-15 12:45:00+05:30,1636.05,1636.5,1623.3,1624.0,28519
2024-05-15 13:00:00+05:30,1624.0,1625.9,1618.3,1623.95,19252
2024-05-15 13:15:00+05:30,1624.85,1625.0,1622.0,1623.0,6947
2024-05-15 13:30:00+05:30,1623.0,1625.0,1615.05,1624.6,10819
2024-05-15 13:45:00+05:30,1624.6,1625.0,1620.0,1624.0,11701
2024-05-15 14:00:00+05:30,1623.5,1625.0,1623.0,1623.75,7806
2024-05-15 14:15:00+05:30,1623.75,1625.0,1623.0,1624.85,6950
2024-05-15 14:30:00+05:30,1624.9,1625.0,1619.1,1620.05,7303
2024-05-15 14:45:00+05:30,1621.7,1623.75,1617.0,1623.0,7932
2024-05-15 15:00:00+05:30,1623.0,1624.55,1620.3,1622.95,10019
2024-05-15 15:15:00+05:30,1622.95,1624.25,1615.5,1618.65,20546
2024-05-15 15:30:00+05:30,1618.65,1624.45,1610.0,1614.0,30179
2024-05-16 09:30:00+05:30,1633.8,1639.45,1621.0,1628.2,8900
2024-05-16 09:45:00+05:30,1628.2,1629.3,1618.55,1626.6,26932
2024-05-16 10:00:00+05:30,1626.6,1628.3,1617.25,1626.95,5032
2024-05-16 10:15:00+05:30,1626.95,1641.0,1625.05,1638.65,120436
2024-05-16 10:30:00+05:30,1638.95,1687.0,1638.95,1680.95,51687
2024-05-16 10:45:00+05:30,1679.9,1697.3,1675.5,1694.55,50269
2024-05-16 11:00:00+05:30,1692.3,1695.05,1682.1,1686.05,19190
2024-05-16 11:15:00+05:30,1686.05,1704.35,1685.0,1697.85,27385
2024-05-16 11:30:00+05:30,1697.85,1714.75,1697.0,1710.3,36026
2024-05-16 11:45:00+05:30,1711.65,1724.0,1708.4,1721.95,38017
2024-05-16 12:00:00+05:30,1720.85,1738.0,1720.0,1729.5,100533
2024-05-16 12:15:00+05:30,1729.45,1730.0,1706.0,1708.55,64841
2024-05-16 12:30:00+05:30,1709.15,1710.0,1696.35,1700.45,50869
2024-05-16 12:45:00+05:30,1700.5,1709.7,1698.0,1703.0,23950
2024-05-16 13:00:00+05:30,1703.0,1707.2,1695.45,1703.3,14018
2024-05-16 13:15:00+05:30,1703.3,1712.0,1701.1,1708.45,14212
2024-05-16 13:30:00+05:30,1708.45,1716.2,1705.0,1711.25,9833
2024-05-16 13:45:00+05:30,1711.25,1718.85,1706.05,1715.8,34716
2024-05-16 14:00:00+05:30,1715.8,1723.95,1703.3,1714.85,41129
2024-05-16 14:15:00+05:30,1714.85,1717.75,1712.65,1715.2,10096
2024-05-16 14:30:00+05:30,1715.2,1719.35,1714.95,1715.95,8286
2024-05-16 14:45:00+05:30,1715.95,1723.0,1715.0,1720.4,19905
2024-05-16 15:00:00+05:30,1720.4,1733.0,1718.1,1730.75,28056
2024-05-16 15:15:00+05:30,1730.05,1732.55,1718.05,1720.15,46543
2024-05-16 15:30:00+05:30,1720.15,1726.0,1710.0,1718.4,39830
2024-05-17 09:30:00+05:30,1723.95,1725.15,1706.85,1724.0,12315
2024-05-17 09:45:00+05:30,1724.0,1724.0,1711.85,1712.05,3135
2024-05-17 10:00:00+05:30,1712.05,1717.0,1707.75,1713.1,6047
2024-05-17 10:15:00+05:30,1713.05,1713.65,1708.1,1711.3,3110
2024-05-17 10:30:00+05:30,1711.3,1711.3,1706.75,1710.55,3044
2024-05-17 10:45:00+05:30,1710.55,1712.7,1708.05,1711.5,3206
2024-05-17 11:00:00+05:30,1711.5,1714.0,1709.05,1709.05,2088
2024-05-17 11:15:00+05:30,1709.05,1709.95,1701.25,1703.05,5047
2024-05-17 11:30:00+05:30,1703.05,1714.2,1701.2,1712.6,8245
2024-05-17 11:45:00+05:30,1712.6,1741.85,1712.5,1737.0,15818
2024-05-17 12:00:00+05:30,1737.0,1747.95,1733.4,1744.25,18481
2024-05-17 12:15:00+05:30,1744.25,1756.2,1742.0,1756.0,18567
2024-05-17 12:30:00+05:30,1755.95,1757.55,1749.0,1755.45,8747
2024-05-17 12:45:00+05:30,1756.85,1756.85,1750.05,1750.7,2938
2024-05-17 13:00:00+05:30,1751.75,1751.75,1732.3,1733.05,8127
2024-05-17 13:15:00+05:30,1733.05,1740.0,1728.1,1733.0,2981
2024-05-17 13:30:00+05:30,1733.0,1733.0,1726.75,1729.9,3545
2024-05-17 13:45:00+05:30,1729.9,1730.75,1721.0,1723.0,6564
2024-05-17 14:00:00+05:30,1723.0,1732.3,1720.0,1732.3,3243
2024-05-17 14:15:00+05:30,1731.3,1735.45,1723.3,1727.5,4061
2024-05-17 14:30:00+05:30,1726.55,1730.0,1723.5,1723.5,1595
2024-05-17 14:45:00+05:30,1723.5,1744.4,1723.5,1739.25,8818
2024-05-17 15:00:00+05:30,1739.25,1740.0,1732.55,1735.75,4957
2024-05-17 15:15:00+05:30,1735.75,1738.4,1729.05,1733.1,7598
2024-05-17 15:30:00+05:30,1733.1,1736.05,1720.05,1725.35,9907
2024-05-18 09:30:00+05:30,1748.8,1748.8,1735.0,1735.4,1960
2024-05-18 09:45:00+05:30,1735.4,1737.9,1729.05,1732.7,1046
2024-05-18 10:00:00+05:30,1732.7,1733.35,1680.0,1714.75,5613
2024-05-18 11:45:00+05:30,1715.0,1723.0,1705.05,1718.0,1690
2024-05-18 12:00:00+05:30,1718.0,1724.9,1716.7,1718.25,1581
2024-05-18 12:15:00+05:30,1719.95,1727.9,1717.95,1724.5,1981
2024-05-18 12:30:00+05:30,1725.0,1728.3,1717.0,1717.0,2374
2024-05-21 09:30:00+05:30,1722.65,1726.05,1705.0,1713.45,8069
2024-05-21 09:45:00+05:30,1711.95,1714.95,1698.15,1706.8,12618
2024-05-21 10:00:00+05:30,1702.0,1707.65,1700.05,1701.2,6591
2024-05-21 10:15:00+05:30,1701.2,1703.9,1700.05,1701.55,3162
2024-05-21 10:30:00+05:30,1702.85,1703.0,1696.05,1698.0,4545
2024-05-21 10:45:00+05:30,1699.15,1700.95,1696.0,1697.45,3339
2024-05-21 11:00:00+05:30,1697.45,1704.55,1696.05,1704.5,3062
2024-05-21 11:15:00+05:30,1704.5,1704.55,1700.05,1701.5,2157
2024-05-21 11:30:00+05:30,1701.5,1703.0,1698.0,1700.0,3002
2024-05-21 11:45:00+05:30,1700.0,1702.4,1697.25,1699.9,2022
2024-05-21 12:00:00+05:30,1699.65,1700.0,1690.05,1692.75,6784
2024-05-21 12:15:00+05:30,1692.75,1695.5,1690.0,1695.5,2133
2024-05-21 12:30:00+05:30,1695.5,1697.0,1690.5,1692.35,1756
2024-05-21 12:45:00+05:30,1692.35,1693.4,1690.55,1691.8,1473
2024-05-21 13:00:00+05:30,1693.05,1697.8,1692.0,1695.5,2132
2024-05-21 13:15:00+05:30,1695.8,1695.9,1691.4,1694.4,1108
2024-05-21 13:30:00+05:30,1694.4,1694.55,1691.5,1691.75,1080
2024-05-21 13:45:00+05:30,1693.0,1693.95,1690.15,1692.15,1694
2024-05-21 14:00:00+05:30,1692.15,1693.0,1688.0,1691.55,3764
2024-05-21 14:15:00+05:30,1691.5,1693.35,1688.0,1689.4,2136
2024-05-21 14:30:00+05:30,1689.4,1692.05,1688.0,1689.95,2625
2024-05-21 14:45:00+05:30,1689.95,1691.0,1687.0,1690.8,3189
2024-05-21 15:00:00+05:30,1690.8,1699.95,1689.0,1696.6,4354
2024-05-21 15:15:00+05:30,1696.4,1703.0,1692.1,1695.5,6453
2024-05-21 15:30:00+05:30,1695.65,1698.0,1690.0,1691.95,6754
2024-05-22 09:30:00+05:30,1694.05,1695.55,1674.8,1679.0,9164
2024-05-22 09:45:00+05:30,1679.0,1694.45,1674.0,1675.45,12078
2024-05-22 10:00:00+05:30,1675.45,1697.95,1674.1,1696.9,4891
2024-05-22 10:15:00+05:30,1696.9,1708.7,1695.0,1704.45,6872
2024-05-22 10:30:00+05:30,1704.75,1704.75,1694.15,1698.35,2721
2024-05-22 10:45:00+05:30,1698.35,1704.9,1693.2,1697.65,3486
2024-05-22 11:00:00+05:30,1698.4,1698.45,1693.1,1696.45,446
2024-05-22 11:15:00+05:30,1696.45,1698.15,1694.0,1697.0,1755
2024-05-22 11:30:00+05:30,1697.0,1703.05,1695.65,1697.0,1781
2024-05-22 11:45:00+05:30,1697.0,1699.45,1694.6,1695.0,1267
2024-05-22 12:00:00+05:30,1695.0,1695.9,1691.15,1695.0,3012
2024-05-22 12:15:00+05:30,1695.0,1695.5,1691.5,1694.75,932
2024-05-22 12:30:00+05:30,1694.75,1695.95,1692.0,1692.0,1779
2024-05-22 12:45:00+05:30,1692.0,1693.35,1690.55,1692.0,1425
2024-05-22 13:00:00+05:30,1692.65,1695.2,1691.55,1693.0,2684
2024-05-22 13:15:00+05:30,1693.0,1701.8,1691.0,1699.15,3704
2024-05-22 13:30:00+05:30,1699.15,1707.0,1697.55,1704.95,4233
2024-05-22 13:45:00+05:30,1704.35,1706.9,1699.95,1702.0,1412
2024-05-22 14:00:00+05:30,1702.0,1702.75,1697.25,1699.95,2623
2024-05-22 14:15:00+05:30,1699.95,1700.0,1697.0,1698.9,2958
2024-05-22 14:30:00+05:30,1698.9,1700.0,1696.05,1698.85,1467
2024-05-22 14:45:00+05:30,1698.85,1699.0,1692.4,1695.6,2271
2024-05-22 15:00:00+05:30,1695.6,1696.75,1693.05,1695.0,2637
2024-05-22 15:15:00+05:30,1694.8,1708.0,1692.0,1703.5,13580
2024-05-22 15:30:00+05:30,1702.55,1710.0,1694.0,1694.95,15399
2024-05-23 09:30:00+05:30,1702.0,1702.75,1692.2,1695.1,1875
2024-05-23 09:45:00+05:30,1697.8,1699.3,1692.0,1696.3,1593
2024-05-23 10:00:00+05:30,1698.85,1700.0,1693.0,1695.6,1016
2024-05-23 10:15:00+05:30,1695.6,1695.75,1692.0,1694.6,1338
2024-05-23 10:30:00+05:30,1694.25,1694.9,1692.0,1692.3,1302
2024-05-23 10:45:00+05:30,1692.3,1698.0,1692.3,1694.05,799
2024-05-23 11:00:00+05:30,1694.05,1694.05,1687.0,1689.0,2973
2024-05-23 11:15:00+05:30,1690.0,1692.0,1687.0,1688.75,864
2024-05-23 11:30:00+05:30,1688.75,1691.2,1687.95,1690.4,1057
2024-05-23 11:45:00+05:30,1690.4,1690.95,1688.25,1689.5,1521
2024-05-23 12:00:00+05:30,1688.35,1690.9,1682.95,1690.6,2699
2024-05-23 12:15:00+05:30,1690.6,1690.6,1687.65,1689.6,273
2024-05-23 12:30:00+05:30,1689.6,1692.95,1684.35,1687.1,5179
2024-05-23 12:45:00+05:30,1687.8,1688.8,1681.85,1686.7,3823
2024-05-23 13:00:00+05:30,1686.7,1687.2,1682.1,1684.15,1134
2024-05-23 13:15:00+05:30,1684.15,1685.6,1681.2,1683.85,1666
2024-05-23 13:30:00+05:30,1683.85,1683.9,1677.0,1679.15,3198
2024-05-23 13:45:00+05:30,1679.9,1681.1,1677.0,1680.0,1784
2024-05-23 14:00:00+05:30,1680.0,1681.0,1676.0,1678.35,3305
2024-05-23 14:15:00+05:30,1678.35,1680.0,1676.2,1678.8,1773
2024-05-23 14:30:00+05:30,1678.8,1681.35,1676.7,1677.25,1388
2024-05-23 14:45:00+05:30,1677.25,1680.95,1677.0,1679.65,1607
2024-05-23 15:00:00+05:30,1679.65,1679.65,1675.05,1678.2,2959
2024-05-23 15:15:00+05:30,1678.6,1693.3,1677.6,1693.25,18363
2024-05-23 15:30:00+05:30,1689.55,1693.0,1678.0,1686.0,17784
2024-05-24 09:30:00+05:30,1679.05,1685.7,1675.05,1681.45,4214
2024-05-24 09:45:00+05:30,1680.0,1688.6,1674.0,1679.05,5853
2024-05-24 10:00:00+05:30,1679.05,1681.05,1676.45,1678.65,2543
2024-05-24 10:15:00+05:30,1677.15,1677.95,1673.8,1674.0,3141
2024-05-24 10:30:00+05:30,1674.0,1674.4,1671.65,1672.0,1532
2024-05-24 10:45:00+05:30,1672.0,1673.0,1659.0,1660.95,8202
2024-05-24 11:00:00+05:30,1661.35,1661.8,1654.0,1655.7,11955
2024-05-24 11:15:00+05:30,1655.7,1656.95,1647.65,1648.05,15155
2024-05-24 11:30:00+05:30,1648.05,1649.95,1645.0,1646.3,11845
2024-05-24 11:45:00+05:30,1646.65,1648.0,1642.0,1644.1,12219
2024-05-24 12:00:00+05:30,1643.6,1645.2,1635.2,1635.45,14665
2024-05-24 12:15:00+05:30,1635.4,1638.5,1631.85,1634.95,16190
2024-05-24 12:30:00+05:30,1634.1,1637.55,1630.2,1635.25,18033
2024-05-24 12:45:00+05:30,1637.9,1647.7,1635.4,1644.5,9685
2024-05-24 13:00:00+05:30,1644.7,1653.0,1643.05,1647.8,11117
2024-05-24 13:15:00+05:30,1647.55,1651.65,1642.6,1643.5,5039
2024-05-24 13:30:00+05:30,1643.4,1646.75,1643.0,1643.75,3999
2024-05-24 13:45:00+05:30,1644.0,1653.65,1641.2,1650.7,5030
2024-05-24 14:00:00+05:30,1650.7,1652.95,1645.45,1648.85,4082
2024-05-24 14:15:00+05:30,1649.5,1651.0,1648.05,1649.8,9027
2024-05-24 14:30:00+05:30,1650.85,1656.4,1648.3,1653.85,11773
2024-05-24 14:45:00+05:30,1653.35,1654.75,1649.55,1651.9,5295
2024-05-24 15:00:00+05:30,1653.8,1655.15,1650.75,1654.1,6740
2024-05-24 15:15:00+05:30,1655.0,1655.0,1645.0,1645.5,12063
2024-05-24 15:30:00+05:30,1647.0,1647.5,1635.5,1646.0,14976
2024-05-27 09:30:00+05:30,1640.0,1660.05,1635.1,1650.5,10762
2024-05-27 09:45:00+05:30,1650.5,1663.95,1646.0,1648.45,5393
2024-05-27 10:00:00+05:30,1648.45,1648.45,1640.0,1646.4,4002
2024-05-27 10:15:00+05:30,1646.4,1652.95,1642.1,1646.15,1946
2024-05-27 10:30:00+05:30,1646.15,1652.0,1646.15,1650.0,826
2024-05-27 10:45:00+05:30,1650.0,1650.0,1640.0,1640.1,3466
2024-05-27 11:00:00+05:30,1640.1,1641.6,1625.05,1626.5,9613
2024-05-27 11:15:00+05:30,1626.5,1628.0,1621.5,1621.6,9606
2024-05-27 11:30:00+05:30,1621.6,1630.75,1621.5,1623.0,7733
2024-05-27 11:45:00+05:30,1622.95,1624.8,1617.1,1619.75,9067
2024-05-27 12:00:00+05:30,1619.75,1625.65,1618.0,1623.6,9043
2024-05-27 12:15:00+05:30,1623.6,1625.65,1620.7,1623.1,8082
2024-05-27 12:30:00+05:30,1623.1,1631.85,1621.8,1626.75,10097
2024-05-27 12:45:00+05:30,1626.8,1646.0,1626.8,1641.0,9631
2024-05-27 13:00:00+05:30,1641.0,1644.95,1637.85,1643.3,2649
2024-05-27 13:15:00+05:30,1643.3,1643.5,1636.05,1637.45,1250
2024-05-27 13:30:00+05:30,1637.45,1638.9,1631.8,1634.55,4228
2024-05-27 13:45:00+05:30,1634.55,1636.4,1633.9,1634.55,965
2024-05-27 14:00:00+05:30,1634.55,1637.2,1634.1,1635.5,1133
2024-05-27 14:15:00+05:30,1635.5,1636.95,1631.45,1634.95,1910
2024-05-27 14:30:00+05:30,1634.95,1638.0,1634.95,1636.1,1391
2024-05-27 14:45:00+05:30,1636.1,1638.95,1630.45,1632.9,5141
2024-05-27 15:00:00+05:30,1632.9,1637.0,1631.05,1636.5,3333
2024-05-27 15:15:00+05:30,1636.2,1636.2,1630.1,1632.85,3031
2024-05-27 15:30:00+05:30,1632.8,1640.0,1630.05,1632.2,7317
2024-05-28 09:30:00+05:30,1635.0,1645.05,1633.05,1637.65,4393
2024-05-28 09:45:00+05:30,1635.45,1636.95,1629.45,1633.5,3866
2024-05-28 10:00:00+05:30,1633.5,1635.2,1630.0,1632.0,1732
2024-05-28 10:15:00+05:30,1633.9,1635.05,1622.0,1625.3,3195
2024-05-28 10:30:00+05:30,1625.3,1631.85,1625.3,1629.75,1500
2024-05-28 10:45:00+05:30,1629.75,1631.6,1626.05,1629.65,2092
2024-05-28 11:00:00+05:30,1629.65,1632.4,1628.3,1630.25,2124
2024-05-28 11:15:00+05:30,1628.8,1630.3,1626.6,1627.3,392
2024-05-28 11:30:00+05:30,1627.3,1629.95,1626.0,1626.95,645
2024-05-28 11:45:00+05:30,1626.0,1628.95,1626.0,1626.2,804
2024-05-28 12:00:00+05:30,1626.2,1628.75,1622.1,1622.3,2255
2024-05-28 12:15:00+05:30,1622.0,1623.7,1621.5,1623.6,393
2024-05-28 12:30:00+05:30,1623.6,1623.7,1620.0,1622.05,2430
2024-05-28 12:45:00+05:30,1622.05,1622.8,1617.4,1620.3,2020
2024-05-28 13:00:00+05:30,1620.3,1624.85,1617.4,1622.6,2511
2024-05-28 13:15:00+05:30,1622.6,1631.95,1622.6,1626.6,3391
2024-05-28 13:30:00+05:30,1626.6,1627.85,1624.1,1626.8,1529
2024-05-28 13:45:00+05:30,1626.8,1627.45,1620.9,1625.85,2315
2024-05-28 14:00:00+05:30,1625.85,1628.3,1625.65,1627.05,908
2024-05-28 14:15:00+05:30,1627.05,1637.2,1625.15,1635.85,3688
2024-05-28 14:30:00+05:30,1635.85,1635.85,1629.3,1633.15,2083
2024-05-28 14:45:00+05:30,1633.15,1634.25,1629.1,1629.1,2253
2024-05-28 15:00:00+05:30,1629.1,1632.05,1621.85,1622.6,3860
2024-05-28 15:15:00+05:30,1623.65,1627.45,1622.0,1625.05,8148
2024-05-28 15:30:00+05:30,1625.05,1628.95,1614.0,1620.3,13156
2024-05-29 09:30:00+05:30,1622.0,1622.0,1609.0,1610.25,6536
2024-05-29 09:45:00+05:30,1610.25,1622.0,1610.25,1616.2,4936
2024-05-29 10:00:00+05:30,1616.2,1618.55,1614.55,1618.55,1662
2024-05-29 10:15:00+05:30,1617.0,1619.65,1613.95,1619.65,1624
2024-05-29 10:30:00+05:30,1619.55,1619.9,1616.0,1619.15,831
2024-05-29 10:45:00+05:30,1619.15,1625.0,1618.2,1622.6,1157
2024-05-29 11:00:00+05:30,1622.6,1622.6,1617.1,1620.0,1275
2024-05-29 11:15:00+05:30,1620.0,1621.35,1618.2,1620.15,803
2024-05-29 11:30:00+05:30,1620.25,1620.95,1618.3,1620.15,998
2024-05-29 11:45:00+05:30,1621.0,1621.0,1616.2,1619.55,1674
2024-05-29 12:00:00+05:30,1619.55,1620.5,1613.0,1617.35,2927
2024-05-29 12:15:00+05:30,1617.35,1620.2,1614.0,1618.2,2953
2024-05-29 12:30:00+05:30,1617.95,1619.85,1615.05,1619.3,1347
2024-05-29 12:45:00+05:30,1619.3,1619.3,1612.0,1618.2,7985
2024-05-29 13:00:00+05:30,1618.2,1618.2,1609.9,1612.3,9754
2024-05-29 13:15:00+05:30,1612.9,1614.95,1611.9,1614.35,850
2024-05-29 13:30:00+05:30,1614.35,1614.5,1610.1,1613.85,1451
2024-05-29 13:45:00+05:30,1612.3,1614.0,1610.05,1612.95,1131
2024-05-29 14:00:00+05:30,1613.35,1613.8,1610.6,1612.0,895
2024-05-29 14:15:00+05:30,1612.0,1613.75,1610.5,1613.75,1587
2024-05-29 14:30:00+05:30,1613.8,1615.0,1609.55,1612.6,3652
2024-05-29 14:45:00+05:30,1612.6,1613.0,1609.1,1610.0,1757
2024-05-29 15:00:00+05:30,1610.0,1612.9,1608.0,1609.4,2817
2024-05-29 15:15:00+05:30,1609.4,1613.0,1607.85,1611.15,3653
2024-05-29 15:30:00+05:30,1611.15,1613.95,1605.05,1605.05,9346
2024-05-30 09:30:00+05:30,1609.7,1616.8,1603.05,1610.9,6538
2024-05-30 09:45:00+05:30,1610.85,1614.95,1606.0,1611.25,5041
2024-05-30 10:00:00+05:30,1612.85,1613.0,1608.25,1609.05,1915
2024-05-30 10:15:00+05:30,1610.65,1611.95,1608.25,1609.8,2145
2024-05-30 10:30:00+05:30,1609.8,1616.0,1608.25,1615.1,2373
2024-05-30 10:45:00+05:30,1615.1,1615.1,1607.65,1612.0,2415
2024-05-30 11:00:00+05:30,1612.0,1614.7,1610.15,1612.0,2546
2024-05-30 11:15:00+05:30,1612.0,1612.5,1610.5,1610.5,1686
2024-05-30 11:30:00+05:30,1610.5,1611.6,1606.05,1607.15,2834
2024-05-30 11:45:00+05:30,1607.15,1609.25,1595.0,1598.65,11540
2024-05-30 12:00:00+05:30,1598.65,1600.0,1590.0,1590.65,8671
2024-05-30 12:15:00+05:30,1590.65,1599.6,1589.0,1596.95,7368
2024-05-30 12:30:00+05:30,1596.9,1598.9,1592.7,1598.1,1740
2024-05-30 12:45:00+05:30,1598.1,1599.45,1596.15,1599.05,1477
2024-05-30 13:00:00+05:30,1599.05,1599.9,1597.05,1599.45,1447
2024-05-30 13:15:00+05:30,1599.45,1599.45,1594.0,1596.0,1089
2024-05-30 13:30:00+05:30,1596.0,1597.85,1595.0,1596.75,675
2024-05-30 13:45:00+05:30,1596.75,1598.4,1593.2,1594.55,1587
2024-05-30 14:00:00+05:30,1594.55,1594.95,1592.0,1594.4,2081
2024-05-30 14:15:00+05:30,1594.4,1594.4,1591.25,1593.75,2515
2024-05-30 14:30:00+05:30,1593.55,1594.55,1592.0,1592.0,1133
2024-05-30 14:45:00+05:30,1592.0,1592.9,1582.25,1584.0,13593
2024-05-30 15:00:00+05:30,1584.0,1586.95,1572.0,1574.65,6365
2024-05-30 15:15:00+05:30,1574.65,1587.9,1573.05,1577.2,12115
2024-05-30 15:30:00+05:30,1577.2,1585.15,1575.05,1580.0,16812
2024-05-31 09:30:00+05:30,1580.0,1592.9,1579.45,1587.25,8744
2024-05-31 09:45:00+05:30,1587.25,1590.4,1574.8,1578.2,7392
2024-05-31 10:00:00+05:30,1579.4,1579.8,1570.1,1571.45,1962
2024-05-31 10:15:00+05:30,1570.0,1574.5,1566.0,1574.35,2798
2024-05-31 10:30:00+05:30,1574.35,1577.7,1571.0,1574.4,5902
2024-05-31 10:45:00+05:30,1574.4,1577.25,1572.1,1576.85,2781
2024-05-31 11:00:00+05:30,1576.85,1581.0,1576.5,1577.0,1712
2024-05-31 11:15:00+05:30,1577.75,1580.0,1573.1,1580.0,2468
2024-05-31 11:30:00+05:30,1580.0,1580.0,1575.5,1578.55,2460
2024-05-31 11:45:00+05:30,1578.55,1579.95,1565.0,1567.05,12031
2024-05-31 12:00:00+05:30,1567.05,1570.35,1555.0,1570.0,17596
2024-05-31 12:15:00+05:30,1570.35,1573.0,1566.9,1571.15,14882
2024-05-31 12:30:00+05:30,1571.15,1571.95,1568.05,1570.0,11038
2024-05-31 12:45:00+05:30,1570.0,1571.7,1562.1,1566.7,14243
2024-05-31 13:00:00+05:30,1566.7,1567.4,1556.05,1556.55,12215
2024-05-31 13:15:00+05:30,1556.55,1562.0,1555.0,1557.55,13209
2024-05-31 13:30:00+05:30,1557.55,1562.3,1554.0,1556.3,13889
2024-05-31 13:45:00+05:30,1556.3,1558.5,1552.0,1553.35,14300
2024-05-31 14:00:00+05:30,1553.95,1569.8,1552.35,1563.15,17118
2024-05-31 14:15:00+05:30,1563.15,1564.6,1558.35,1564.35,13522
2024-05-31 14:30:00+05:30,1563.8,1570.9,1561.35,1567.0,15129
2024-05-31 14:45:00+05:30,1568.0,1571.55,1565.0,1570.15,11902
2024-05-31 15:00:00+05:30,1570.15,1586.95,1570.15,1584.95,22800
2024-05-31 15:15:00+05:30,1586.9,1586.9,1570.0,1578.35,20841
2024-05-31 15:30:00+05:30,1578.8,1585.0,1568.0,1583.35,20621
2024-06-03 09:30:00+05:30,1593.0,1621.0,1583.35,1592.0,20472
2024-06-03 09:45:00+05:30,1592.65,1603.1,1590.1,1599.1,11273
2024-06-03 10:00:00+05:30,1598.15,1600.0,1596.5,1598.8,5589
2024-06-03 10:15:00+05:30,1598.8,1602.45,1596.1,1598.85,7513
2024-06-03 10:30:00+05:30,1598.05,1605.0,1596.05,1598.1,12265
2024-06-03 10:45:00+05:30,1598.25,1609.8,1598.25,1604.0,5023
2024-06-03 11:00:00+05:30,1604.0,1608.55,1600.75,1603.15,6414
2024-06-03 11:15:00+05:30,1603.45,1606.0,1600.0,1605.65,8426
2024-06-03 11:30:00+05:30,1606.0,1613.95,1604.05,1609.05,4856
2024-06-03 11:45:00+05:30,1609.05,1613.15,1607.7,1613.15,3449
2024-06-03 12:00:00+05:30,1613.95,1615.0,1608.15,1612.65,3200
2024-06-03 12:15:00+05:30,1613.15,1614.0,1608.05,1610.85,4211
2024-06-03 12:30:00+05:30,1612.25,1614.3,1610.4,1611.95,2045
2024-06-03 12:45:00+05:30,1612.6,1618.0,1610.85,1615.0,5011
2024-06-03 13:00:00+05:30,1615.0,1616.85,1610.05,1613.9,3271
2024-06-03 13:15:00+05:30,1614.2,1615.85,1611.8,1613.9,1890
2024-06-03 13:30:00+05:30,1613.9,1617.0,1611.8,1617.0,2805
2024-06-03 13:45:00+05:30,1617.25,1618.95,1610.7,1616.7,5652
2024-06-03 14:00:00+05:30,1616.75,1618.5,1613.8,1616.75,2585
2024-06-03 14:15:00+05:30,1616.7,1617.45,1613.05,1616.2,2147
2024-06-03 14:30:00+05:30,1616.0,1619.75,1613.75,1617.6,3068
2024-06-03 14:45:00+05:30,1617.25,1620.0,1613.4,1617.0,4881
2024-06-03 15:00:00+05:30,1616.95,1619.0,1613.5,1618.0,4672
2024-06-03 15:15:00+05:30,1616.7,1620.0,1612.55,1614.8,9805
2024-06-03 15:30:00+05:30,1614.95,1619.0,1614.95,1617.0,7956
2024-06-04 09:30:00+05:30,1627.95,1630.0,1562.0,1563.2,11377
2024-06-04 09:45:00+05:30,1563.2,1595.8,1555.75,1593.15,9179
2024-06-04 10:00:00+05:30,1593.15,1604.85,1588.7,1604.7,3790
2024-06-04 10:15:00+05:30,1604.7,1609.65,1592.7,1595.3,4285
2024-06-04 10:30:00+05:30,1595.3,1599.6,1590.0,1598.4,2845
2024-06-04 10:45:00+05:30,1598.4,1599.75,1587.15,1587.15,1122
2024-06-04 11:00:00+05:30,1587.15,1587.15,1554.1,1557.35,10542
2024-06-04 11:15:00+05:30,1555.7,1559.95,1528.05,1537.45,12601
2024-06-04 11:30:00+05:30,1537.25,1546.1,1526.7,1546.1,10906
2024-06-04 11:45:00+05:30,1544.9,1547.9,1542.4,1546.1,3059
2024-06-04 12:00:00+05:30,1546.1,1546.1,1535.0,1535.0,3448
2024-06-04 12:15:00+05:30,1535.0,1536.95,1491.2,1493.2,8942
2024-06-04 12:30:00+05:30,1493.2,1495.0,1439.45,1441.9,17714
2024-06-04 12:45:00+05:30,1442.75,1495.75,1429.85,1493.0,25045
2024-06-04 13:00:00+05:30,1493.0,1525.0,1488.0,1520.9,14807
2024-06-04 13:15:00+05:30,1522.5,1535.05,1512.3,1519.25,26217
2024-06-04 13:30:00+05:30,1518.65,1554.65,1505.0,1549.0,22102
2024-06-04 13:45:00+05:30,1550.05,1573.1,1545.2,1563.2,22871
2024-06-04 14:00:00+05:30,1563.2,1575.0,1560.0,1568.1,7929
2024-06-04 14:15:00+05:30,1570.0,1570.2,1560.0,1568.4,6529
2024-06-04 14:30:00+05:30,1568.4,1573.75,1564.6,1567.0,5097
2024-06-04 14:45:00+05:30,1567.0,1569.95,1558.7,1562.05,15137
2024-06-04 15:00:00+05:30,1562.05,1567.95,1559.7,1560.1,9732
2024-06-04 15:15:00+05:30,1560.1,1570.0,1560.0,1569.5,5002
2024-06-04 15:30:00+05:30,1569.5,1610.0,1563.0,1569.3,15142
2024-06-05 09:30:00+05:30,1572.1,1660.0,1572.1,1628.7,63022
2024-06-05 09:45:00+05:30,1628.7,1635.0,1605.15,1619.9,20105
2024-06-05 10:00:00+05:30,1618.2,1635.75,1606.0,1626.1,19975
2024-06-05 10:15:00+05:30,1627.4,1642.8,1626.2,1635.4,21063
2024-06-05 10:30:00+05:30,1634.7,1657.15,1632.9,1654.0,26444
2024-06-05 10:45:00+05:30,1654.0,1677.8,1651.95,1677.8,37943
2024-06-05 11:00:00+05:30,1677.8,1697.6,1672.75,1696.0,56414
2024-06-05 11:15:00+05:30,1696.0,1709.95,1685.65,1708.05,56405
2024-06-05 11:30:00+05:30,1708.05,1708.05,1692.65,1705.0,282859
2024-06-05 11:45:00+05:30,1703.8,1707.0,1695.55,1700.15,41002
2024-06-05 12:00:00+05:30,1700.15,1706.4,1697.3,1705.65,22791
2024-06-05 12:15:00+05:30,1704.75,1719.0,1685.65,1707.55,51000
2024-06-05 12:30:00+05:30,1707.9,1713.95,1700.0,1710.9,30715
2024-06-05 12:45:00+05:30,1710.9,1712.0,1704.7,1710.2,21859
2024-06-05 13:00:00+05:30,1710.2,1711.8,1702.3,1710.1,19916
2024-06-05 13:15:00+05:30,1710.15,1711.65,1707.2,1710.0,12889
2024-06-05 13:30:00+05:30,1710.0,1725.0,1707.0,1716.55,38382
2024-06-05 13:45:00+05:30,1716.35,1721.0,1705.05,1711.0,47602
2024-06-05 14:00:00+05:30,1710.65,1715.1,1707.8,1710.8,11590
2024-06-05 14:15:00+05:30,1710.0,1712.75,1705.2,1710.0,14037
2024-06-05 14:30:00+05:30,1710.0,1715.0,1708.75,1710.0,19151
2024-06-05 14:45:00+05:30,1710.0,1717.8,1705.4,1713.65,25719
2024-06-05 15:00:00+05:30,1712.6,1717.8,1706.0,1710.1,30426
2024-06-05 15:15:00+05:30,1710.1,1716.05,1708.8,1709.95,15157
2024-06-05 15:30:00+05:30,1710.25,1714.0,1701.4,1712.0,26780
2024-06-06 09:30:00+05:30,1727.0,1727.0,1704.4,1714.2,21243
2024-06-06 09:45:00+05:30,1715.0,1716.95,1708.1,1709.95,10541
2024-06-06 10:00:00+05:30,1709.95,1709.95,1691.1,1702.35,28460
2024-06-06 10:15:00+05:30,1702.3,1703.15,1693.05,1699.05,20836
2024-06-06 10:30:00+05:30,1699.05,1700.6,1691.0,1694.95,44610
2024-06-06 10:45:00+05:30,1692.6,1704.9,1692.6,1704.9,26004
2024-06-06 11:00:00+05:30,1704.9,1720.7,1702.0,1708.85,24405
2024-06-06 11:15:00+05:30,1708.85,1713.65,1706.85,1707.65,7944
2024-06-06 11:30:00+05:30,1707.65,1710.0,1703.5,1707.8,10050
2024-06-06 11:45:00+05:30,1707.8,1709.15,1700.0,1702.0,14220
2024-06-06 12:00:00+05:30,1702.0,1702.0,1699.65,1701.5,10976
2024-06-06 12:15:00+05:30,1701.5,1701.85,1699.15,1700.8,3979
2024-06-06 12:30:00+05:30,1700.5,1705.0,1698.3,1700.5,7227
2024-06-06 12:45:00+05:30,1700.5,1702.0,1697.15,1700.0,4961
2024-06-06 13:00:00+05:30,1700.0,1701.75,1697.0,1699.75,3962
2024-06-06 13:15:00+05:30,1699.75,1702.0,1697.7,1700.6,10113
2024-06-06 13:30:00+05:30,1700.6,1702.4,1698.15,1700.8,11657
2024-06-06 13:45:00+05:30,1700.8,1702.0,1699.9,1700.9,5416
2024-06-06 14:00:00+05:30,1700.9,1702.0,1699.1,1700.0,6038
2024-06-06 14:15:00+05:30,1700.0,1700.55,1695.0,1698.3,10858
2024-06-06 14:30:00+05:30,1698.3,1698.7,1697.1,1697.1,7274
2024-06-06 14:45:00+05:30,1698.7,1699.8,1687.85,1699.8,28165
2024-06-06 15:00:00+05:30,1699.0,1699.0,1690.0,1690.0,18720
2024-06-06 15:15:00+05:30,1690.0,1699.7,1689.45,1697.0,8054
2024-06-06 15:30:00+05:30,1696.95,1697.0,1691.1,1695.0,14815
2024-06-07 09:30:00+05:30,1708.0,1714.15,1699.55,1713.95,23948
2024-06-07 09:45:00+05:30,1712.25,1715.0,1710.05,1713.4,13021
2024-06-07 10:00:00+05:30,1713.4,1720.0,1711.35,1720.0,13477
2024-06-07 10:15:00+05:30,1720.0,1722.0,1710.1,1713.1,16002
2024-06-07 10:30:00+05:30,1713.1,1716.75,1705.0,1712.3,8133
2024-06-07 10:45:00+05:30,1712.3,1714.5,1706.9,1709.6,2659
2024-06-07 11:00:00+05:30,1709.6,1713.85,1708.1,1712.1,4574
2024-06-07 11:15:00+05:30,1713.45,1715.0,1710.1,1713.55,3338
2024-06-07 11:30:00+05:30,1713.55,1715.0,1712.0,1714.1,5316
2024-06-07 11:45:00+05:30,1714.1,1714.9,1710.0,1713.55,3018
2024-06-07 12:00:00+05:30,1713.55,1714.75,1712.25,1712.65,1236
2024-06-07 12:15:00+05:30,1712.35,1717.45,1708.8,1711.35,26808
2024-06-07 12:30:00+05:30,1712.85,1734.95,1710.4,1730.8,44784
2024-06-07 12:45:00+05:30,1730.8,1732.15,1722.05,1730.5,19120
2024-06-07 13:00:00+05:30,1730.5,1732.2,1726.6,1728.65,16033
2024-06-07 13:15:00+05:30,1728.65,1729.95,1724.0,1727.05,8418
2024-06-07 13:30:00+05:30,1728.0,1729.5,1723.15,1728.0,6575
2024-06-07 13:45:00+05:30,1728.0,1734.4,1727.6,1731.5,15761
2024-06-07 14:00:00+05:30,1731.4,1734.6,1729.5,1730.75,7610
2024-06-07 14:15:00+05:30,1730.2,1732.9,1721.05,1722.55,24724
2024-06-07 14:30:00+05:30,1722.55,1725.0,1721.35,1722.45,6319
2024-06-07 14:45:00+05:30,1722.0,1726.25,1717.15,1719.9,11612
2024-06-07 15:00:00+05:30,1720.0,1723.0,1718.05,1721.1,10865
2024-06-07 15:15:00+05:30,1721.25,1723.95,1715.3,1720.75,10440
2024-06-07 15:30:00+05:30,1720.75,1722.0,1711.5,1714.0,15827
2024-06-10 09:30:00+05:30,1728.8,1737.95,1720.05,1727.9,13863
2024-06-10 09:45:00+05:30,1725.25,1728.15,1715.0,1720.45,6035
2024-06-10 10:00:00+05:30,1720.45,1724.75,1712.0,1714.75,6607
2024-06-10 10:15:00+05:30,1713.0,1719.6,1708.5,1711.5,5135
2024-06-10 10:30:00+05:30,1711.5,1711.6,1705.0,1708.4,6262
2024-06-10 10:45:00+05:30,1708.1,1709.95,1704.0,1705.15,4340
2024-06-10 11:00:00+05:30,1706.6,1707.95,1704.25,1706.45,4467
2024-06-10 11:15:00+05:30,1706.75,1707.85,1701.1,1701.35,4437
2024-06-10 11:30:00+05:30,1701.9,1705.0,1701.0,1703.25,3453
2024-06-10 11:45:00+05:30,1703.25,1713.0,1701.5,1704.3,5721
2024-06-10 12:00:00+05:30,1704.3,1706.5,1702.0,1703.0,2786
2024-06-10 12:15:00+05:30,1703.0,1706.1,1696.0,1696.0,4334
2024-06-10 12:30:00+05:30,1696.0,1700.0,1696.0,1696.4,3701
2024-06-10 12:45:00+05:30,1697.95,1698.55,1692.05,1698.0,3928
2024-06-10 13:00:00+05:30,1698.2,1699.15,1693.0,1695.65,5228
2024-06-10 13:15:00+05:30,1696.6,1704.65,1696.6,1701.95,3394
2024-06-10 13:30:00+05:30,1701.95,1704.0,1700.7,1703.75,2208
2024-06-10 13:45:00+05:30,1703.75,1703.8,1700.6,1702.05,2196
2024-06-10 14:00:00+05:30,1702.05,1703.8,1701.2,1703.0,1201
2024-06-10 14:15:00+05:30,1703.0,1703.95,1701.65,1703.95,769
2024-06-10 14:30:00+05:30,1703.8,1703.95,1697.0,1697.0,2526
2024-06-10 14:45:00+05:30,1697.95,1700.0,1692.0,1697.0,3945
2024-06-10 15:00:00+05:30,1697.0,1712.9,1696.6,1712.0,11013
2024-06-10 15:15:00+05:30,1712.0,1714.9,1707.15,1714.9,8883
2024-06-10 15:30:00+05:30,1714.9,1714.9,1702.35,1703.65,7846
2024-06-11 09:30:00+05:30,1714.1,1718.9,1697.45,1699.95,7908
2024-06-11 09:45:00+05:30,1699.95,1699.95,1692.0,1693.15,6094
2024-06-11 10:00:00+05:30,1693.15,1695.4,1693.1,1695.0,6879
2024-06-11 10:15:00+05:30,1695.0,1695.8,1691.1,1691.2,9233
2024-06-11 10:30:00+05:30,1691.15,1693.5,1689.05,1690.0,6821
2024-06-11 10:45:00+05:30,1689.0,1690.0,1689.0,1689.2,6567
2024-06-11 11:00:00+05:30,1689.25,1690.0,1688.15,1688.95,3528
2024-06-11 11:15:00+05:30,1688.95,1690.0,1686.3,1689.7,3842
2024-06-11 11:30:00+05:30,1689.7,1692.0,1688.15,1691.95,5131
2024-06-11 11:45:00+05:30,1691.95,1692.4,1689.15,1691.0,2636
2024-06-11 12:00:00+05:30,1691.0,1692.0,1689.0,1690.0,1506
2024-06-11 12:15:00+05:30,1690.0,1690.0,1689.0,1690.0,4281
2024-06-11 12:30:00+05:30,1689.05,1690.0,1689.0,1689.3,7026
2024-06-11 12:45:00+05:30,1690.0,1690.3,1689.25,1689.25,3438
2024-06-11 13:00:00+05:30,1689.25,1690.1,1689.05,1690.0,1510
2024-06-11 13:15:00+05:30,1690.0,1690.0,1689.0,1690.0,4492
2024-06-11 13:30:00+05:30,1690.0,1690.0,1688.45,1690.0,8153
2024-06-11 13:45:00+05:30,1690.0,1692.1,1688.0,1689.9,4913
2024-06-11 14:00:00+05:30,1689.9,1690.0,1688.65,1690.0,2558
2024-06-11 14:15:00+05:30,1690.0,1690.0,1687.6,1689.85,2222
2024-06-11 14:30:00+05:30,1689.85,1690.2,1687.0,1690.0,4782
2024-06-11 14:45:00+05:30,1690.0,1694.0,1687.8,1693.95,7356
2024-06-11 15:00:00+05:30,1693.95,1694.1,1692.6,1694.0,4626
2024-06-11 15:15:00+05:30,1694.0,1694.0,1687.8,1687.8,7070
2024-06-11 15:30:00+05:30,1687.8,1688.4,1682.35,1684.95,14492
2024-06-12 09:30:00+05:30,1698.85,1698.85,1681.0,1683.75,22749
2024-06-12 09:45:00+05:30,1683.75,1684.75,1680.05,1682.3,5770
2024-06-12 10:00:00+05:30,1682.3,1685.0,1681.25,1684.9,4153
2024-06-12 10:15:00+05:30,1685.0,1685.0,1682.55,1684.6,4354
2024-06-12 10:30:00+05:30,1684.6,1686.0,1681.0,1686.0,5350
2024-06-12 10:45:00+05:30,1686.0,1692.75,1680.95,1692.75,5151
2024-06-12 11:00:00+05:30,1692.0,1697.0,1687.8,1696.0,6553
2024-06-12 11:15:00+05:30,1696.0,1696.2,1692.35,1693.0,1220
2024-06-12 11:30:00+05:30,1693.0,1695.0,1690.0,1691.6,2057
2024-06-12 11:45:00+05:30,1691.6,1695.7,1690.0,1694.9,2106
2024-06-12 12:00:00+05:30,1694.9,1696.95,1691.05,1696.75,2162
2024-06-12 12:15:00+05:30,1696.75,1699.0,1694.75,1698.0,3768
2024-06-12 12:30:00+05:30,1697.9,1701.0,1695.1,1700.25,3392
2024-06-12 12:45:00+05:30,1700.5,1700.7,1697.05,1697.35,1569
2024-06-12 13:00:00+05:30,1697.35,1699.3,1694.5,1698.95,1303
2024-06-12 13:15:00+05:30,1698.95,1700.4,1697.15,1700.0,1878
2024-06-12 13:30:00+05:30,1700.0,1700.0,1698.45,1698.45,535
2024-06-12 13:45:00+05:30,1698.45,1712.45,1697.0,1710.0,6796
2024-06-12 14:00:00+05:30,1708.1,1725.0,1706.35,1716.2,36446
2024-06-12 14:15:00+05:30,1716.15,1722.0,1715.0,1715.55,9590
2024-06-12 14:30:00+05:30,1715.55,1726.0,1712.4,1726.0,12924
2024-06-12 14:45:00+05:30,1725.6,1728.1,1714.5,1714.5,10443
2024-06-12 15:00:00+05:30,1714.85,1724.75,1714.35,1720.3,7365
2024-06-12 15:15:00+05:30,1720.3,1725.0,1717.0,1723.0,7115
2024-06-12 15:30:00+05:30,1723.0,1724.0,1715.1,1720.0,11433
2024-06-13 09:30:00+05:30,1728.0,1747.85,1727.2,1735.0,32172
2024-06-13 09:45:00+05:30,1736.0,1736.95,1726.0,1727.95,12536
2024-06-13 10:00:00+05:30,1726.85,1730.0,1726.15,1729.15,5220
2024-06-13 10:15:00+05:30,1730.0,1730.0,1727.15,1729.4,2650
2024-06-13 10:30:00+05:30,1729.4,1731.5,1728.45,1730.0,6596
2024-06-13 10:45:00+05:30,1730.0,1736.25,1722.0,1731.0,15979
2024-06-13 11:00:00+05:30,1732.55,1733.0,1726.9,1728.5,6551
2024-06-13 11:15:00+05:30,1728.5,1733.0,1728.0,1733.0,6423
2024-06-13 11:30:00+05:30,1733.0,1734.0,1729.0,1729.9,4245
2024-06-13 11:45:00+05:30,1729.9,1731.9,1728.95,1730.0,6616
2024-06-13 12:00:00+05:30,1730.0,1730.0,1728.0,1729.9,2073
2024-06-13 12:15:00+05:30,1729.9,1730.0,1728.45,1730.0,768
2024-06-13 12:30:00+05:30,1730.0,1730.0,1722.35,1726.55,4922
2024-06-13 12:45:00+05:30,1726.55,1728.5,1725.05,1727.8,1174
2024-06-13 13:00:00+05:30,1727.8,1728.5,1721.1,1726.5,3155
2024-06-13 13:15:00+05:30,1726.5,1729.95,1725.05,1725.25,6398
2024-06-13 13:30:00+05:30,1725.25,1728.05,1725.0,1726.15,1642
2024-06-13 13:45:00+05:30,1725.2,1728.95,1725.2,1727.8,3189
2024-06-13 14:00:00+05:30,1728.25,1728.25,1724.5,1725.0,14267
2024-06-13 14:15:00+05:30,1724.5,1724.95,1715.0,1717.85,5849
2024-06-13 14:30:00+05:30,1716.65,1721.75,1716.55,1717.15,2819
2024-06-13 14:45:00+05:30,1716.95,1720.1,1716.8,1717.75,1879
2024-06-13 15:00:00+05:30,1717.75,1724.75,1717.0,1720.95,5541
2024-06-13 15:15:00+05:30,1719.5,1726.0,1719.25,1724.6,5614
2024-06-13 15:30:00+05:30,1724.5,1734.95,1720.0,1725.0,12614
2024-06-14 09:30:00+05:30,1730.0,1734.85,1718.3,1722.4,6322
2024-06-14 09:45:00+05:30,1722.4,1722.4,1717.4,1717.4,3308
2024-06-14 10:00:00+05:30,1717.4,1719.15,1713.1,1714.5,4097
2024-06-14 10:15:00+05:30,1714.5,1715.0,1711.05,1713.95,4936
2024-06-14 10:30:00+05:30,1713.15,1714.15,1707.15,1710.3,4445
2024-06-14 10:45:00+05:30,1710.3,1713.0,1707.65,1709.55,2881
2024-06-14 11:00:00+05:30,1709.55,1710.0,1705.5,1707.6,4213
2024-06-14 11:15:00+05:30,1708.0,1712.8,1705.05,1711.7,2594
2024-06-14 11:30:00+05:30,1711.7,1711.7,1709.1,1709.1,2176
2024-06-14 11:45:00+05:30,1709.1,1709.75,1706.55,1706.55,1672
2024-06-14 12:00:00+05:30,1706.55,1709.25,1700.05,1708.1,6285
2024-06-14 12:15:00+05:30,1708.1,1708.8,1705.6,1706.0,1390
2024-06-14 12:30:00+05:30,1706.0,1708.45,1705.6,1706.0,1017
2024-06-14 12:45:00+05:30,1705.6,1708.9,1705.6,1708.9,2328
2024-06-14 13:00:00+05:30,1708.9,1708.9,1704.5,1706.0,2237
2024-06-14 13:15:00+05:30,1706.0,1707.4,1704.0,1704.0,1594
2024-06-14 13:30:00+05:30,1704.0,1709.0,1704.0,1707.2,2804
2024-06-14 13:45:00+05:30,1707.2,1713.6,1707.2,1710.9,2259
2024-06-14 14:00:00+05:30,1710.05,1714.0,1708.0,1710.5,2063
2024-06-14 14:15:00+05:30,1710.5,1712.0,1709.0,1709.8,2161
2024-06-14 14:30:00+05:30,1709.8,1712.0,1708.0,1711.55,5033
2024-06-14 14:45:00+05:30,1711.0,1714.0,1709.05,1713.05,4219
2024-06-14 15:00:00+05:30,1714.0,1724.75,1710.05,1723.9,12597
2024-06-14 15:15:00+05:30,1723.95,1724.75,1721.65,1723.05,6074
2024-06-14 15:30:00+05:30,1723.05,1724.75,1715.0,1718.0,7472
2024-06-18 09:30:00+05:30,1722.0,1722.4,1704.35,1710.75,4676
2024-06-18 09:45:00+05:30,1710.75,1719.0,1708.7,1711.1,3496
2024-06-18 10:00:00+05:30,1711.1,1717.35,1709.6,1714.1,3609
2024-06-18 10:15:00+05:30,1714.85,1720.9,1712.5,1712.75,12042
2024-06-18 10:30:00+05:30,1712.75,1715.75,1709.55,1712.0,2302
2024-06-18 10:45:00+05:30,1713.4,1724.0,1708.1,1718.15,11902
2024-06-18 11:00:00+05:30,1718.15,1721.0,1718.15,1720.6,1062
2024-06-18 11:15:00+05:30,1720.6,1720.6,1715.5,1716.05,3261
2024-06-18 11:30:00+05:30,1716.0,1717.9,1710.6,1710.6,2454
2024-06-18 11:45:00+05:30,1710.6,1713.55,1708.85,1711.85,3363
2024-06-18 12:00:00+05:30,1711.85,1712.95,1708.05,1709.9,1617
2024-06-18 12:15:00+05:30,1709.9,1711.0,1708.05,1710.75,28138
2024-06-18 12:30:00+05:30,1709.05,1718.7,1708.4,1710.6,10684
2024-06-18 12:45:00+05:30,1710.6,1723.8,1710.0,1722.0,12446
2024-06-18 13:00:00+05:30,1722.0,1749.6,1722.0,1743.35,36423
2024-06-18 13:15:00+05:30,1743.35,1746.95,1731.0,1731.2,12104
2024-06-18 13:30:00+05:30,1731.0,1734.9,1727.0,1733.0,6176
2024-06-18 13:45:00+05:30,1733.0,1734.1,1726.95,1729.75,3175
2024-06-18 14:00:00+05:30,1729.9,1743.0,1728.0,1743.0,5087
2024-06-18 14:15:00+05:30,1740.05,1745.35,1729.85,1743.0,16103
2024-06-18 14:30:00+05:30,1743.0,1750.0,1740.0,1744.95,15812
2024-06-18 14:45:00+05:30,1744.95,1790.0,1743.0,1776.75,211647
2024-06-18 15:00:00+05:30,1776.75,1783.95,1770.0,1775.8,39121
2024-06-18 15:15:00+05:30,1775.0,1779.7,1771.7,1776.5,23153
2024-06-18 15:30:00+05:30,1776.2,1792.0,1771.25,1783.0,60144
2024-06-19 09:30:00+05:30,1795.05,1795.05,1765.0,1765.0,26072
2024-06-19 09:45:00+05:30,1766.05,1766.05,1749.45,1755.0,22086
2024-06-19 10:00:00+05:30,1758.1,1758.1,1746.0,1751.9,14202
2024-06-19 10:15:00+05:30,1751.95,1754.9,1745.0,1745.75,28361
2024-06-19 10:30:00+05:30,1745.75,1750.0,1745.0,1747.4,7772
2024-06-19 10:45:00+05:30,1747.4,1750.0,1745.5,1750.0,7757
2024-06-19 11:00:00+05:30,1750.0,1754.25,1750.0,1753.1,11473
2024-06-19 11:15:00+05:30,1755.0,1755.0,1750.55,1751.9,6017
2024-06-19 11:30:00+05:30,1751.9,1758.7,1751.0,1757.6,6935
2024-06-19 11:45:00+05:30,1757.0,1762.0,1755.1,1761.0,12454
2024-06-19 12:00:00+05:30,1761.95,1774.65,1761.0,1763.2,17667
2024-06-19 12:15:00+05:30,1763.0,1769.95,1756.35,1769.0,5399
2024-06-19 12:30:00+05:30,1768.95,1769.6,1763.15,1768.55,3979
2024-06-19 12:45:00+05:30,1767.55,1776.0,1765.85,1768.7,14115
2024-06-19 13:00:00+05:30,1768.7,1774.85,1766.0,1771.15,5203
2024-06-19 13:15:00+05:30,1771.65,1778.0,1771.65,1778.0,13549
2024-06-19 13:30:00+05:30,1778.0,1782.0,1775.8,1780.8,17532
2024-06-19 13:45:00+05:30,1780.75,1783.0,1777.95,1781.95,9469
2024-06-19 14:00:00+05:30,1781.9,1783.0,1775.35,1783.0,3975
2024-06-19 14:15:00+05:30,1783.0,1785.0,1781.0,1784.95,13571
2024-06-19 14:30:00+05:30,1784.4,1785.0,1772.3,1774.05,7772
2024-06-19 14:45:00+05:30,1774.6,1779.0,1772.0,1774.95,6344
2024-06-19 15:00:00+05:30,1774.9,1775.0,1769.1,1770.5,6977
2024-06-19 15:15:00+05:30,1770.5,1774.95,1756.35,1773.6,28023
2024-06-19 15:30:00+05:30,1773.6,1790.0,1760.45,1766.1,84878
2024-06-20 09:30:00+05:30,1790.0,1806.45,1776.55,1783.5,46724
2024-06-20 09:45:00+05:30,1783.5,1784.2,1778.05,1778.7,6039
2024-06-20 10:00:00+05:30,1778.7,1778.7,1772.05,1774.7,4833
2024-06-20 10:15:00+05:30,1776.85,1779.75,1764.05,1768.9,10249
2024-06-20 10:30:00+05:30,1768.9,1773.95,1762.1,1773.0,7311
2024-06-20 10:45:00+05:30,1773.0,1776.25,1771.9,1771.9,2196
2024-06-20 11:00:00+05:30,1771.9,1779.0,1771.0,1777.0,3242
2024-06-20 11:15:00+05:30,1777.0,1777.0,1773.1,1775.05,2210
2024-06-20 11:30:00+05:30,1775.05,1787.0,1775.05,1783.5,7634
2024-06-20 11:45:00+05:30,1783.5,1785.0,1779.35,1780.55,2078
2024-06-20 12:00:00+05:30,1780.55,1783.85,1780.0,1782.2,4081
2024-06-20 12:15:00+05:30,1782.2,1782.95,1780.1,1782.95,1557
2024-06-20 12:30:00+05:30,1782.95,1783.85,1775.0,1777.3,3431
2024-06-20 12:45:00+05:30,1778.75,1779.9,1770.0,1770.5,2226
2024-06-20 13:00:00+05:30,1770.5,1777.55,1769.95,1777.55,3835
2024-06-20 13:15:00+05:30,1777.55,1778.1,1774.8,1775.05,5198
2024-06-20 13:30:00+05:30,1775.05,1776.6,1774.05,1775.95,2149
2024-06-20 13:45:00+05:30,1775.25,1781.45,1775.25,1776.95,2184
2024-06-20 14:00:00+05:30,1776.95,1777.0,1770.2,1772.1,3403
2024-06-20 14:15:00+05:30,1772.1,1774.1,1771.0,1771.0,1136
2024-06-20 14:30:00+05:30,1771.05,1775.9,1771.0,1771.35,1713
2024-06-20 14:45:00+05:30,1772.7,1777.0,1771.45,1772.5,2603
2024-06-20 15:00:00+05:30,1772.45,1786.5,1772.05,1783.55,8824
2024-06-20 15:15:00+05:30,1785.4,1793.0,1780.1,1790.0,22033
2024-06-20 15:30:00+05:30,1790.0,1791.1,1771.0,1775.5,13314
2024-06-21 09:30:00+05:30,1786.45,1800.75,1778.05,1794.9,12124
2024-06-21 09:45:00+05:30,1794.9,1804.9,1784.0,1797.85,16565
2024-06-21 10:00:00+05:30,1797.85,1799.25,1790.55,1792.15,5257
2024-06-21 10:15:00+05:30,1792.15,1794.9,1783.65,1783.95,4638
2024-06-21 10:30:00+05:30,1783.95,1783.95,1776.85,1779.85,5787
2024-06-21 10:45:00+05:30,1779.85,1783.85,1778.0,1779.05,1346
2024-06-21 11:00:00+05:30,1779.05,1779.05,1764.3,1771.7,5711
2024-06-21 11:15:00+05:30,1771.7,1772.95,1766.0,1767.05,2283
2024-06-21 11:30:00+05:30,1767.05,1776.25,1766.2,1771.8,4133
2024-06-21 11:45:00+05:30,1769.85,1777.55,1769.85,1777.55,2793
2024-06-21 12:00:00+05:30,1777.55,1778.35,1771.05,1777.3,2441
2024-06-21 12:15:00+05:30,1777.3,1782.2,1777.3,1782.1,2605
2024-06-21 12:30:00+05:30,1782.1,1789.9,1781.0,1788.9,5644
2024-06-21 12:45:00+05:30,1788.5,1789.35,1782.15,1787.05,5751
2024-06-21 13:00:00+05:30,1786.3,1789.0,1784.1,1788.5,3764
2024-06-21 13:15:00+05:30,1788.5,1793.35,1787.0,1793.3,5515
2024-06-21 13:30:00+05:30,1791.65,1800.0,1791.1,1798.15,9187
2024-06-21 13:45:00+05:30,1798.4,1820.95,1796.2,1805.0,70107
2024-06-21 14:00:00+05:30,1805.0,1808.4,1795.0,1804.45,34496
2024-06-21 14:15:00+05:30,1804.15,1810.05,1800.0,1801.1,36657
2024-06-21 14:30:00+05:30,1801.1,1803.0,1796.25,1798.85,15537
2024-06-21 14:45:00+05:30,1798.85,1800.0,1791.05,1797.3,16962
2024-06-21 15:00:00+05:30,1797.3,1797.3,1784.0,1787.6,9784
2024-06-21 15:15:00+05:30,1788.45,1789.85,1777.55,1780.9,29089
2024-06-21 15:30:00+05:30,1781.0,1788.95,1760.0,1786.85,21164
2024-06-24 09:30:00+05:30,1782.15,1786.85,1768.55,1770.6,11378
2024-06-24 09:45:00+05:30,1771.85,1782.5,1767.5,1782.3,11785
2024-06-24 10:00:00+05:30,1782.1,1786.0,1780.25,1784.4,7240
2024-06-24 10:15:00+05:30,1784.4,1789.0,1783.65,1787.85,6550
2024-06-24 10:30:00+05:30,1787.85,1798.0,1784.7,1797.1,8280
2024-06-24 10:45:00+05:30,1796.9,1809.1,1793.7,1804.95,21919
2024-06-24 11:00:00+05:30,1805.0,1805.0,1798.05,1805.0,8070
2024-06-24 11:15:00+05:30,1805.0,1809.0,1803.55,1807.95,17131
2024-06-24 11:30:00+05:30,1807.95,1834.95,1807.25,1823.8,79179
2024-06-24 11:45:00+05:30,1823.8,1828.3,1819.0,1824.1,40540
2024-06-24 12:00:00+05:30,1824.1,1827.45,1818.0,1819.7,20182
2024-06-24 12:15:00+05:30,1819.8,1824.9,1815.95,1820.55,11423
2024-06-24 12:30:00+05:30,1821.8,1829.0,1820.8,1827.65,17664
2024-06-24 12:45:00+05:30,1828.9,1842.0,1822.0,1827.35,90435
2024-06-24 13:00:00+05:30,1827.25,1829.0,1822.6,1828.25,16445
2024-06-24 13:15:00+05:30,1826.65,1836.8,1826.0,1834.0,13808
2024-06-24 13:30:00+05:30,1834.0,1836.65,1827.1,1829.1,9273
2024-06-24 13:45:00+05:30,1828.95,1831.7,1825.0,1831.0,7405
2024-06-24 14:00:00+05:30,1831.0,1832.0,1826.0,1827.5,6295
2024-06-24 14:15:00+05:30,1829.55,1831.0,1825.45,1827.05,9610
2024-06-24 14:30:00+05:30,1827.0,1829.8,1815.45,1823.0,23406
2024-06-24 14:45:00+05:30,1823.0,1831.0,1820.0,1824.95,24235
2024-06-24 15:00:00+05:30,1824.95,1831.5,1823.1,1829.7,15399
2024-06-24 15:15:00+05:30,1829.65,1834.95,1825.65,1829.1,18091
2024-06-24 15:30:00+05:30,1827.1,1842.5,1824.9,1840.0,47038
2024-06-25 09:30:00+05:30,1845.0,1868.0,1842.55,1855.95,77334
2024-06-25 09:45:00+05:30,1853.7,1864.0,1839.05,1844.15,30002
2024-06-25 10:00:00+05:30,1843.55,1845.0,1834.1,1838.05,17022
2024-06-25 10:15:00+05:30,1838.05,1857.0,1835.0,1853.35,16968
2024-06-25 10:30:00+05:30,1853.4,1860.0,1848.0,1849.75,15603
2024-06-25 10:45:00+05:30,1848.0,1854.45,1845.25,1845.7,6805
2024-06-25 11:00:00+05:30,1845.75,1850.25,1845.75,1847.0,3580
2024-06-25 11:15:00+05:30,1847.0,1850.0,1841.0,1843.95,8431
2024-06-25 11:30:00+05:30,1844.0,1844.0,1835.35,1842.25,8677
2024-06-25 11:45:00+05:30,1842.25,1843.35,1835.35,1841.35,4938
2024-06-25 12:00:00+05:30,1841.35,1850.0,1840.0,1847.15,5746
2024-06-25 12:15:00+05:30,1847.35,1847.45,1843.0,1844.95,4342
2024-06-25 12:30:00+05:30,1845.0,1845.0,1834.8,1841.4,8307
2024-06-25 12:45:00+05:30,1841.4,1842.55,1835.0,1835.8,21208
2024-06-25 13:00:00+05:30,1835.8,1835.8,1802.65,1810.6,25274
2024-06-25 13:15:00+05:30,1810.65,1812.6,1807.4,1809.8,8063
2024-06-25 13:30:00+05:30,1809.85,1819.85,1808.05,1811.9,7777
2024-06-25 13:45:00+05:30,1811.75,1813.15,1811.0,1811.95,3779
2024-06-25 14:00:00+05:30,1811.95,1812.8,1806.5,1811.3,7638
2024-06-25 14:15:00+05:30,1811.3,1813.1,1809.05,1811.95,4948
2024-06-25 14:30:00+05:30,1811.95,1813.95,1807.3,1811.0,6845
2024-06-25 14:45:00+05:30,1811.0,1824.7,1810.5,1820.0,8832
2024-06-25 15:00:00+05:30,1819.95,1828.0,1815.7,1824.5,12145
2024-06-25 15:15:00+05:30,1823.75,1825.0,1816.0,1817.25,19551
2024-06-25 15:30:00+05:30,1818.25,1823.0,1813.05,1823.0,14187
2024-06-26 09:30:00+05:30,1834.9,1834.9,1817.25,1818.95,10116
2024-06-26 09:45:00+05:30,1818.95,1824.7,1809.0,1813.95,6916
2024-06-26 10:00:00+05:30,1813.95,1832.6,1807.05,1812.4,35805
2024-06-26 10:15:00+05:30,1812.4,1815.0,1807.5,1811.85,3935
2024-06-26 10:30:00+05:30,1811.85,1811.85,1807.0,1809.55,4301
2024-06-26 10:45:00+05:30,1809.95,1813.0,1808.25,1812.5,2074
2024-06-26 11:00:00+05:30,1812.95,1812.95,1806.0,1807.1,7416
2024-06-26 11:15:00+05:30,1808.55,1810.0,1805.35,1807.8,3797
2024-06-26 11:30:00+05:30,1809.4,1809.55,1803.0,1806.25,4226
2024-06-26 11:45:00+05:30,1807.6,1809.95,1805.35,1809.9,3946
2024-06-26 12:00:00+05:30,1809.55,1809.95,1807.0,1808.05,1937
2024-06-26 12:15:00+05:30,1808.05,1809.95,1804.0,1807.95,10459
2024-06-26 12:30:00+05:30,1807.95,1809.35,1804.5,1808.75,2661
2024-06-26 12:45:00+05:30,1807.2,1808.95,1807.0,1807.1,1231
2024-06-26 13:00:00+05:30,1808.35,1809.0,1806.0,1807.0,2101
2024-06-26 13:15:00+05:30,1808.35,1808.7,1806.25,1807.7,2092
2024-06-26 13:30:00+05:30,1808.65,1808.65,1803.1,1803.1,4942
2024-06-26 13:45:00+05:30,1803.1,1803.1,1788.1,1792.4,10530
2024-06-26 14:00:00+05:30,1792.4,1795.0,1783.0,1789.45,9030
2024-06-26 14:15:00+05:30,1789.25,1794.2,1789.25,1790.2,4784
2024-06-26 14:30:00+05:30,1790.2,1792.0,1786.0,1789.65,4797
2024-06-26 14:45:00+05:30,1791.45,1795.0,1789.05,1792.95,2150
2024-06-26 15:00:00+05:30,1794.45,1805.0,1792.8,1799.95,9220
2024-06-26 15:15:00+05:30,1799.95,1806.0,1790.0,1804.35,17320
2024-06-26 15:30:00+05:30,1804.35,1804.35,1794.1,1802.0,9320
2024-06-27 09:30:00+05:30,1782.05,1849.95,1781.5,1843.4,49606
2024-06-27 09:45:00+05:30,1843.45,1844.95,1821.3,1840.75,30507
2024-06-27 10:00:00+05:30,1840.0,1845.0,1829.05,1843.7,15721
2024-06-27 10:15:00+05:30,1842.7,1849.7,1835.1,1838.5,19249
2024-06-27 10:30:00+05:30,1838.5,1840.95,1834.0,1834.0,8903
2024-06-27 10:45:00+05:30,1834.05,1837.95,1828.0,1832.45,10813
2024-06-27 11:00:00+05:30,1832.45,1838.0,1829.0,1838.0,9945
2024-06-27 11:15:00+05:30,1838.0,1840.0,1832.6,1839.5,9227
2024-06-27 11:30:00+05:30,1839.95,1839.95,1835.75,1839.35,9442
2024-06-27 11:45:00+05:30,1838.7,1846.0,1836.6,1843.0,31987
2024-06-27 12:00:00+05:30,1843.0,1844.0,1835.85,1841.65,15505
2024-06-27 12:15:00+05:30,1841.65,1842.4,1837.05,1841.5,11294
2024-06-27 12:30:00+05:30,1841.45,1843.0,1834.7,1834.7,9709
2024-06-27 12:45:00+05:30,1835.0,1837.65,1818.0,1828.8,23991
2024-06-27 13:00:00+05:30,1828.8,1830.0,1823.0,1826.9,9055
2024-06-27 13:15:00+05:30,1826.9,1830.0,1826.0,1829.2,6278
2024-06-27 13:30:00+05:30,1829.15,1829.45,1811.0,1811.15,15231
2024-06-27 13:45:00+05:30,1811.2,1826.35,1811.2,1820.05,8050
2024-06-27 14:00:00+05:30,1821.85,1829.45,1821.0,1821.75,7397
2024-06-27 14:15:00+05:30,1821.75,1824.2,1818.0,1819.8,8536
2024-06-27 14:30:00+05:30,1820.0,1828.25,1818.95,1826.3,127207
2024-06-27 14:45:00+05:30,1826.3,1826.9,1811.2,1819.0,51444
2024-06-27 15:00:00+05:30,1819.0,1820.0,1818.0,1820.0,8201
2024-06-27 15:15:00+05:30,1819.9,1821.95,1808.0,1810.15,39533
2024-06-27 15:30:00+05:30,1810.2,1820.0,1810.2,1820.0,22844
2024-06-28 09:30:00+05:30,1820.1,1821.0,1803.05,1803.05,10035
2024-06-28 09:45:00+05:30,1803.05,1819.0,1800.0,1815.3,12548
2024-06-28 10:00:00+05:30,1815.3,1817.0,1797.6,1797.65,12987
2024-06-28 10:15:00+05:30,1797.3,1806.0,1791.1,1803.45,6077
2024-06-28 10:30:00+05:30,1803.45,1804.25,1796.45,1798.3,2008
2024-06-28 10:45:00+05:30,1797.0,1803.6,1797.0,1801.85,5571
2024-06-28 11:00:00+05:30,1801.85,1803.0,1797.2,1802.05,1420
2024-06-28 11:15:00+05:30,1802.05,1802.75,1797.1,1799.95,1959
2024-06-28 11:30:00+05:30,1799.95,1800.0,1797.2,1798.7,829
2024-06-28 11:45:00+05:30,1798.7,1798.75,1793.0,1797.0,2384
2024-06-28 12:00:00+05:30,1797.0,1797.05,1790.9,1790.9,2941
2024-06-28 12:15:00+05:30,1790.9,1791.65,1785.0,1790.0,5273
2024-06-28 12:30:00+05:30,1790.0,1790.0,1780.0,1788.05,3157
2024-06-28 12:45:00+05:30,1788.05,1789.85,1785.0,1787.55,1228
2024-06-28 13:00:00+05:30,1787.55,1788.0,1775.0,1780.1,15020
2024-06-28 13:15:00+05:30,1780.1,1790.0,1778.85,1789.95,3200
2024-06-28 13:30:00+05:30,1789.3,1790.0,1785.6,1789.0,5486
2024-06-28 13:45:00+05:30,1788.1,1790.0,1785.7,1790.0,4490
2024-06-28 14:00:00+05:30,1790.0,1790.0,1788.0,1790.0,3729
2024-06-28 14:15:00+05:30,1790.0,1790.0,1788.1,1790.0,2715
2024-06-28 14:30:00+05:30,1789.2,1790.0,1783.15,1785.0,3526
2024-06-28 14:45:00+05:30,1784.45,1785.0,1775.35,1780.45,4587
2024-06-28 15:00:00+05:30,1780.2,1786.3,1779.05,1782.4,4717
2024-06-28 15:15:00+05:30,1782.55,1790.0,1781.0,1789.0,22386
2024-06-28 15:30:00+05:30,1788.95,1790.0,1785.0,1788.55,20938
2024-07-01 09:30:00+05:30,1786.1,1791.8,1777.25,1782.0,4656
2024-07-01 09:45:00+05:30,1782.0,1782.0,1773.0,1779.0,3144
2024-07-01 10:00:00+05:30,1779.0,1780.0,1775.0,1777.7,2058
2024-07-01 10:15:00+05:30,1777.7,1779.8,1773.5,1775.0,2042
2024-07-01 10:30:00+05:30,1773.5,1785.1,1772.0,1781.05,6843
2024-07-01 10:45:00+05:30,1781.05,1782.0,1776.0,1777.0,1230
2024-07-01 11:00:00+05:30,1777.0,1779.9,1775.25,1777.0,916
2024-07-01 11:15:00+05:30,1777.05,1779.0,1772.5,1772.8,1377
2024-07-01 11:30:00+05:30,1772.8,1775.85,1772.8,1774.05,423
2024-07-01 11:45:00+05:30,1773.7,1775.25,1761.0,1767.65,6527
2024-07-01 12:00:00+05:30,1767.65,1767.65,1761.55,1761.9,2873
2024-07-01 12:15:00+05:30,1761.9,1762.95,1756.95,1760.3,5511
2024-07-01 12:30:00+05:30,1760.45,1764.95,1759.0,1760.55,1235
2024-07-01 12:45:00+05:30,1760.55,1763.45,1760.5,1762.75,1462
2024-07-01 13:00:00+05:30,1762.75,1768.5,1758.55,1767.0,5471
2024-07-01 13:15:00+05:30,1767.0,1768.1,1765.1,1767.05,875
2024-07-01 13:30:00+05:30,1767.05,1767.5,1764.15,1765.95,829
2024-07-01 13:45:00+05:30,1765.95,1768.0,1764.0,1764.75,2546
2024-07-01 14:00:00+05:30,1764.75,1764.9,1759.9,1762.45,2566
2024-07-01 14:15:00+05:30,1762.45,1765.45,1760.0,1765.45,1577
2024-07-01 14:30:00+05:30,1765.4,1774.2,1762.0,1771.4,4417
2024-07-01 14:45:00+05:30,1771.35,1780.0,1770.0,1777.65,7887
2024-07-01 15:00:00+05:30,1777.65,1785.0,1777.05,1783.85,4617
2024-07-01 15:15:00+05:30,1783.85,1785.0,1780.35,1783.6,5613
2024-07-01 15:30:00+05:30,1783.6,1783.6,1772.0,1777.0,7860
2024-07-02 09:30:00+05:30,1786.1,1787.65,1770.2,1771.5,8872
2024-07-02 09:45:00+05:30,1771.45,1773.95,1762.0,1762.7,6582
2024-07-02 10:00:00+05:30,1762.7,1766.15,1760.0,1761.2,4284
2024-07-02 10:15:00+05:30,1761.2,1775.65,1761.2,1775.0,9535
2024-07-02 10:30:00+05:30,1775.0,1782.05,1771.95,1773.0,4961
2024-07-02 10:45:00+05:30,1773.0,1774.0,1769.7,1774.0,4692
2024-07-02 11:00:00+05:30,1774.0,1795.0,1771.05,1775.85,10862
2024-07-02 11:15:00+05:30,1775.85,1776.8,1769.05,1773.75,5862
2024-07-02 11:30:00+05:30,1773.75,1776.05,1770.05,1772.7,4305
2024-07-02 11:45:00+05:30,1772.7,1774.5,1766.05,1770.0,8530
2024-07-02 12:00:00+05:30,1770.0,1807.9,1768.0,1791.3,31583
2024-07-02 12:15:00+05:30,1789.05,1794.35,1779.0,1780.45,8519
2024-07-02 12:30:00+05:30,1779.0,1780.75,1765.05,1769.1,45768
2024-07-02 12:45:00+05:30,1769.1,1772.35,1766.75,1768.0,7722
2024-07-02 13:00:00+05:30,1768.0,1774.0,1766.5,1768.0,5098
2024-07-02 13:15:00+05:30,1768.5,1771.2,1768.0,1768.0,5036
2024-07-02 13:30:00+05:30,1768.0,1772.55,1767.55,1768.3,5046
2024-07-02 13:45:00+05:30,1769.85,1772.8,1768.0,1768.85,3208
2024-07-02 14:00:00+05:30,1770.0,1774.0,1767.8,1768.0,3516
2024-07-02 14:15:00+05:30,1768.0,1770.7,1767.5,1769.1,4996
2024-07-02 14:30:00+05:30,1769.1,1770.1,1752.35,1754.45,21908
2024-07-02 14:45:00+05:30,1753.9,1760.7,1752.0,1757.25,8888
2024-07-02 15:00:00+05:30,1757.3,1760.25,1752.3,1756.05,6213
2024-07-02 15:15:00+05:30,1755.05,1761.3,1751.0,1752.9,17306
2024-07-02 15:30:00+05:30,1750.1,1754.65,1730.0,1754.5,32259
2024-07-03 09:30:00+05:30,1760.0,1761.95,1742.05,1746.0,9821
2024-07-03 09:45:00+05:30,1746.0,1746.85,1742.1,1744.0,4424
2024-07-03 10:00:00+05:30,1744.0,1745.0,1735.0,1737.35,6568
2024-07-03 10:15:00+05:30,1737.35,1740.0,1732.0,1739.85,6429
2024-07-03 10:30:00+05:30,1739.85,1742.55,1737.05,1740.0,13644
2024-07-03 10:45:00+05:30,1740.75,1752.5,1737.0,1738.6,12490
2024-07-03 11:00:00+05:30,1738.0,1753.15,1737.15,1752.8,9321
2024-07-03 11:15:00+05:30,1752.8,1753.15,1739.1,1749.35,11443
2024-07-03 11:30:00+05:30,1749.75,1759.85,1748.0,1754.15,9393
2024-07-03 11:45:00+05:30,1754.15,1766.95,1754.15,1756.3,6307
2024-07-03 12:00:00+05:30,1757.5,1758.65,1752.05,1754.95,4717
2024-07-03 12:15:00+05:30,1755.0,1755.0,1753.85,1755.0,2358
2024-07-03 12:30:00+05:30,1755.0,1755.0,1742.05,1746.05,6042
2024-07-03 12:45:00+05:30,1746.9,1750.0,1741.5,1748.05,9941
2024-07-03 13:00:00+05:30,1748.45,1750.35,1746.85,1750.35,7157
2024-07-03 13:15:00+05:30,1750.3,1750.75,1746.85,1750.15,6725
2024-07-03 13:30:00+05:30,1750.15,1750.35,1743.0,1745.7,14733
2024-07-03 13:45:00+05:30,1745.7,1750.05,1740.05,1742.3,20547
2024-07-03 14:00:00+05:30,1742.3,1743.9,1739.45,1739.45,13604
2024-07-03 14:15:00+05:30,1738.0,1742.5,1724.0,1726.35,23744
2024-07-03 14:30:00+05:30,1727.0,1735.05,1724.6,1732.55,9606
2024-07-03 14:45:00+05:30,1732.4,1732.65,1715.4,1719.85,27681
2024-07-03 15:00:00+05:30,1719.75,1726.75,1716.25,1722.9,14826
2024-07-03 15:15:00+05:30,1723.7,1728.0,1721.4,1725.0,18660
2024-07-03 15:30:00+05:30,1725.0,1729.3,1721.0,1722.15,26051
2024-07-04 09:30:00+05:30,1732.0,1739.0,1723.25,1731.15,15211
2024-07-04 09:45:00+05:30,1731.15,1737.75,1727.4,1731.95,5024
2024-07-04 10:00:00+05:30,1731.0,1733.4,1725.5,1733.3,6954
2024-07-04 10:15:00+05:30,1733.45,1734.75,1729.2,1730.55,2635
2024-07-04 10:30:00+05:30,1730.55,1733.0,1725.0,1726.6,2561
2024-07-04 10:45:00+05:30,1726.6,1731.4,1723.9,1730.45,2354
2024-07-04 11:00:00+05:30,1729.45,1730.6,1725.0,1728.95,1638
2024-07-04 11:15:00+05:30,1728.05,1729.3,1725.5,1728.6,1067
2024-07-04 11:30:00+05:30,1728.6,1729.0,1725.25,1727.3,1629
2024-07-04 11:45:00+05:30,1727.3,1728.5,1723.45,1727.85,2202
2024-07-04 12:00:00+05:30,1727.85,1728.4,1724.65,1727.55,2565
2024-07-04 12:15:00+05:30,1727.55,1730.0,1726.05,1728.75,925
2024-07-04 12:30:00+05:30,1728.7,1729.65,1726.0,1728.8,1371
2024-07-04 12:45:00+05:30,1728.8,1728.8,1726.0,1726.95,1067
2024-07-04 13:00:00+05:30,1726.95,1729.0,1726.0,1728.9,1165
2024-07-04 13:15:00+05:30,1728.9,1730.0,1719.6,1725.9,8395
2024-07-04 13:30:00+05:30,1725.9,1727.85,1725.25,1726.05,1596
2024-07-04 13:45:00+05:30,1726.05,1727.35,1724.0,1725.0,1998
2024-07-04 14:00:00+05:30,1725.0,1725.0,1722.0,1724.9,1702
2024-07-04 14:15:00+05:30,1724.85,1725.75,1722.25,1724.85,2131
2024-07-04 14:30:00+05:30,1724.4,1726.4,1722.5,1724.5,2594
2024-07-04 14:45:00+05:30,1724.5,1728.05,1723.15,1724.95,4682
2024-07-04 15:00:00+05:30,1725.0,1727.5,1722.8,1724.0,4875
2024-07-04 15:15:00+05:30,1724.05,1732.0,1722.9,1724.85,10035
2024-07-04 15:30:00+05:30,1724.85,1725.0,1718.75,1725.0,11291
2024-07-05 09:30:00+05:30,1731.0,1736.0,1714.95,1729.4,12825
2024-07-05 09:45:00+05:30,1729.4,1729.4,1724.0,1724.85,1665
2024-07-05 10:00:00+05:30,1724.85,1727.85,1714.0,1724.6,6672
2024-07-05 10:15:00+05:30,1724.95,1729.4,1722.0,1725.75,27717
2024-07-05 10:30:00+05:30,1725.75,1726.55,1721.8,1724.25,8225
2024-07-05 10:45:00+05:30,1726.0,1728.6,1724.0,1724.75,1296
2024-07-05 11:00:00+05:30,1724.75,1728.35,1724.1,1725.8,1293
2024-07-05 11:15:00+05:30,1727.5,1728.0,1724.0,1724.85,2252
2024-07-05 11:30:00+05:30,1724.65,1726.8,1718.15,1718.5,5227
2024-07-05 11:45:00+05:30,1718.5,1721.9,1712.2,1714.5,8402
2024-07-05 12:00:00+05:30,1717.9,1719.2,1710.0,1713.1,8853
2024-07-05 12:15:00+05:30,1713.1,1718.45,1712.6,1715.3,5830
2024-07-05 12:30:00+05:30,1715.3,1715.4,1709.0,1711.8,6389
2024-07-05 12:45:00+05:30,1711.8,1715.15,1710.0,1713.9,4915
2024-07-05 13:00:00+05:30,1713.9,1714.15,1706.0,1710.45,11035
2024-07-05 13:15:00+05:30,1710.45,1714.95,1706.9,1712.2,12084
2024-07-05 13:30:00+05:30,1711.3,1714.9,1710.6,1713.1,7907
2024-07-05 13:45:00+05:30,1713.1,1715.0,1711.05,1713.1,8668
2024-07-05 14:00:00+05:30,1713.1,1714.45,1710.05,1711.2,7952
2024-07-05 14:15:00+05:30,1710.2,1712.0,1708.25,1711.6,10691
2024-07-05 14:30:00+05:30,1711.6,1712.0,1707.5,1708.55,7475
2024-07-05 14:45:00+05:30,1708.55,1710.3,1707.15,1708.0,6442
2024-07-05 15:00:00+05:30,1708.0,1715.95,1707.35,1715.95,14307
2024-07-05 15:15:00+05:30,1717.0,1719.8,1712.0,1717.5,10760
2024-07-05 15:30:00+05:30,1716.65,1718.5,1712.0,1718.0,9405
2024-07-08 09:30:00+05:30,1718.0,1718.0,1687.05,1695.75,19372
2024-07-08 09:45:00+05:30,1696.15,1696.95,1685.0,1685.75,13375
2024-07-08 10:00:00+05:30,1685.75,1698.95,1684.2,1692.4,11042
2024-07-08 10:15:00+05:30,1692.4,1694.35,1689.2,1690.05,6937
2024-07-08 10:30:00+05:30,1690.05,1691.95,1685.0,1687.35,8759
2024-07-08 10:45:00+05:30,1687.35,1688.75,1683.0,1685.85,7150
2024-07-08 11:00:00+05:30,1686.0,1687.6,1680.1,1681.65,8905
2024-07-08 11:15:00+05:30,1681.65,1683.15,1673.1,1679.15,11124
2024-07-08 11:30:00+05:30,1677.25,1681.6,1676.6,1677.6,6660
2024-07-08 11:45:00+05:30,1677.7,1680.05,1675.0,1676.95,6344
2024-07-08 12:00:00+05:30,1676.95,1681.6,1674.45,1674.45,8490
2024-07-08 12:15:00+05:30,1672.9,1673.45,1664.45,1664.45,9706
2024-07-08 12:30:00+05:30,1664.9,1672.5,1664.0,1666.65,10706
2024-07-08 12:45:00+05:30,1665.1,1669.7,1665.0,1665.25,6405
2024-07-08 13:00:00+05:30,1665.25,1666.3,1660.0,1662.9,11072
2024-07-08 13:15:00+05:30,1662.9,1672.45,1661.05,1671.0,10718
2024-07-08 13:30:00+05:30,1669.9,1671.2,1658.3,1659.55,13303
2024-07-08 13:45:00+05:30,1659.55,1660.25,1653.25,1655.0,13285
2024-07-08 14:00:00+05:30,1655.0,1655.0,1645.4,1652.8,21347
2024-07-08 14:15:00+05:30,1652.8,1653.95,1649.25,1650.0,25844
2024-07-08 14:30:00+05:30,1651.25,1651.8,1644.6,1650.0,22022
2024-07-08 14:45:00+05:30,1650.0,1650.0,1643.5,1646.2,14335
2024-07-08 15:00:00+05:30,1646.2,1646.95,1638.0,1638.4,26773
2024-07-08 15:15:00+05:30,1638.4,1644.15,1636.05,1639.9,26156
2024-07-08 15:30:00+05:30,1639.9,1640.45,1636.0,1639.0,33445
2024-07-09 09:30:00+05:30,1639.05,1682.45,1639.05,1679.0,27619
2024-07-09 09:45:00+05:30,1679.0,1679.9,1670.0,1677.6,12911
2024-07-09 10:00:00+05:30,1677.6,1687.0,1675.65,1681.0,12419
2024-07-09 10:15:00+05:30,1681.0,1684.45,1675.1,1675.1,5852
2024-07-09 10:30:00+05:30,1675.1,1677.6,1664.0,1673.05,8832
2024-07-09 10:45:00+05:30,1673.05,1686.55,1670.7,1683.55,6617
2024-07-09 11:00:00+05:30,1683.6,1686.75,1675.6,1676.95,9517
2024-07-09 11:15:00+05:30,1676.8,1679.9,1673.0,1675.0,2985
2024-07-09 11:30:00+05:30,1675.0,1677.2,1671.2,1672.15,1833
2024-07-09 11:45:00+05:30,1672.25,1685.5,1665.65,1684.4,12293
2024-07-09 12:00:00+05:30,1684.4,1684.85,1679.35,1681.35,4007
2024-07-09 12:15:00+05:30,1680.4,1682.2,1677.15,1680.0,4319
2024-07-09 12:30:00+05:30,1680.0,1680.6,1677.6,1680.6,4135
2024-07-09 12:45:00+05:30,1681.5,1682.0,1676.2,1676.5,2825
2024-07-09 13:00:00+05:30,1676.5,1679.0,1675.0,1676.55,1487
2024-07-09 13:15:00+05:30,1676.55,1677.0,1668.25,1668.35,4884
2024-07-09 13:30:00+05:30,1669.4,1672.2,1665.15,1668.6,7605
2024-07-09 13:45:00+05:30,1668.6,1669.75,1662.3,1663.5,3104
2024-07-09 14:00:00+05:30,1664.0,1670.0,1662.55,1669.85,16542
2024-07-09 14:15:00+05:30,1669.95,1670.0,1667.05,1668.8,6295
2024-07-09 14:30:00+05:30,1668.8,1669.0,1666.1,1669.0,5795
2024-07-09 14:45:00+05:30,1669.0,1669.0,1667.15,1669.0,2745
2024-07-09 15:00:00+05:30,1668.95,1668.95,1665.05,1666.9,5242
2024-07-09 15:15:00+05:30,1666.9,1673.9,1662.15,1669.3,15049
2024-07-09 15:30:00+05:30,1669.35,1679.9,1667.25,1679.9,11007
2024-07-10 09:30:00+05:30,1681.9,1685.0,1661.1,1663.85,10967
2024-07-10 09:45:00+05:30,1663.85,1663.85,1650.0,1654.9,7076
2024-07-10 10:00:00+05:30,1654.9,1659.25,1651.0,1656.25,2547
2024-07-10 10:15:00+05:30,1657.25,1667.25,1655.0,1662.3,4178
2024-07-10 10:30:00+05:30,1660.65,1669.35,1658.0,1660.1,4209
2024-07-10 10:45:00+05:30,1660.1,1662.05,1654.75,1660.0,6196
2024-07-10 11:00:00+05:30,1660.0,1664.0,1660.0,1662.8,2266
2024-07-10 11:15:00+05:30,1662.8,1666.6,1658.25,1666.05,1256
2024-07-10 11:30:00+05:30,1666.05,1668.6,1663.35,1665.7,1684
2024-07-10 11:45:00+05:30,1665.75,1668.8,1664.0,1666.2,2537
2024-07-10 12:00:00+05:30,1666.2,1670.1,1666.2,1670.0,2136
2024-07-10 12:15:00+05:30,1670.0,1674.8,1667.65,1667.7,1615
2024-07-10 12:30:00+05:30,1667.7,1670.85,1667.1,1667.1,2330
2024-07-10 12:45:00+05:30,1668.1,1670.2,1667.15,1669.65,854
2024-07-10 13:00:00+05:30,1669.65,1670.0,1667.05,1668.3,791
2024-07-10 13:15:00+05:30,1669.95,1669.95,1665.0,1665.35,1066
2024-07-10 13:30:00+05:30,1665.35,1668.05,1663.0,1666.25,2173
2024-07-10 13:45:00+05:30,1667.95,1672.45,1664.05,1671.0,4852
2024-07-10 14:00:00+05:30,1671.0,1676.0,1670.0,1671.35,2871
2024-07-10 14:15:00+05:30,1670.0,1673.75,1669.05,1670.0,11929
2024-07-10 14:30:00+05:30,1670.05,1672.0,1669.15,1670.05,7772
2024-07-10 14:45:00+05:30,1670.05,1675.0,1670.0,1674.45,4560
2024-07-10 15:00:00+05:30,1674.0,1675.0,1666.15,1669.95,6883
2024-07-10 15:15:00+05:30,1668.85,1670.8,1660.15,1662.0,5312
2024-07-10 15:30:00+05:30,1662.1,1681.0,1662.1,1681.0,7705
2024-07-11 09:30:00+05:30,1675.0,1680.0,1670.0,1676.85,9355
2024-07-11 09:45:00+05:30,1676.85,1678.2,1671.8,1676.2,2593
2024-07-11 10:00:00+05:30,1676.2,1676.2,1666.5,1669.75,3287
2024-07-11 10:15:00+05:30,1669.75,1669.9,1662.9,1665.95,2411
2024-07-11 10:30:00+05:30,1665.4,1669.8,1662.0,1666.0,1772
2024-07-11 10:45:00+05:30,1666.0,1666.95,1651.05,1663.95,6253
2024-07-11 11:00:00+05:30,1663.95,1664.0,1658.5,1658.5,2034
2024-07-11 11:15:00+05:30,1658.5,1660.0,1654.05,1654.15,1497
2024-07-11 11:30:00+05:30,1654.15,1659.95,1654.15,1658.2,1506
2024-07-11 11:45:00+05:30,1658.2,1660.0,1655.95,1660.0,814
2024-07-11 12:00:00+05:30,1660.0,1660.15,1656.7,1659.7,908
2024-07-11 12:15:00+05:30,1659.7,1662.7,1656.55,1662.7,1352
2024-07-11 12:30:00+05:30,1662.7,1665.95,1661.5,1664.2,1087
2024-07-11 12:45:00+05:30,1664.2,1665.5,1661.45,1664.4,1389
2024-07-11 13:00:00+05:30,1663.05,1665.55,1658.0,1663.4,4957
2024-07-11 13:15:00+05:30,1661.7,1665.9,1661.6,1663.4,1881
2024-07-11 13:30:00+05:30,1663.75,1665.0,1660.5,1661.25,4139
2024-07-11 13:45:00+05:30,1662.8,1663.9,1660.05,1661.1,717
2024-07-11 14:00:00+05:30,1662.5,1663.9,1661.1,1662.0,625
2024-07-11 14:15:00+05:30,1662.0,1665.05,1662.0,1663.1,1653
2024-07-11 14:30:00+05:30,1663.1,1667.7,1663.0,1663.1,4858
2024-07-11 14:45:00+05:30,1663.1,1670.8,1663.0,1668.5,1814
2024-07-11 15:00:00+05:30,1668.5,1671.6,1664.35,1668.8,3169
2024-07-11 15:15:00+05:30,1668.8,1672.5,1662.0,1662.1,5860
2024-07-11 15:30:00+05:30,1662.1,1667.0,1660.75,1663.2,7804
2024-07-12 09:30:00+05:30,1670.0,1684.45,1666.85,1678.7,88699
2024-07-12 09:45:00+05:30,1678.7,1679.0,1668.0,1676.45,5344
2024-07-12 10:00:00+05:30,1676.45,1676.45,1670.0,1674.15,2878
2024-07-12 10:15:00+05:30,1674.0,1680.0,1672.4,1676.3,2348
2024-07-12 10:30:00+05:30,1675.85,1678.9,1671.05,1674.35,1364
2024-07-12 10:45:00+05:30,1674.35,1675.2,1670.35,1672.0,1063
2024-07-12 11:00:00+05:30,1672.0,1679.0,1670.5,1672.2,2069
2024-07-12 11:15:00+05:30,1672.2,1674.9,1671.5,1671.5,1836
2024-07-12 11:30:00+05:30,1671.5,1672.6,1665.9,1668.75,3451
2024-07-12 11:45:00+05:30,1668.75,1672.0,1664.05,1671.8,3928
2024-07-12 12:00:00+05:30,1671.8,1673.45,1668.5,1668.5,747
2024-07-12 12:15:00+05:30,1669.6,1671.25,1668.2,1668.2,637
2024-07-12 12:30:00+05:30,1668.2,1671.75,1668.2,1670.65,1951
2024-07-12 12:45:00+05:30,1670.0,1670.3,1662.0,1664.5,20942
2024-07-12 13:00:00+05:30,1664.65,1664.8,1661.3,1663.6,2003
2024-07-12 13:15:00+05:30,1663.6,1669.15,1660.1,1669.15,8871
2024-07-12 13:30:00+05:30,1669.9,1671.5,1664.0,1667.05,2687
2024-07-12 13:45:00+05:30,1667.4,1668.0,1663.6,1665.4,3929
2024-07-12 14:00:00+05:30,1665.4,1667.5,1664.0,1666.15,59434
2024-07-12 14:15:00+05:30,1667.4,1667.5,1665.0,1666.5,1202
2024-07-12 14:30:00+05:30,1666.55,1667.5,1665.6,1666.4,1588
2024-07-12 14:45:00+05:30,1666.2,1667.5,1665.0,1666.55,2342
2024-07-12 15:00:00+05:30,1666.55,1667.4,1665.0,1666.15,2158
2024-07-12 15:15:00+05:30,1666.15,1675.0,1662.0,1665.0,25821
2024-07-12 15:30:00+05:30,1665.0,1670.0,1662.0,1664.0,106130
2024-07-15 09:30:00+05:30,1684.0,1684.0,1650.6,1654.1,9383
2024-07-15 09:45:00+05:30,1654.1,1662.7,1647.0,1650.9,10352
2024-07-15 10:00:00+05:30,1650.9,1653.15,1649.2,1650.85,1948
2024-07-15 10:15:00+05:30,1650.85,1655.25,1649.05,1655.25,3244
2024-07-15 10:30:00+05:30,1655.25,1659.25,1654.0,1656.7,3110
2024-07-15 10:45:00+05:30,1657.8,1661.7,1652.0,1655.8,2102
2024-07-15 11:00:00+05:30,1655.8,1658.1,1654.05,1656.5,1946
2024-07-15 11:15:00+05:30,1657.95,1659.4,1656.4,1658.95,622
2024-07-15 11:30:00+05:30,1658.95,1660.0,1655.0,1657.1,1420
2024-07-15 11:45:00+05:30,1656.0,1659.85,1654.15,1656.0,914
2024-07-15 12:00:00+05:30,1655.2,1659.0,1655.0,1657.0,847
2024-07-15 12:15:00+05:30,1657.0,1659.6,1655.25,1657.9,2242
2024-07-15 12:30:00+05:30,1657.9,1658.6,1655.6,1658.25,1294
2024-07-15 12:45:00+05:30,1658.25,1658.25,1655.05,1657.8,1246
2024-07-15 13:00:00+05:30,1657.8,1657.8,1656.3,1656.3,358
2024-07-15 13:15:00+05:30,1656.3,1656.45,1654.55,1656.25,2186
2024-07-15 13:30:00+05:30,1656.25,1657.0,1655.15,1656.05,631
2024-07-15 13:45:00+05:30,1656.05,1659.15,1655.35,1658.95,1225
2024-07-15 14:00:00+05:30,1658.85,1658.85,1655.15,1656.45,711
2024-07-15 14:15:00+05:30,1656.45,1668.45,1656.45,1663.6,4181
2024-07-15 14:30:00+05:30,1663.6,1668.0,1658.1,1666.9,4449
2024-07-15 14:45:00+05:30,1666.9,1672.05,1665.0,1668.0,14740
2024-07-15 15:00:00+05:30,1668.0,1679.65,1667.2,1679.55,6730
2024-07-15 15:15:00+05:30,1679.55,1682.8,1677.4,1678.3,13109
2024-07-15 15:30:00+05:30,1678.0,1682.2,1665.8,1671.5,12261
2024-07-16 09:30:00+05:30,1684.0,1685.0,1675.4,1678.2,7077
2024-07-16 09:45:00+05:30,1676.0,1693.0,1676.0,1690.0,9261
2024-07-16 10:00:00+05:30,1690.0,1695.5,1685.95,1692.85,9858
2024-07-16 10:15:00+05:30,1691.0,1694.8,1689.2,1694.55,4965
2024-07-16 10:30:00+05:30,1694.55,1694.8,1688.0,1689.5,3445
2024-07-16 10:45:00+05:30,1689.5,1693.0,1688.25,1691.7,2275
2024-07-16 11:00:00+05:30,1692.95,1694.0,1689.95,1691.8,2283
2024-07-16 11:15:00+05:30,1691.8,1693.4,1690.0,1692.95,812
2024-07-16 11:30:00+05:30,1692.95,1694.0,1687.45,1688.95,2088
2024-07-16 11:45:00+05:30,1688.9,1694.0,1687.0,1689.8,3684
2024-07-16 12:00:00+05:30,1689.9,1690.0,1683.25,1683.25,6482
2024-07-16 12:15:00+05:30,1683.25,1690.0,1683.0,1683.0,2858
2024-07-16 12:30:00+05:30,1683.0,1689.8,1681.3,1685.0,3036
2024-07-16 12:45:00+05:30,1685.0,1692.8,1685.0,1692.0,2494
2024-07-16 13:00:00+05:30,1692.0,1695.0,1690.2,1694.0,3261
2024-07-16 13:15:00+05:30,1694.0,1708.85,1691.05,1702.5,16831
2024-07-16 13:30:00+05:30,1702.5,1705.0,1699.6,1700.1,6206
2024-07-16 13:45:00+05:30,1700.1,1703.9,1698.4,1702.95,4595
2024-07-16 14:00:00+05:30,1702.95,1704.25,1699.2,1704.2,9014
2024-07-16 14:15:00+05:30,1704.25,1704.35,1699.3,1700.8,4430
2024-07-16 14:30:00+05:30,1700.8,1701.95,1697.05,1698.45,5982
2024-07-16 14:45:00+05:30,1698.45,1701.7,1696.85,1701.5,2365
2024-07-16 15:00:00+05:30,1701.5,1704.95,1700.75,1704.95,3390
2024-07-16 15:15:00+05:30,1704.95,1707.95,1703.55,1705.05,7990
2024-07-16 15:30:00+05:30,1705.8,1707.0,1699.25,1702.05,14875
2024-07-18 09:30:00+05:30,1712.0,1720.35,1698.7,1713.8,24067
2024-07-18 09:45:00+05:30,1711.95,1714.8,1696.05,1704.65,9296
2024-07-18 10:00:00+05:30,1705.35,1714.1,1705.35,1708.1,4641
2024-07-18 10:15:00+05:30,1710.05,1715.8,1708.0,1711.65,3281
2024-07-18 10:30:00+05:30,1711.65,1715.0,1707.6,1709.55,2990
2024-07-18 10:45:00+05:30,1709.55,1709.55,1699.95,1704.05,5693
2024-07-18 11:00:00+05:30,1704.05,1705.95,1695.65,1699.15,3299
2024-07-18 11:15:00+05:30,1699.15,1704.0,1691.15,1700.9,7088
2024-07-18 11:30:00+05:30,1697.1,1714.95,1697.0,1709.65,7698
2024-07-18 11:45:00+05:30,1709.65,1720.1,1704.0,1719.75,13483
2024-07-18 12:00:00+05:30,1720.0,1725.0,1710.5,1713.95,9756
2024-07-18 12:15:00+05:30,1714.0,1721.0,1710.2,1718.4,9090
2024-07-18 12:30:00+05:30,1718.4,1719.0,1712.0,1714.0,2843
2024-07-18 12:45:00+05:30,1713.9,1714.5,1711.7,1714.0,1146
2024-07-18 13:00:00+05:30,1714.0,1721.9,1712.35,1721.9,4783
2024-07-18 13:15:00+05:30,1721.5,1726.55,1702.25,1703.05,18869
2024-07-18 13:30:00+05:30,1702.0,1710.0,1697.2,1699.4,13780
2024-07-18 13:45:00+05:30,1698.7,1700.0,1695.4,1698.05,1501
2024-07-18 14:00:00+05:30,1698.05,1699.95,1695.05,1698.1,1537
2024-07-18 14:15:00+05:30,1698.1,1700.0,1687.2,1693.35,6588
2024-07-18 14:30:00+05:30,1692.55,1693.9,1688.4,1690.75,3651
2024-07-18 14:45:00+05:30,1690.75,1691.75,1688.65,1690.8,917
2024-07-18 15:00:00+05:30,1690.8,1695.0,1685.0,1689.05,3066
2024-07-18 15:15:00+05:30,1689.05,1695.55,1682.1,1684.8,6035
2024-07-18 15:30:00+05:30,1683.15,1695.0,1681.25,1690.0,8328
2024-07-19 09:30:00+05:30,1688.0,1693.3,1665.05,1675.5,6821
2024-07-19 09:45:00+05:30,1677.1,1683.8,1675.9,1678.3,5387
2024-07-19 10:00:00+05:30,1678.35,1681.55,1671.0,1674.75,3151
2024-07-19 10:15:00+05:30,1674.75,1675.85,1665.1,1665.1,3458
2024-07-19 10:30:00+05:30,1665.1,1671.6,1660.1,1668.8,8515
2024-07-19 10:45:00+05:30,1668.05,1671.1,1661.35,1665.95,1844
2024-07-19 11:00:00+05:30,1664.75,1668.3,1656.45,1660.05,7279
2024-07-19 11:15:00+05:30,1660.05,1661.25,1655.0,1657.5,2057
2024-07-19 11:30:00+05:30,1657.5,1661.75,1657.0,1659.7,2102
2024-07-19 11:45:00+05:30,1659.7,1662.3,1655.2,1657.15,2502
2024-07-19 12:00:00+05:30,1657.15,1664.0,1652.0,1654.95,6424
2024-07-19 12:15:00+05:30,1656.35,1661.4,1655.0,1658.65,2832
2024-07-19 12:30:00+05:30,1656.85,1663.25,1655.15,1663.25,1960
2024-07-19 12:45:00+05:30,1661.05,1664.1,1655.0,1656.0,6354
2024-07-19 13:00:00+05:30,1655.85,1660.45,1655.0,1656.0,1131
2024-07-19 13:15:00+05:30,1656.0,1659.55,1651.55,1655.65,2625
2024-07-19 13:30:00+05:30,1656.0,1657.2,1651.7,1654.5,1232
2024-07-19 13:45:00+05:30,1654.5,1654.55,1649.05,1652.0,5569
2024-07-19 14:00:00+05:30,1652.0,1657.9,1650.95,1656.0,3427
2024-07-19 14:15:00+05:30,1656.0,1656.0,1647.55,1649.35,2385
2024-07-19 14:30:00+05:30,1648.1,1660.0,1648.0,1651.75,2778
2024-07-19 14:45:00+05:30,1651.75,1652.0,1645.8,1651.9,3183
2024-07-19 15:00:00+05:30,1651.9,1686.0,1651.9,1683.9,29153
2024-07-19 15:15:00+05:30,1685.0,1689.95,1680.1,1688.5,21382
2024-07-19 15:30:00+05:30,1689.1,1697.0,1679.45,1679.45,27380
2024-07-22 09:30:00+05:30,1679.45,1679.45,1664.85,1679.0,6086
2024-07-22 09:45:00+05:30,1679.0,1679.0,1670.75,1673.4,1088
2024-07-22 10:00:00+05:30,1673.65,1679.0,1670.8,1674.05,2188
2024-07-22 10:15:00+05:30,1675.9,1677.65,1665.05,1677.35,4122
2024-07-22 10:30:00+05:30,1677.35,1678.0,1670.6,1672.95,1669
2024-07-22 10:45:00+05:30,1672.95,1676.9,1672.6,1676.9,1200
2024-07-22 11:00:00+05:30,1676.9,1678.95,1675.15,1676.55,2117
2024-07-22 11:15:00+05:30,1676.55,1678.95,1674.4,1675.35,1082
2024-07-22 11:30:00+05:30,1675.35,1677.4,1671.0,1672.75,1618
2024-07-22 11:45:00+05:30,1672.9,1675.0,1671.05,1672.3,659
2024-07-22 12:00:00+05:30,1672.3,1674.9,1671.5,1674.35,740
2024-07-22 12:15:00+05:30,1674.35,1686.95,1667.0,1686.95,3130
2024-07-22 12:30:00+05:30,1686.95,1704.0,1685.25,1700.0,9360
2024-07-22 12:45:00+05:30,1700.75,1703.45,1700.0,1703.45,3907
2024-07-22 13:00:00+05:30,1703.45,1704.0,1699.6,1701.4,7115
2024-07-22 13:15:00+05:30,1701.4,1701.4,1692.0,1699.9,3833
2024-07-22 13:30:00+05:30,1700.4,1704.0,1698.4,1698.4,2084
2024-07-22 13:45:00+05:30,1698.4,1698.65,1682.8,1685.45,4072
2024-07-22 14:00:00+05:30,1685.45,1685.45,1680.0,1682.0,2182
2024-07-22 14:15:00+05:30,1682.0,1682.0,1673.6,1674.05,2885
2024-07-22 14:30:00+05:30,1674.05,1676.2,1670.7,1673.5,2881
2024-07-22 14:45:00+05:30,1673.5,1688.0,1673.2,1685.5,7664
2024-07-22 15:00:00+05:30,1687.5,1718.4,1685.25,1717.0,23706
2024-07-22 15:15:00+05:30,1717.0,1724.0,1714.45,1714.95,18511
2024-07-22 15:30:00+05:30,1716.35,1725.0,1715.0,1715.65,18158
2024-07-23 09:30:00+05:30,1719.45,1725.0,1700.05,1704.9,11566
2024-07-23 09:45:00+05:30,1704.9,1706.15,1690.15,1695.0,5923
2024-07-23 10:00:00+05:30,1695.0,1700.85,1694.1,1698.3,2158
2024-07-23 10:15:00+05:30,1698.3,1700.0,1695.5,1699.2,3789
2024-07-23 10:30:00+05:30,1699.2,1705.0,1696.45,1699.4,2082
2024-07-23 10:45:00+05:30,1699.4,1700.8,1695.0,1697.2,1199
2024-07-23 11:00:00+05:30,1697.2,1708.4,1694.0,1707.0,1937
2024-07-23 11:15:00+05:30,1707.0,1709.6,1705.0,1709.55,2100
2024-07-23 11:30:00+05:30,1708.5,1710.0,1705.0,1708.2,2853
2024-07-23 11:45:00+05:30,1708.2,1709.0,1705.0,1706.75,2013
2024-07-23 12:00:00+05:30,1708.0,1709.9,1705.0,1706.45,1720
2024-07-23 12:15:00+05:30,1705.0,1712.0,1705.0,1712.0,1376
2024-07-23 12:30:00+05:30,1712.2,1720.4,1670.65,1671.25,16616
2024-07-23 12:45:00+05:30,1673.15,1700.85,1651.05,1698.15,8353
2024-07-23 13:00:00+05:30,1699.6,1702.7,1692.85,1697.15,5504
2024-07-23 13:15:00+05:30,1697.3,1705.0,1692.65,1697.5,3281
2024-07-23 13:30:00+05:30,1697.5,1701.3,1689.3,1692.5,3644
2024-07-23 13:45:00+05:30,1692.5,1696.8,1681.95,1692.85,3409
2024-07-23 14:00:00+05:30,1692.85,1699.05,1690.25,1696.15,2202
2024-07-23 14:15:00+05:30,1696.15,1703.9,1690.2,1698.15,3279
2024-07-23 14:30:00+05:30,1698.15,1700.6,1696.0,1699.3,1413
2024-07-23 14:45:00+05:30,1699.3,1710.0,1696.9,1708.2,5137
2024-07-23 15:00:00+05:30,1708.3,1710.0,1705.05,1706.9,2985
2024-07-23 15:15:00+05:30,1706.95,1710.0,1702.55,1705.95,5050
2024-07-23 15:30:00+05:30,1705.95,1709.1,1699.0,1702.0,7689
2024-07-24 09:30:00+05:30,1711.95,1722.95,1705.0,1720.0,7524
2024-07-24 09:45:00+05:30,1720.0,1741.55,1720.0,1741.05,28150
2024-07-24 10:00:00+05:30,1741.05,1757.75,1736.2,1750.0,33375
2024-07-24 10:15:00+05:30,1749.0,1750.0,1732.0,1733.95,9758
2024-07-24 10:30:00+05:30,1733.95,1740.1,1724.0,1724.7,8879
2024-07-24 10:45:00+05:30,1724.7,1730.3,1722.5,1724.4,3624
2024-07-24 11:00:00+05:30,1724.4,1725.0,1722.1,1724.3,1260
2024-07-24 11:15:00+05:30,1724.3,1725.0,1720.0,1722.85,2611
2024-07-24 11:30:00+05:30,1722.85,1725.0,1721.35,1722.0,1471
2024-07-24 11:45:00+05:30,1722.0,1724.05,1720.0,1722.95,1922
2024-07-24 12:00:00+05:30,1722.95,1724.95,1721.5,1724.45,761
2024-07-24 12:15:00+05:30,1722.9,1725.0,1720.1,1723.05,5286
2024-07-24 12:30:00+05:30,1723.05,1724.55,1717.0,1718.7,1356
2024-07-24 12:45:00+05:30,1718.7,1718.7,1711.6,1717.0,1463
2024-07-24 13:00:00+05:30,1717.0,1724.0,1717.0,1723.05,2337
2024-07-24 13:15:00+05:30,1723.05,1725.4,1722.15,1723.35,1906
2024-07-24 13:30:00+05:30,1723.35,1724.45,1718.25,1719.55,1470
2024-07-24 13:45:00+05:30,1719.55,1725.45,1719.55,1722.8,19916
2024-07-24 14:00:00+05:30,1722.8,1725.1,1715.15,1724.95,11624
2024-07-24 14:15:00+05:30,1724.95,1725.25,1722.2,1724.95,12092
2024-07-24 14:30:00+05:30,1724.95,1730.0,1722.8,1724.8,9985
2024-07-24 14:45:00+05:30,1722.95,1726.0,1721.35,1725.0,11179
2024-07-24 15:00:00+05:30,1725.0,1728.95,1722.55,1725.4,15615
2024-07-24 15:15:00+05:30,1723.95,1725.25,1715.0,1720.4,4469
2024-07-24 15:30:00+05:30,1722.0,1722.0,1715.0,1721.95,7397
2024-07-25 09:30:00+05:30,1715.25,1720.2,1701.4,1718.35,7289
2024-07-25 09:45:00+05:30,1718.35,1727.6,1715.8,1726.35,7892
2024-07-25 10:00:00+05:30,1724.25,1727.5,1711.6,1716.1,5895
2024-07-25 10:15:00+05:30,1714.7,1718.7,1711.25,1715.1,3195
2024-07-25 10:30:00+05:30,1715.1,1718.65,1712.5,1714.45,622
2024-07-25 10:45:00+05:30,1714.45,1718.1,1712.0,1715.15,1349
2024-07-25 11:00:00+05:30,1715.15,1718.0,1711.85,1715.35,997
2024-07-25 11:15:00+05:30,1715.4,1717.1,1710.5,1713.6,2343
2024-07-25 11:30:00+05:30,1713.6,1715.6,1709.45,1711.95,1378
2024-07-25 11:45:00+05:30,1712.05,1716.8,1709.85,1713.25,1259
2024-07-25 12:00:00+05:30,1713.25,1718.8,1713.25,1717.05,1307
2024-07-25 12:15:00+05:30,1717.05,1732.85,1717.0,1732.1,3956
2024-07-25 12:30:00+05:30,1732.1,1732.1,1730.0,1731.4,1482
2024-07-25 12:45:00+05:30,1731.7,1737.95,1730.6,1735.05,5217
2024-07-25 13:00:00+05:30,1735.0,1742.0,1735.0,1740.95,3513
2024-07-25 13:15:00+05:30,1740.95,1747.9,1730.0,1730.1,265046
2024-07-25 13:30:00+05:30,1730.1,1732.3,1722.0,1723.3,2359
2024-07-25 13:45:00+05:30,1722.0,1748.15,1720.75,1745.0,22296
2024-07-25 14:00:00+05:30,1743.15,1786.2,1743.15,1757.6,106273
2024-07-25 14:15:00+05:30,1757.6,1759.0,1740.4,1745.05,28920
2024-07-25 14:30:00+05:30,1747.05,1753.3,1745.0,1747.0,6473
2024-07-25 14:45:00+05:30,1746.9,1750.0,1737.6,1739.0,8515
2024-07-25 15:00:00+05:30,1739.0,1743.0,1736.5,1742.8,5740
2024-07-25 15:15:00+05:30,1742.8,1748.6,1737.0,1738.25,8598
2024-07-25 15:30:00+05:30,1737.35,1741.0,1735.0,1740.85,13737
2024-07-26 09:30:00+05:30,1762.3,1762.35,1735.45,1742.0,12856
2024-07-26 09:45:00+05:30,1742.0,1755.2,1739.9,1748.55,8760
2024-07-26 10:00:00+05:30,1750.95,1753.95,1745.0,1750.5,15998
2024-07-26 10:15:00+05:30,1751.15,1755.0,1743.05,1755.0,15439
2024-07-26 10:30:00+05:30,1755.0,1755.0,1743.05,1750.5,12471
2024-07-26 10:45:00+05:30,1750.5,1753.0,1743.75,1744.8,5827
2024-07-26 11:00:00+05:30,1744.8,1748.85,1743.4,1745.15,1121
2024-07-26 11:15:00+05:30,1745.15,1747.85,1744.95,1747.45,3959
2024-07-26 11:30:00+05:30,1747.45,1750.0,1743.05,1745.0,98850
2024-07-26 11:45:00+05:30,1745.0,1745.0,1733.15,1735.1,6374
2024-07-26 12:00:00+05:30,1735.1,1740.65,1733.05,1739.35,2756
2024-07-26 12:15:00+05:30,1738.4,1742.8,1735.0,1738.15,4527
2024-07-26 12:30:00+05:30,1739.95,1739.95,1735.25,1736.25,2250
2024-07-26 12:45:00+05:30,1737.8,1741.05,1733.2,1734.8,4547
2024-07-26 13:00:00+05:30,1734.8,1736.45,1730.05,1731.15,1958
2024-07-26 13:15:00+05:30,1731.15,1734.0,1730.5,1731.85,1995
2024-07-26 13:30:00+05:30,1731.85,1737.95,1730.5,1737.95,1464
2024-07-26 13:45:00+05:30,1737.9,1741.2,1735.5,1736.0,3638
2024-07-26 14:00:00+05:30,1736.0,1738.35,1732.1,1734.35,2128
2024-07-26 14:15:00+05:30,1735.8,1741.0,1734.1,1736.6,5092
2024-07-26 14:30:00+05:30,1737.8,1739.95,1733.35,1733.45,1571
2024-07-26 14:45:00+05:30,1733.45,1753.0,1733.45,1751.95,13396
2024-07-26 15:00:00+05:30,1752.0,1755.95,1752.0,1755.75,13088
2024-07-26 15:15:00+05:30,1755.75,1756.45,1727.0,1727.95,15467
2024-07-26 15:30:00+05:30,1729.45,1732.9,1710.0,1731.0,24427
2024-07-29 09:30:00+05:30,1734.9,1751.95,1734.45,1751.7,6030
2024-07-29 09:45:00+05:30,1750.55,1759.5,1745.05,1756.85,3708
2024-07-29 10:00:00+05:30,1755.0,1756.0,1748.65,1751.6,3058
2024-07-29 10:15:00+05:30,1751.6,1759.5,1749.15,1752.8,4688
2024-07-29 10:30:00+05:30,1752.8,1758.9,1750.0,1754.0,5188
2024-07-29 10:45:00+05:30,1755.65,1756.1,1751.0,1752.6,2747
2024-07-29 11:00:00+05:30,1753.9,1754.8,1750.5,1754.0,4087
2024-07-29 11:15:00+05:30,1754.0,1769.0,1752.5,1763.8,8726
2024-07-29 11:30:00+05:30,1763.8,1765.2,1747.0,1751.25,6690
2024-07-29 11:45:00+05:30,1751.7,1757.0,1747.4,1755.15,4612
2024-07-29 12:00:00+05:30,1755.5,1755.55,1744.05,1746.0,7706
2024-07-29 12:15:00+05:30,1745.85,1747.15,1735.05,1737.05,7836
2024-07-29 12:30:00+05:30,1736.9,1736.9,1726.05,1735.1,7127
2024-07-29 12:45:00+05:30,1735.1,1736.35,1728.55,1731.35,2369
2024-07-29 13:00:00+05:30,1731.35,1734.05,1728.05,1728.05,6021
2024-07-29 13:15:00+05:30,1728.4,1734.0,1725.0,1729.3,4944
2024-07-29 13:30:00+05:30,1729.3,1732.6,1725.05,1732.2,1047
2024-07-29 13:45:00+05:30,1732.2,1733.9,1728.0,1729.8,1388
2024-07-29 14:00:00+05:30,1729.65,1729.85,1722.55,1724.15,3891
2024-07-29 14:15:00+05:30,1724.1,1724.95,1718.1,1718.3,4374
2024-07-29 14:30:00+05:30,1719.05,1722.45,1718.3,1721.05,1937
2024-07-29 14:45:00+05:30,1721.05,1724.9,1719.0,1723.7,3239
2024-07-29 15:00:00+05:30,1723.7,1730.0,1706.65,1725.8,11219
2024-07-29 15:15:00+05:30,1725.8,1725.8,1715.95,1720.0,5900
2024-07-29 15:30:00+05:30,1720.0,1730.0,1713.7,1729.75,11389
2024-07-30 09:30:00+05:30,1719.75,1732.5,1715.0,1730.0,8325
2024-07-30 09:45:00+05:30,1730.0,1740.0,1725.35,1731.0,12808
2024-07-30 10:00:00+05:30,1731.0,1745.5,1729.0,1737.05,9688
2024-07-30 10:15:00+05:30,1737.05,1738.75,1727.65,1733.0,4151
2024-07-30 10:30:00+05:30,1732.15,1738.4,1730.05,1734.95,1493
2024-07-30 10:45:00+05:30,1734.95,1739.0,1733.25,1737.15,1596
2024-07-30 11:00:00+05:30,1737.15,1738.5,1733.8,1738.4,1811
2024-07-30 11:15:00+05:30,1738.4,1738.45,1732.0,1733.1,1279
2024-07-30 11:30:00+05:30,1733.1,1736.0,1730.0,1734.5,1129
2024-07-30 11:45:00+05:30,1735.75,1736.0,1732.75,1733.0,745
2024-07-30 12:00:00+05:30,1733.0,1734.5,1730.0,1730.6,1120
2024-07-30 12:15:00+05:30,1730.6,1732.35,1727.15,1730.35,1204
2024-07-30 12:30:00+05:30,1730.35,1733.5,1727.95,1731.65,1572
2024-07-30 12:45:00+05:30,1730.4,1731.75,1727.0,1729.5,584
2024-07-30 13:00:00+05:30,1729.0,1730.35,1725.85,1725.85,442
2024-07-30 13:15:00+05:30,1725.85,1728.1,1725.0,1727.35,757
2024-07-30 13:30:00+05:30,1727.35,1731.35,1724.0,1729.15,1627
2024-07-30 13:45:00+05:30,1729.15,1736.05,1728.7,1734.0,3424
2024-07-30 14:00:00+05:30,1734.0,1734.3,1728.75,1730.8,1630
2024-07-30 14:15:00+05:30,1731.45,1733.95,1728.8,1732.95,1556
2024-07-30 14:30:00+05:30,1732.95,1733.9,1731.1,1731.55,600
2024-07-30 14:45:00+05:30,1731.55,1736.25,1730.0,1735.95,3653
2024-07-30 15:00:00+05:30,1735.95,1736.2,1722.45,1723.25,6801
2024-07-30 15:15:00+05:30,1723.25,1735.0,1722.45,1731.2,7641
2024-07-30 15:30:00+05:30,1730.9,1737.95,1726.55,1732.0,6279
2024-07-31 09:30:00+05:30,1730.0,1742.6,1722.75,1731.35,12367
2024-07-31 09:45:00+05:30,1731.35,1745.15,1729.0,1738.05,12668
2024-07-31 10:00:00+05:30,1738.05,1741.25,1731.55,1739.0,9005
2024-07-31 10:15:00+05:30,1740.0,1743.05,1738.0,1742.25,5925
2024-07-31 10:30:00+05:30,1742.9,1765.5,1739.9,1763.55,33292
2024-07-31 10:45:00+05:30,1763.55,1766.35,1753.0,1757.0,12874
2024-07-31 11:00:00+05:30,1756.8,1768.0,1755.35,1768.0,9662
2024-07-31 11:15:00+05:30,1768.0,1772.45,1765.05,1767.7,15359
2024-07-31 11:30:00+05:30,1767.7,1773.95,1761.0,1761.6,10449
2024-07-31 11:45:00+05:30,1760.1,1764.8,1760.0,1763.45,7760
2024-07-31 12:00:00+05:30,1763.45,1763.5,1750.2,1750.2,8716
2024-07-31 12:15:00+05:30,1750.35,1752.4,1743.0,1748.45,4386
2024-07-31 12:30:00+05:30,1746.0,1747.75,1740.0,1743.05,5367
2024-07-31 12:45:00+05:30,1743.05,1748.5,1738.05,1745.4,3499
2024-07-31 13:00:00+05:30,1745.4,1748.0,1741.25,1741.8,2894
2024-07-31 13:15:00+05:30,1741.8,1747.95,1741.45,1745.8,1388
2024-07-31 13:30:00+05:30,1745.8,1747.25,1735.0,1736.0,8142
2024-07-31 13:45:00+05:30,1736.0,1737.25,1730.3,1730.95,8790
2024-07-31 14:00:00+05:30,1731.95,1735.2,1730.0,1732.0,6662
2024-07-31 14:15:00+05:30,1732.0,1733.5,1728.05,1729.0,6187
2024-07-31 14:30:00+05:30,1729.0,1731.9,1728.0,1728.95,4863
2024-07-31 14:45:00+05:30,1728.95,1732.9,1728.4,1730.05,5566
2024-07-31 15:00:00+05:30,1730.05,1735.95,1728.0,1735.95,5150
2024-07-31 15:15:00+05:30,1734.5,1736.05,1720.75,1721.2,17265
2024-07-31 15:30:00+05:30,1721.2,1728.45,1720.0,1728.0,17537
2024-08-01 09:30:00+05:30,1744.65,1744.65,1724.3,1728.45,7400
2024-08-01 09:45:00+05:30,1728.45,1729.95,1722.4,1726.4,4032
2024-08-01 10:00:00+05:30,1726.85,1732.45,1724.1,1731.3,2864
2024-08-01 10:15:00+05:30,1731.3,1733.6,1721.0,1727.4,5978
2024-08-01 10:30:00+05:30,1727.35,1734.0,1724.0,1728.6,4450
2024-08-01 10:45:00+05:30,1728.6,1729.5,1724.8,1726.45,1150
2024-08-01 11:00:00+05:30,1726.45,1726.45,1720.85,1722.15,2451
2024-08-01 11:15:00+05:30,1724.25,1726.15,1719.55,1725.6,1381
2024-08-01 11:30:00+05:30,1725.6,1729.15,1722.2,1726.25,4597
2024-08-01 11:45:00+05:30,1726.25,1729.65,1725.75,1726.8,370
2024-08-01 12:00:00+05:30,1726.8,1728.25,1722.0,1722.05,1058
2024-08-01 12:15:00+05:30,1722.05,1723.75,1718.0,1718.2,2000
2024-08-01 12:30:00+05:30,1718.2,1721.1,1717.55,1718.0,1616
2024-08-01 12:45:00+05:30,1718.0,1719.8,1714.35,1718.0,2491
2024-08-01 13:00:00+05:30,1718.0,1725.0,1711.0,1723.8,4068
2024-08-01 13:15:00+05:30,1723.8,1723.8,1718.0,1719.2,1657
2024-08-01 13:30:00+05:30,1719.2,1722.9,1718.25,1721.35,1620
2024-08-01 13:45:00+05:30,1719.95,1722.2,1718.05,1718.05,1145
2024-08-01 14:00:00+05:30,1718.05,1721.6,1717.5,1720.65,531
2024-08-01 14:15:00+05:30,1720.65,1720.9,1710.0,1710.65,5001
2024-08-01 14:30:00+05:30,1710.65,1714.9,1708.6,1708.6,2859
2024-08-01 14:45:00+05:30,1708.2,1722.1,1708.2,1712.05,3466
2024-08-01 15:00:00+05:30,1713.55,1720.0,1711.3,1714.05,4687
2024-08-01 15:15:00+05:30,1714.1,1719.0,1712.1,1713.2,8534
2024-08-01 15:30:00+05:30,1713.2,1718.0,1692.1,1702.55,15983
2024-08-02 09:30:00+05:30,1710.0,1710.0,1679.25,1690.0,10037
2024-08-02 09:45:00+05:30,1690.0,1691.05,1681.85,1683.95,5394
2024-08-02 10:00:00+05:30,1683.95,1684.65,1677.9,1681.35,5939
2024-08-02 10:15:00+05:30,1682.8,1684.7,1674.95,1682.05,5265
2024-08-02 10:30:00+05:30,1682.05,1688.0,1680.5,1687.6,1278
2024-08-02 10:45:00+05:30,1687.6,1690.6,1686.85,1689.95,2074
2024-08-02 11:00:00+05:30,1689.95,1693.8,1688.0,1691.15,1751
2024-08-02 11:15:00+05:30,1691.15,1692.0,1687.2,1691.5,2258
2024-08-02 11:30:00+05:30,1691.5,1691.95,1686.0,1686.95,2282
2024-08-02 11:45:00+05:30,1686.95,1687.95,1683.1,1686.15,1651
2024-08-02 12:00:00+05:30,1687.5,1688.0,1685.0,1686.8,981
2024-08-02 12:15:00+05:30,1686.7,1690.35,1684.15,1690.35,1598
2024-08-02 12:30:00+05:30,1690.35,1690.5,1683.0,1685.0,3985
2024-08-02 12:45:00+05:30,1685.0,1689.95,1682.7,1683.25,4129
2024-08-02 13:00:00+05:30,1683.25,1685.0,1681.3,1684.3,1163
2024-08-02 13:15:00+05:30,1684.3,1685.9,1683.5,1685.25,713
2024-08-02 13:30:00+05:30,1685.25,1687.85,1684.05,1687.6,1070
2024-08-02 13:45:00+05:30,1687.8,1690.0,1685.75,1689.9,926
2024-08-02 14:00:00+05:30,1689.9,1689.9,1685.0,1686.95,857
2024-08-02 14:15:00+05:30,1686.95,1687.0,1685.0,1686.05,849
2024-08-02 14:30:00+05:30,1686.05,1687.05,1684.05,1687.0,1037
2024-08-02 14:45:00+05:30,1687.0,1688.75,1684.85,1687.85,1231
2024-08-02 15:00:00+05:30,1687.85,1687.85,1680.05,1681.3,4267
2024-08-02 15:15:00+05:30,1681.3,1709.4,1680.15,1709.4,17447
2024-08-02 15:30:00+05:30,1708.6,1729.0,1700.0,1707.0,29125
2024-08-05 09:30:00+05:30,1677.0,1689.9,1651.05,1655.9,13827
2024-08-05 09:45:00+05:30,1655.9,1676.95,1655.9,1676.45,7900
2024-08-05 10:00:00+05:30,1676.45,1684.95,1674.35,1681.65,4547
2024-08-05 10:15:00+05:30,1682.95,1688.95,1680.0,1682.0,3921
2024-08-05 10:30:00+05:30,1682.0,1685.6,1677.35,1680.3,2226
2024-08-05 10:45:00+05:30,1680.25,1682.05,1672.0,1674.15,2531
2024-08-05 11:00:00+05:30,1674.15,1675.1,1660.05,1661.55,3997
2024-08-05 11:15:00+05:30,1661.55,1664.2,1655.0,1656.85,2891
2024-08-05 11:30:00+05:30,1656.8,1657.35,1645.0,1649.1,9983
2024-08-05 11:45:00+05:30,1649.9,1649.9,1639.0,1640.95,5556
2024-08-05 12:00:00+05:30,1641.8,1645.0,1633.2,1633.7,11721
2024-08-05 12:15:00+05:30,1633.7,1640.8,1628.65,1637.35,10134
2024-08-05 12:30:00+05:30,1637.35,1640.0,1637.35,1638.8,1581
2024-08-05 12:45:00+05:30,1638.95,1639.2,1631.6,1637.4,2365
2024-08-05 13:00:00+05:30,1637.95,1639.95,1630.0,1630.0,6350
2024-08-05 13:15:00+05:30,1631.0,1643.35,1630.0,1643.0,3687
2024-08-05 13:30:00+05:30,1643.0,1648.0,1632.0,1637.15,6075
2024-08-05 13:45:00+05:30,1637.45,1653.7,1636.65,1643.3,20434
2024-08-05 14:00:00+05:30,1643.8,1654.15,1642.9,1652.3,7004
2024-08-05 14:15:00+05:30,1652.3,1672.95,1652.1,1669.25,9319
2024-08-05 14:30:00+05:30,1670.0,1671.5,1659.95,1660.65,5789
2024-08-05 14:45:00+05:30,1660.65,1675.0,1660.0,1662.2,5404
2024-08-05 15:00:00+05:30,1662.2,1684.25,1662.2,1678.85,9601
2024-08-05 15:15:00+05:30,1678.95,1680.85,1667.15,1670.95,18719
2024-08-05 15:30:00+05:30,1672.6,1676.4,1661.6,1675.0,21806
2024-08-06 09:30:00+05:30,1679.9,1698.85,1673.0,1691.95,8018
2024-08-06 09:45:00+05:30,1692.45,1692.45,1679.0,1679.0,2778
2024-08-06 10:00:00+05:30,1679.0,1686.35,1676.0,1685.65,4074
2024-08-06 10:15:00+05:30,1686.85,1695.0,1683.7,1693.85,2884
2024-08-06 10:30:00+05:30,1693.85,1693.85,1680.45,1684.85,2134
2024-08-06 10:45:00+05:30,1684.85,1691.0,1680.0,1688.85,4076
2024-08-06 11:00:00+05:30,1688.85,1702.0,1686.85,1700.55,5446
2024-08-06 11:15:00+05:30,1700.55,1704.0,1690.65,1694.0,13614
2024-08-06 11:30:00+05:30,1694.0,1695.75,1683.0,1686.65,6514
2024-08-06 11:45:00+05:30,1686.1,1698.45,1684.9,1693.95,5996
2024-08-06 12:00:00+05:30,1693.15,1696.15,1689.6,1694.85,1366
2024-08-06 12:15:00+05:30,1694.35,1699.55,1692.6,1697.95,1811
2024-08-06 12:30:00+05:30,1697.35,1698.0,1694.5,1697.9,1994
2024-08-06 12:45:00+05:30,1697.9,1698.0,1688.95,1690.0,7745
2024-08-06 13:00:00+05:30,1691.95,1697.5,1691.45,1695.05,3298
2024-08-06 13:15:00+05:30,1695.25,1695.25,1689.15,1690.85,1495
2024-08-06 13:30:00+05:30,1690.85,1690.85,1685.0,1687.85,4034
2024-08-06 13:45:00+05:30,1687.85,1687.85,1681.7,1684.0,2340
2024-08-06 14:00:00+05:30,1683.8,1686.0,1680.65,1686.0,955
2024-08-06 14:15:00+05:30,1687.0,1688.15,1675.0,1677.9,1963
2024-08-06 14:30:00+05:30,1677.75,1682.45,1675.0,1676.4,2097
2024-08-06 14:45:00+05:30,1677.55,1680.2,1670.05,1674.2,3860
2024-08-06 15:00:00+05:30,1674.2,1680.0,1672.0,1673.0,2459
2024-08-06 15:15:00+05:30,1673.0,1676.45,1665.0,1667.25,3271
2024-08-06 15:30:00+05:30,1667.25,1676.0,1663.0,1676.0,9499
2024-08-07 09:30:00+05:30,1673.0,1687.75,1670.5,1670.5,7748
2024-08-07 09:45:00+05:30,1670.0,1693.65,1670.0,1685.1,8683
2024-08-07 10:00:00+05:30,1685.1,1690.0,1682.0,1686.35,3309
2024-08-07 10:15:00+05:30,1686.35,1686.35,1675.0,1677.3,2228
2024-08-07 10:30:00+05:30,1677.3,1687.9,1677.0,1687.9,999
2024-08-07 10:45:00+05:30,1687.9,1693.65,1684.15,1691.5,4800
2024-08-07 11:00:00+05:30,1691.5,1693.8,1683.15,1684.3,1439
2024-08-07 11:15:00+05:30,1684.3,1688.7,1683.2,1684.85,949
2024-08-07 11:30:00+05:30,1684.85,1685.55,1681.5,1685.55,786
2024-08-07 11:45:00+05:30,1685.55,1689.9,1678.5,1678.5,4994
2024-08-07 12:00:00+05:30,1678.5,1682.2,1676.05,1682.0,1881
2024-08-07 12:15:00+05:30,1682.0,1682.95,1679.2,1682.85,928
2024-08-07 12:30:00+05:30,1681.55,1682.65,1678.3,1680.1,742
2024-08-07 12:45:00+05:30,1680.4,1680.4,1674.35,1676.6,3191
2024-08-07 13:00:00+05:30,1676.6,1678.15,1666.6,1669.15,5268
2024-08-07 13:15:00+05:30,1668.75,1680.0,1668.05,1668.8,5574
2024-08-07 13:30:00+05:30,1668.8,1672.45,1667.0,1670.0,5060
2024-08-07 13:45:00+05:30,1671.25,1680.3,1671.25,1675.55,4963
2024-08-07 14:00:00+05:30,1675.55,1676.5,1669.45,1670.0,4617
2024-08-07 14:15:00+05:30,1670.0,1670.1,1667.35,1668.55,1182
2024-08-07 14:30:00+05:30,1668.55,1672.1,1668.0,1670.4,5229
2024-08-07 14:45:00+05:30,1670.4,1671.75,1669.1,1670.6,2139
2024-08-07 15:00:00+05:30,1670.0,1671.7,1666.0,1669.9,8492
2024-08-07 15:15:00+05:30,1669.9,1673.0,1667.25,1669.5,6621
2024-08-07 15:30:00+05:30,1669.5,1694.1,1660.0,1670.0,20504
2024-08-08 09:30:00+05:30,1757.95,1760.0,1702.0,1709.6,188875
2024-08-08 09:45:00+05:30,1711.0,1753.45,1706.0,1734.2,103249
2024-08-08 10:00:00+05:30,1734.15,1745.0,1728.0,1731.9,51629
2024-08-08 10:15:00+05:30,1731.85,1731.85,1706.0,1706.0,39172
2024-08-08 10:30:00+05:30,1706.0,1710.85,1705.0,1710.0,24427
2024-08-08 10:45:00+05:30,1710.0,1710.0,1702.0,1702.75,17509
2024-08-08 11:00:00+05:30,1702.75,1705.9,1691.3,1697.35,20957
2024-08-08 11:15:00+05:30,1697.55,1703.0,1696.0,1699.35,9255
2024-08-08 11:30:00+05:30,1699.35,1699.95,1694.25,1696.9,6098
2024-08-08 11:45:00+05:30,1696.9,1697.55,1680.3,1683.0,21124
2024-08-08 12:00:00+05:30,1682.7,1687.0,1677.7,1677.9,10033
2024-08-08 12:15:00+05:30,1677.9,1682.8,1675.0,1677.45,12914
2024-08-08 12:30:00+05:30,1677.45,1679.95,1677.45,1679.65,4400
2024-08-08 12:45:00+05:30,1679.85,1689.45,1679.85,1683.0,13565
2024-08-08 13:00:00+05:30,1685.0,1685.0,1676.75,1676.75,9846
2024-08-08 13:15:00+05:30,1677.95,1679.9,1675.0,1678.85,3867
2024-08-08 13:30:00+05:30,1678.85,1682.75,1676.0,1679.0,5503
2024-08-08 13:45:00+05:30,1679.0,1684.8,1678.7,1682.3,7644
2024-08-08 14:00:00+05:30,1682.25,1682.3,1678.0,1678.0,4534
2024-08-08 14:15:00+05:30,1679.15,1685.5,1675.75,1683.05,10497
2024-08-08 14:30:00+05:30,1683.05,1684.95,1675.0,1676.8,7025
2024-08-08 14:45:00+05:30,1676.8,1680.25,1675.0,1676.95,7500
2024-08-08 15:00:00+05:30,1676.95,1698.0,1676.05,1698.0,41036
2024-08-08 15:15:00+05:30,1698.0,1710.1,1695.05,1706.5,60616
2024-08-08 15:30:00+05:30,1706.5,1710.7,1678.55,1684.0,52876
2024-08-09 09:30:00+05:30,1708.9,1708.9,1685.0,1686.0,23271
2024-08-09 09:45:00+05:30,1685.6,1691.25,1681.25,1681.25,8481
2024-08-09 10:00:00+05:30,1681.25,1682.25,1676.05,1678.1,8661
2024-08-09 10:15:00+05:30,1676.1,1677.15,1672.0,1673.95,7219
2024-08-09 10:30:00+05:30,1673.85,1682.5,1668.0,1682.25,9787
2024-08-09 10:45:00+05:30,1683.4,1683.75,1678.0,1679.45,2173
2024-08-09 11:00:00+05:30,1679.45,1685.0,1677.0,1684.35,4894
2024-08-09 11:15:00+05:30,1684.3,1685.0,1681.2,1683.8,2883
2024-08-09 11:30:00+05:30,1683.8,1685.0,1682.05,1683.35,2339
2024-08-09 11:45:00+05:30,1683.35,1684.35,1678.55,1684.3,3080
2024-08-09 12:00:00+05:30,1684.3,1684.6,1681.6,1683.75,2092
2024-08-09 12:15:00+05:30,1683.85,1684.1,1678.0,1680.0,3720
2024-08-09 12:30:00+05:30,1680.0,1682.55,1678.0,1679.45,2925
2024-08-09 12:45:00+05:30,1679.5,1682.0,1679.0,1680.0,2493
2024-08-09 13:00:00+05:30,1680.3,1680.3,1677.6,1679.9,2509
2024-08-09 13:15:00+05:30,1679.9,1680.0,1677.05,1677.9,2395
2024-08-09 13:30:00+05:30,1677.7,1680.0,1677.2,1679.9,2296
2024-08-09 13:45:00+05:30,1678.5,1681.0,1677.4,1679.75,6261
2024-08-09 14:00:00+05:30,1679.75,1679.85,1677.25,1679.35,2261
2024-08-09 14:15:00+05:30,1679.35,1680.0,1674.0,1679.7,6936
2024-08-09 14:30:00+05:30,1679.7,1684.05,1678.05,1683.25,14810
2024-08-09 14:45:00+05:30,1683.25,1684.2,1680.15,1681.15,3381
2024-08-09 15:00:00+05:30,1682.35,1701.55,1681.5,1701.55,34062
2024-08-09 15:15:00+05:30,1700.65,1707.8,1687.65,1689.9,25154
2024-08-09 15:30:00+05:30,1689.4,1694.9,1675.0,1683.0,24305
2024-08-12 09:30:00+05:30,1670.0,1688.0,1663.05,1674.2,8809
2024-08-12 09:45:00+05:30,1674.2,1676.55,1666.0,1670.0,3651
2024-08-12 10:00:00+05:30,1670.0,1670.0,1662.0,1663.85,4715
2024-08-12 10:15:00+05:30,1663.85,1665.95,1660.55,1665.95,1943
2024-08-12 10:30:00+05:30,1664.35,1670.0,1664.35,1666.95,1822
2024-08-12 10:45:00+05:30,1667.0,1668.25,1664.0,1668.25,2011
2024-08-12 11:00:00+05:30,1668.25,1670.0,1666.15,1669.45,2075
2024-08-12 11:15:00+05:30,1669.85,1670.0,1662.7,1662.7,9109
2024-08-12 11:30:00+05:30,1663.5,1665.9,1660.5,1660.95,3045
2024-08-12 11:45:00+05:30,1660.95,1663.9,1660.5,1661.0,2468
2024-08-12 12:00:00+05:30,1661.0,1665.4,1661.0,1662.5,1588
2024-08-12 12:15:00+05:30,1662.6,1664.4,1660.6,1663.9,1641
2024-08-12 12:30:00+05:30,1662.75,1663.9,1660.05,1661.3,2980
2024-08-12 12:45:00+05:30,1661.3,1664.95,1661.0,1662.0,2144
2024-08-12 13:00:00+05:30,1662.0,1665.0,1662.0,1662.65,1456
2024-08-12 13:15:00+05:30,1662.65,1668.95,1662.4,1667.55,3197
2024-08-12 13:30:00+05:30,1667.0,1667.8,1664.0,1667.8,2794
2024-08-12 13:45:00+05:30,1667.7,1667.8,1666.1,1666.1,1015
2024-08-12 14:00:00+05:30,1666.1,1671.0,1666.0,1670.6,3753
2024-08-12 14:15:00+05:30,1670.6,1670.9,1665.0,1665.75,3509
2024-08-12 14:30:00+05:30,1665.05,1665.85,1662.45,1663.8,1190
2024-08-12 14:45:00+05:30,1663.8,1667.75,1662.8,1667.05,1487
2024-08-12 15:00:00+05:30,1667.05,1669.7,1665.05,1666.95,3548
2024-08-12 15:15:00+05:30,1666.95,1669.95,1665.45,1666.25,5032
2024-08-12 15:30:00+05:30,1667.0,1667.55,1661.0,1661.0,6814
2024-08-13 09:30:00+05:30,1675.0,1679.95,1662.85,1679.5,9997
2024-08-13 09:45:00+05:30,1679.5,1682.35,1670.5,1676.65,6307
2024-08-13 10:00:00+05:30,1676.9,1685.5,1674.85,1685.0,5677
2024-08-13 10:15:00+05:30,1685.0,1688.0,1683.0,1687.5,4538
2024-08-13 10:30:00+05:30,1687.5,1689.8,1680.0,1681.8,25708
2024-08-13 10:45:00+05:30,1683.45,1684.8,1680.0,1683.7,24487
2024-08-13 11:00:00+05:30,1683.7,1686.75,1681.15,1683.65,3679
2024-08-13 11:15:00+05:30,1683.65,1686.8,1675.05,1679.55,7911
2024-08-13 11:30:00+05:30,1679.55,1681.9,1675.65,1676.0,3412
2024-08-13 11:45:00+05:30,1676.0,1679.6,1674.05,1678.4,3290
2024-08-13 12:00:00+05:30,1678.4,1679.7,1676.8,1678.55,2812
2024-08-13 12:15:00+05:30,1678.55,1679.9,1673.3,1678.45,2911
2024-08-13 12:30:00+05:30,1678.5,1679.65,1676.2,1678.95,2586
2024-08-13 12:45:00+05:30,1679.25,1679.25,1674.0,1678.3,3914
2024-08-13 13:00:00+05:30,1678.35,1678.4,1665.25,1666.55,4526
2024-08-13 13:15:00+05:30,1666.55,1677.95,1662.0,1677.95,3633
2024-08-13 13:30:00+05:30,1677.95,1679.5,1675.05,1678.9,3907
2024-08-13 13:45:00+05:30,1678.55,1679.6,1674.95,1678.45,5023
2024-08-13 14:00:00+05:30,1676.7,1679.35,1669.0,1669.0,3318
2024-08-13 14:15:00+05:30,1669.7,1670.15,1663.05,1666.0,2179
2024-08-13 14:30:00+05:30,1665.0,1686.5,1663.05,1677.05,27430
2024-08-13 14:45:00+05:30,1677.05,1678.55,1662.0,1664.35,6662
2024-08-13 15:00:00+05:30,1664.35,1665.7,1659.1,1660.75,4561
2024-08-13 15:15:00+05:30,1660.75,1664.9,1655.05,1657.3,6287
2024-08-13 15:30:00+05:30,1657.8,1657.8,1650.0,1655.0,7474
2024-08-14 09:30:00+05:30,1660.0,1663.75,1634.05,1639.2,11264
2024-08-14 09:45:00+05:30,1639.2,1639.2,1628.0,1631.1,7830
2024-08-14 10:00:00+05:30,1632.8,1644.95,1632.45,1641.75,4244
2024-08-14 10:15:00+05:30,1641.75,1645.0,1640.25,1641.0,1173
2024-08-14 10:30:00+05:30,1641.0,1652.75,1640.3,1647.15,3328
2024-08-14 10:45:00+05:30,1647.15,1650.85,1647.15,1650.05,718
2024-08-14 11:00:00+05:30,1650.05,1650.65,1647.1,1647.1,1379
2024-08-14 11:15:00+05:30,1647.1,1647.1,1644.1,1644.5,516
2024-08-14 11:30:00+05:30,1644.5,1648.8,1643.05,1648.0,1388
2024-08-14 11:45:00+05:30,1648.0,1648.3,1645.4,1645.4,761
2024-08-14 12:00:00+05:30,1645.4,1648.75,1643.25,1646.65,773
2024-08-14 12:15:00+05:30,1647.3,1647.5,1645.65,1646.4,236
2024-08-14 12:30:00+05:30,1646.4,1657.05,1644.65,1654.9,2886
2024-08-14 12:45:00+05:30,1654.9,1656.0,1646.0,1647.05,1142
2024-08-14 13:00:00+05:30,1647.05,1650.45,1647.05,1649.65,685
2024-08-14 13:15:00+05:30,1649.65,1649.65,1648.05,1648.9,175
2024-08-14 13:30:00+05:30,1648.9,1648.9,1638.5,1638.5,786
2024-08-14 13:45:00+05:30,1638.55,1639.55,1635.85,1638.8,2819
2024-08-14 14:00:00+05:30,1638.8,1639.05,1634.2,1635.0,1218
2024-08-14 14:15:00+05:30,1635.0,1640.45,1635.0,1639.65,17902
2024-08-14 14:30:00+05:30,1639.6,1644.85,1635.55,1635.55,15392
2024-08-14 14:45:00+05:30,1635.55,1636.0,1630.0,1631.65,3120
2024-08-14 15:00:00+05:30,1630.65,1640.0,1630.65,1640.0,15244
2024-08-14 15:15:00+05:30,1640.0,1659.9,1638.4,1650.4,25879
2024-08-14 15:30:00+05:30,1650.4,1658.0,1643.15,1650.0,19602
2024-08-16 09:30:00+05:30,1651.0,1656.6,1635.15,1636.15,7319
2024-08-16 09:45:00+05:30,1635.15,1659.0,1635.05,1656.0,8727
2024-08-16 10:00:00+05:30,1656.0,1656.95,1651.0,1652.5,3446
2024-08-16 10:15:00+05:30,1652.5,1662.0,1651.05,1662.0,3026
2024-08-16 10:30:00+05:30,1662.0,1662.0,1655.7,1656.85,1980
2024-08-16 10:45:00+05:30,1656.85,1657.6,1655.5,1656.7,1313
2024-08-16 11:00:00+05:30,1656.7,1656.7,1655.0,1656.2,1447
2024-08-16 11:15:00+05:30,1656.2,1656.2,1648.35,1648.55,16268
2024-08-16 11:30:00+05:30,1648.55,1657.95,1648.5,1654.05,14368
2024-08-16 11:45:00+05:30,1654.05,1655.0,1651.05,1654.4,1214
2024-08-16 12:00:00+05:30,1654.4,1655.0,1653.45,1654.95,15031
2024-08-16 12:15:00+05:30,1654.95,1668.05,1654.55,1666.55,10695
2024-08-16 12:30:00+05:30,1666.55,1667.6,1661.8,1664.65,1964
2024-08-16 12:45:00+05:30,1664.65,1665.95,1663.1,1663.95,1601
2024-08-16 13:00:00+05:30,1663.95,1670.0,1662.5,1667.25,34409
2024-08-16 13:15:00+05:30,1666.9,1668.0,1664.85,1668.0,7848
2024-08-16 13:30:00+05:30,1667.3,1667.9,1665.0,1666.55,1177
2024-08-16 13:45:00+05:30,1666.55,1666.95,1664.8,1666.0,11493
2024-08-16 14:00:00+05:30,1666.0,1667.0,1665.55,1667.0,2212
2024-08-16 14:15:00+05:30,1667.0,1667.0,1660.4,1661.85,8205
2024-08-16 14:30:00+05:30,1661.85,1667.0,1660.0,1667.0,8783
2024-08-16 14:45:00+05:30,1667.0,1667.0,1661.1,1661.1,5778
2024-08-16 15:00:00+05:30,1661.1,1667.2,1661.1,1667.0,38458
2024-08-16 15:15:00+05:30,1667.0,1667.3,1665.9,1667.0,20604
2024-08-16 15:30:00+05:30,1667.0,1667.0,1660.25,1663.0,17619
2024-08-19 09:30:00+05:30,1693.2,1693.2,1668.8,1674.25,6621
2024-08-19 09:45:00+05:30,1674.25,1674.3,1667.0,1671.1,5961
2024-08-19 10:00:00+05:30,1671.1,1671.1,1665.8,1667.05,2932
2024-08-19 10:15:00+05:30,1667.05,1670.0,1665.3,1666.9,3021
2024-08-19 10:30:00+05:30,1666.9,1668.35,1665.3,1666.35,3596
2024-08-19 10:45:00+05:30,1666.35,1678.35,1665.0,1671.5,17322
2024-08-19 11:00:00+05:30,1671.5,1675.05,1671.45,1674.75,6128
2024-08-19 11:15:00+05:30,1674.75,1675.5,1671.0,1674.5,4695
2024-08-19 11:30:00+05:30,1674.5,1693.2,1674.5,1688.1,24781
2024-08-19 11:45:00+05:30,1688.1,1715.8,1688.1,1696.9,21196
2024-08-19 12:00:00+05:30,1696.95,1697.5,1693.3,1694.65,2682
2024-08-19 12:15:00+05:30,1694.95,1695.1,1690.0,1690.0,2734
2024-08-19 12:30:00+05:30,1690.0,1699.2,1690.0,1693.6,4915
2024-08-19 12:45:00+05:30,1693.6,1694.85,1690.5,1690.5,2323
2024-08-19 13:00:00+05:30,1690.5,1694.6,1685.0,1691.2,10766
2024-08-19 13:15:00+05:30,1691.2,1697.95,1690.05,1695.2,3996
2024-08-19 13:30:00+05:30,1695.2,1696.65,1693.0,1695.15,5202
2024-08-19 13:45:00+05:30,1695.15,1697.65,1690.6,1690.6,4239
2024-08-19 14:00:00+05:30,1690.6,1696.0,1690.6,1694.3,6455
2024-08-19 14:15:00+05:30,1694.3,1696.0,1692.1,1694.0,1396
2024-08-19 14:30:00+05:30,1694.0,1696.65,1693.05,1695.3,3767
2024-08-19 14:45:00+05:30,1695.3,1696.95,1693.15,1695.65,11645
2024-08-19 15:00:00+05:30,1696.6,1698.0,1695.0,1697.4,8831
2024-08-19 15:15:00+05:30,1697.6,1704.0,1694.35,1704.0,25640
2024-08-19 15:30:00+05:30,1701.3,1704.85,1694.05,1700.0,30641
2024-08-20 09:30:00+05:30,1700.0,1739.65,1698.8,1739.65,29582
2024-08-20 09:45:00+05:30,1739.65,1741.2,1716.0,1716.0,13208
2024-08-20 10:00:00+05:30,1717.0,1724.8,1715.75,1720.3,6310
2024-08-20 10:15:00+05:30,1720.3,1722.95,1715.3,1718.0,4369
2024-08-20 10:30:00+05:30,1717.0,1718.5,1711.2,1714.3,2832
2024-08-20 10:45:00+05:30,1714.3,1714.95,1704.0,1705.05,3803
2024-08-20 11:00:00+05:30,1705.05,1705.05,1698.85,1701.95,3798
2024-08-20 11:15:00+05:30,1701.95,1706.9,1699.2,1701.6,3877
2024-08-20 11:30:00+05:30,1701.0,1702.6,1695.0,1698.1,1195
2024-08-20 11:45:00+05:30,1697.1,1698.45,1691.0,1695.45,3576
2024-08-20 12:00:00+05:30,1695.45,1695.5,1691.0,1695.4,1473
2024-08-20 12:15:00+05:30,1695.4,1708.9,1693.45,1706.85,5594
2024-08-20 12:30:00+05:30,1706.7,1706.7,1701.05,1704.9,2384
2024-08-20 12:45:00+05:30,1703.4,1715.0,1702.0,1712.25,4467
2024-08-20 13:00:00+05:30,1712.0,1726.0,1710.05,1719.2,21572
2024-08-20 13:15:00+05:30,1720.85,1725.8,1717.05,1723.2,4749
2024-08-20 13:30:00+05:30,1723.2,1724.0,1717.65,1723.3,4739
2024-08-20 13:45:00+05:30,1723.3,1723.95,1711.85,1715.0,19697
2024-08-20 14:00:00+05:30,1715.0,1715.5,1713.45,1715.0,4014
2024-08-20 14:15:00+05:30,1715.05,1715.5,1712.95,1714.95,3270
2024-08-20 14:30:00+05:30,1714.9,1715.0,1710.0,1715.0,6835
2024-08-20 14:45:00+05:30,1715.0,1717.0,1714.55,1715.05,2382
2024-08-20 15:00:00+05:30,1716.7,1719.95,1715.0,1716.15,20045
2024-08-20 15:15:00+05:30,1716.0,1718.0,1711.3,1711.75,17722
2024-08-20 15:30:00+05:30,1711.75,1716.0,1703.55,1716.0,8611
2024-08-21 09:30:00+05:30,1710.0,1711.15,1700.1,1708.4,5985
2024-08-21 09:45:00+05:30,1708.4,1709.65,1706.0,1707.5,2504
2024-08-21 10:00:00+05:30,1708.55,1709.05,1703.0,1706.2,5088
2024-08-21 10:15:00+05:30,1706.2,1706.2,1701.0,1705.2,4663
2024-08-21 10:30:00+05:30,1704.15,1708.2,1702.3,1703.95,2338
2024-08-21 10:45:00+05:30,1703.95,1705.45,1700.05,1704.65,4421
2024-08-21 11:00:00+05:30,1704.25,1707.0,1702.65,1706.25,1985
2024-08-21 11:15:00+05:30,1706.25,1711.15,1704.1,1711.1,3834
2024-08-21 11:30:00+05:30,1711.1,1715.0,1707.55,1712.15,7601
2024-08-21 11:45:00+05:30,1711.25,1712.0,1709.0,1710.7,2722
2024-08-21 12:00:00+05:30,1710.95,1731.1,1706.1,1726.85,24605
2024-08-21 12:15:00+05:30,1726.75,1729.0,1724.0,1726.35,2437
2024-08-21 12:30:00+05:30,1727.0,1730.0,1725.95,1726.95,5869
2024-08-21 12:45:00+05:30,1725.6,1726.95,1721.4,1724.0,2210
2024-08-21 13:00:00+05:30,1724.15,1725.0,1722.0,1724.0,1448
2024-08-21 13:15:00+05:30,1724.0,1724.0,1717.05,1718.25,3282
2024-08-21 13:30:00+05:30,1718.25,1721.0,1716.65,1718.95,2459
2024-08-21 13:45:00+05:30,1716.6,1721.0,1716.3,1719.75,2404
2024-08-21 14:00:00+05:30,1719.75,1720.0,1717.6,1718.2,1494
2024-08-21 14:15:00+05:30,1718.0,1719.6,1715.7,1717.7,1748
2024-08-21 14:30:00+05:30,1719.35,1719.95,1711.2,1712.2,2551
2024-08-21 14:45:00+05:30,1713.2,1718.35,1710.15,1717.5,9368
2024-08-21 15:00:00+05:30,1717.5,1722.0,1716.5,1722.0,1979
2024-08-21 15:15:00+05:30,1721.95,1725.0,1721.45,1724.95,7832
2024-08-21 15:30:00+05:30,1724.95,1728.0,1719.9,1720.0,9669
2024-08-22 09:30:00+05:30,1725.2,1737.0,1723.6,1733.45,10021
2024-08-22 09:45:00+05:30,1733.45,1735.7,1730.75,1732.6,4206
2024-08-22 10:00:00+05:30,1732.6,1745.3,1731.95,1738.35,14185
2024-08-22 10:15:00+05:30,1738.35,1740.0,1734.5,1735.5,3472
2024-08-22 10:30:00+05:30,1736.0,1740.05,1732.5,1740.05,4414
2024-08-22 10:45:00+05:30,1741.6,1758.0,1740.0,1755.95,33209
2024-08-22 11:00:00+05:30,1755.95,1768.2,1752.0,1765.35,24051
2024-08-22 11:15:00+05:30,1765.4,1768.7,1762.85,1767.5,12988
2024-08-22 11:30:00+05:30,1768.75,1780.15,1764.1,1777.9,22438
2024-08-22 11:45:00+05:30,1776.35,1796.0,1772.75,1774.9,72254
2024-08-22 12:00:00+05:30,1778.45,1778.45,1757.1,1763.9,29910
2024-08-22 12:15:00+05:30,1763.8,1763.95,1752.0,1757.65,10119
2024-08-22 12:30:00+05:30,1757.7,1759.5,1752.0,1753.65,5834
2024-08-22 12:45:00+05:30,1753.65,1769.0,1751.8,1756.95,8589
2024-08-22 13:00:00+05:30,1758.5,1761.2,1751.5,1758.8,4734
2024-08-22 13:15:00+05:30,1758.8,1762.35,1756.25,1758.55,3310
2024-08-22 13:30:00+05:30,1758.55,1761.0,1757.0,1758.45,2424
2024-08-22 13:45:00+05:30,1758.45,1761.0,1756.2,1757.95,2808
2024-08-22 14:00:00+05:30,1758.45,1759.95,1754.45,1755.75,2657
2024-08-22 14:15:00+05:30,1755.75,1759.35,1751.75,1757.35,2346
2024-08-22 14:30:00+05:30,1757.35,1765.0,1755.6,1760.1,5003
2024-08-22 14:45:00+05:30,1760.1,1765.0,1760.0,1761.5,3866
2024-08-22 15:00:00+05:30,1761.5,1764.5,1759.55,1761.05,7253
2024-08-22 15:15:00+05:30,1761.05,1769.95,1760.55,1765.75,13121
2024-08-22 15:30:00+05:30,1765.75,1769.0,1760.1,1763.0,16236
2024-08-23 09:30:00+05:30,1780.0,1785.0,1765.6,1782.6,19184
2024-08-23 09:45:00+05:30,1782.6,1786.15,1778.55,1780.15,20083
2024-08-23 10:00:00+05:30,1780.0,1781.5,1779.05,1780.75,7653
2024-08-23 10:15:00+05:30,1780.75,1782.45,1779.25,1781.15,7098
2024-08-23 10:30:00+05:30,1781.15,1781.9,1778.55,1780.9,17235
2024-08-23 10:45:00+05:30,1781.2,1781.9,1780.5,1781.1,3499
2024-08-23 11:00:00+05:30,1781.7,1788.0,1780.5,1786.0,7717
2024-08-23 11:15:00+05:30,1786.95,1788.95,1780.75,1781.55,3999
2024-08-23 11:30:00+05:30,1781.55,1784.3,1780.75,1782.9,2387
2024-08-23 11:45:00+05:30,1782.9,1787.75,1782.4,1785.85,4481
2024-08-23 12:00:00+05:30,1785.35,1786.45,1784.35,1785.2,3397
2024-08-23 12:15:00+05:30,1785.2,1785.65,1782.5,1783.0,2357
2024-08-23 12:30:00+05:30,1783.0,1787.0,1782.85,1786.75,4303
2024-08-23 12:45:00+05:30,1786.75,1789.95,1784.75,1786.05,5055
2024-08-23 13:00:00+05:30,1786.2,1787.0,1785.0,1785.8,1727
2024-08-23 13:15:00+05:30,1785.8,1788.0,1785.0,1787.95,2954
2024-08-23 13:30:00+05:30,1788.1,1798.0,1788.1,1793.0,33002
2024-08-23 13:45:00+05:30,1793.0,1806.6,1793.0,1803.5,46382
2024-08-23 14:00:00+05:30,1804.4,1811.95,1799.75,1808.95,58818
2024-08-23 14:15:00+05:30,1809.0,1810.0,1804.0,1805.75,55170
2024-08-23 14:30:00+05:30,1805.75,1824.0,1805.0,1818.0,50035
2024-08-23 14:45:00+05:30,1818.0,1822.55,1812.35,1817.6,31918
2024-08-23 15:00:00+05:30,1818.55,1834.6,1818.55,1828.1,69529
2024-08-23 15:15:00+05:30,1827.5,1854.0,1826.0,1844.3,143338
2024-08-23 15:30:00+05:30,1844.3,1857.0,1837.9,1855.25,84458
2024-08-26 09:30:00+05:30,1880.0,1910.0,1852.0,1860.55,196976
2024-08-26 09:45:00+05:30,1860.55,1865.4,1835.65,1849.25,71207
2024-08-26 10:00:00+05:30,1849.25,1862.65,1848.25,1853.3,49071
2024-08-26 10:15:00+05:30,1853.45,1854.4,1840.1,1847.2,24719
2024-08-26 10:30:00+05:30,1847.2,1847.2,1827.35,1832.95,25053
2024-08-26 10:45:00+05:30,1832.95,1838.0,1830.3,1830.4,12027
2024-08-26 11:00:00+05:30,1830.95,1845.0,1829.0,1840.0,23918
2024-08-26 11:15:00+05:30,1839.1,1854.45,1838.0,1841.75,22228
2024-08-26 11:30:00+05:30,1841.55,1850.8,1838.35,1847.3,10976
2024-08-26 11:45:00+05:30,1847.3,1848.85,1842.55,1846.75,7061
2024-08-26 12:00:00+05:30,1846.75,1847.0,1832.85,1845.0,11380
2024-08-26 12:15:00+05:30,1845.0,1846.9,1840.95,1841.8,5081
2024-08-26 12:30:00+05:30,1842.35,1843.8,1838.6,1840.65,3344
2024-08-26 12:45:00+05:30,1840.45,1844.15,1840.35,1842.35,2878
2024-08-26 13:00:00+05:30,1842.35,1842.35,1833.5,1835.3,8692
2024-08-26 13:15:00+05:30,1833.95,1840.0,1833.65,1837.15,3242
2024-08-26 13:30:00+05:30,1837.15,1841.0,1835.0,1835.5,4024
2024-08-26 13:45:00+05:30,1835.5,1837.85,1833.5,1836.7,3627
2024-08-26 14:00:00+05:30,1836.7,1837.0,1832.25,1833.25,4293
2024-08-26 14:15:00+05:30,1833.25,1833.95,1830.0,1832.2,6081
2024-08-26 14:30:00+05:30,1831.65,1834.45,1830.0,1831.0,4727
2024-08-26 14:45:00+05:30,1831.0,1834.45,1829.0,1830.05,5177
2024-08-26 15:00:00+05:30,1830.0,1839.0,1829.0,1837.55,7213
2024-08-26 15:15:00+05:30,1837.6,1841.0,1831.6,1835.85,22036
2024-08-26 15:30:00+05:30,1835.75,1836.0,1823.05,1829.9,32156
2024-08-27 09:30:00+05:30,1842.0,1842.0,1818.3,1826.0,13865
2024-08-27 09:45:00+05:30,1826.0,1829.0,1824.0,1826.85,9068
2024-08-27 10:00:00+05:30,1826.85,1839.8,1820.0,1833.2,8796
2024-08-27 10:15:00+05:30,1833.2,1840.0,1831.45,1835.4,4232
2024-08-27 10:30:00+05:30,1835.4,1836.0,1824.0,1826.6,3779
2024-08-27 10:45:00+05:30,1826.6,1832.85,1823.0,1832.85,3718
2024-08-27 11:00:00+05:30,1832.85,1832.85,1822.45,1824.95,9792
2024-08-27 11:15:00+05:30,1824.95,1830.45,1823.25,1829.75,1810
2024-08-27 11:30:00+05:30,1829.75,1830.05,1825.9,1828.0,3065
2024-08-27 11:45:00+05:30,1828.45,1855.0,1825.5,1853.25,13523
2024-08-27 12:00:00+05:30,1853.25,1867.35,1848.0,1851.3,26901
2024-08-27 12:15:00+05:30,1851.3,1851.3,1823.45,1824.0,16170
2024-08-27 12:30:00+05:30,1823.45,1825.25,1815.05,1822.0,25721
2024-08-27 12:45:00+05:30,1822.0,1824.6,1819.0,1819.0,6396
2024-08-27 13:00:00+05:30,1819.0,1820.25,1816.05,1818.0,3083
2024-08-27 13:15:00+05:30,1818.0,1820.0,1808.05,1810.9,12775
2024-08-27 13:30:00+05:30,1809.55,1813.95,1809.0,1812.85,5743
2024-08-27 13:45:00+05:30,1812.85,1814.8,1809.0,1810.45,4085
2024-08-27 14:00:00+05:30,1810.0,1811.5,1808.15,1810.3,6018
2024-08-27 14:15:00+05:30,1810.3,1811.95,1809.5,1810.0,3658
2024-08-27 14:30:00+05:30,1809.95,1815.05,1805.05,1809.75,5904
2024-08-27 14:45:00+05:30,1809.75,1811.95,1807.4,1808.25,5187
2024-08-27 15:00:00+05:30,1808.2,1810.6,1808.0,1810.0,4979
2024-08-27 15:15:00+05:30,1809.45,1811.55,1800.0,1805.95,20985
2024-08-27 15:30:00+05:30,1807.25,1817.85,1801.95,1817.0,12824
2024-08-28 09:30:00+05:30,1824.0,1831.2,1822.35,1831.2,13277
2024-08-28 09:45:00+05:30,1831.2,1833.85,1805.0,1819.5,20977
2024-08-28 10:00:00+05:30,1819.5,1824.95,1816.7,1822.0,5296
2024-08-28 10:15:00+05:30,1820.2,1822.5,1817.55,1821.8,2635
2024-08-28 10:30:00+05:30,1821.8,1830.95,1820.2,1828.6,4441
2024-08-28 10:45:00+05:30,1828.6,1830.35,1825.05,1827.3,1490
2024-08-28 11:00:00+05:30,1827.3,1831.1,1820.1,1821.8,5471
2024-08-28 11:15:00+05:30,1821.85,1847.75,1821.85,1844.0,10968
2024-08-28 11:30:00+05:30,1844.0,1852.95,1840.35,1842.6,17706
2024-08-28 11:45:00+05:30,1842.6,1855.0,1841.3,1852.7,8520
2024-08-28 12:00:00+05:30,1852.45,1855.4,1846.05,1851.5,9312
2024-08-28 12:15:00+05:30,1851.05,1851.5,1840.0,1843.75,6209
2024-08-28 12:30:00+05:30,1843.75,1843.75,1831.7,1835.25,4730
2024-08-28 12:45:00+05:30,1836.75,1838.3,1834.05,1834.05,915
2024-08-28 13:00:00+05:30,1834.05,1836.7,1833.0,1833.05,1726
2024-08-28 13:15:00+05:30,1834.0,1834.6,1828.2,1832.45,58293
2024-08-28 13:30:00+05:30,1832.45,1835.75,1830.25,1833.8,1248
2024-08-28 13:45:00+05:30,1833.8,1835.25,1825.15,1826.1,3869
2024-08-28 14:00:00+05:30,1826.1,1828.8,1824.25,1824.25,1231
2024-08-28 14:15:00+05:30,1824.25,1831.55,1824.2,1827.5,2868
2024-08-28 14:30:00+05:30,1827.5,1829.4,1820.65,1822.95,5568
2024-08-28 14:45:00+05:30,1822.95,1833.1,1818.6,1829.05,5368
2024-08-28 15:00:00+05:30,1829.05,1844.1,1829.05,1838.25,8851
2024-08-28 15:15:00+05:30,1839.9,1844.0,1835.75,1837.35,7833
2024-08-28 15:30:00+05:30,1837.35,1840.0,1820.05,1828.45,12093
2024-08-29 09:30:00+05:30,1849.0,1849.0,1828.0,1831.45,6037
2024-08-29 09:45:00+05:30,1831.45,1836.9,1828.55,1835.35,4675
2024-08-29 10:00:00+05:30,1835.35,1841.7,1833.25,1836.9,3817
2024-08-29 10:15:00+05:30,1836.9,1837.35,1832.0,1832.0,1677
2024-08-29 10:30:00+05:30,1832.0,1833.9,1830.05,1830.05,2289
2024-08-29 10:45:00+05:30,1830.05,1830.05,1818.3,1820.15,4823
2024-08-29 11:00:00+05:30,1820.15,1821.9,1812.0,1813.55,3245
2024-08-29 11:15:00+05:30,1813.55,1820.25,1812.05,1814.45,4263
2024-08-29 11:30:00+05:30,1814.45,1818.0,1812.0,1813.0,2218
2024-08-29 11:45:00+05:30,1813.0,1816.75,1810.0,1810.05,2654
2024-08-29 12:00:00+05:30,1810.05,1814.25,1810.0,1810.0,1093
2024-08-29 12:15:00+05:30,1810.25,1815.65,1807.6,1814.3,1252
2024-08-29 12:30:00+05:30,1814.3,1819.7,1811.95,1818.9,831
2024-08-29 12:45:00+05:30,1817.45,1824.95,1815.55,1823.0,2192
2024-08-29 13:00:00+05:30,1823.0,1824.95,1820.7,1824.0,1339
2024-08-29 13:15:00+05:30,1824.0,1828.05,1820.3,1822.4,2944
2024-08-29 13:30:00+05:30,1822.4,1823.5,1820.0,1821.6,667
2024-08-29 13:45:00+05:30,1821.6,1821.6,1811.65,1818.9,2955
2024-08-29 14:00:00+05:30,1820.7,1822.05,1816.55,1819.25,936
2024-08-29 14:15:00+05:30,1817.8,1819.4,1811.3,1813.95,2620
2024-08-29 14:30:00+05:30,1813.95,1814.4,1808.0,1810.0,2956
2024-08-29 14:45:00+05:30,1810.0,1813.0,1808.05,1812.55,3789
2024-08-29 15:00:00+05:30,1814.15,1817.0,1811.95,1812.9,1522
2024-08-29 15:15:00+05:30,1815.45,1824.5,1813.1,1818.85,6216
2024-08-29 15:30:00+05:30,1818.85,1820.0,1811.0,1811.0,6024
2024-08-30 09:30:00+05:30,1818.5,1832.9,1816.2,1822.2,6859
2024-08-30 09:45:00+05:30,1823.7,1823.7,1812.5,1815.05,3615
2024-08-30 10:00:00+05:30,1815.05,1818.35,1815.0,1815.0,994
2024-08-30 10:15:00+05:30,1816.3,1823.95,1815.05,1822.0,2648
2024-08-30 10:30:00+05:30,1822.0,1829.9,1820.0,1826.9,5526
2024-08-30 10:45:00+05:30,1826.9,1839.45,1825.0,1835.8,9798
2024-08-30 11:00:00+05:30,1835.75,1838.0,1831.4,1835.05,3587
2024-08-30 11:15:00+05:30,1836.8,1840.0,1835.0,1836.9,2906
2024-08-30 11:30:00+05:30,1836.9,1839.6,1835.0,1835.05,1492
2024-08-30 11:45:00+05:30,1835.05,1838.0,1834.4,1836.8,3521
2024-08-30 12:00:00+05:30,1836.8,1839.4,1835.4,1837.4,1254
2024-08-30 12:15:00+05:30,1837.4,1844.0,1835.1,1841.7,6417
2024-08-30 12:30:00+05:30,1840.65,1889.0,1840.65,1888.05,96251
2024-08-30 12:45:00+05:30,1888.05,1906.0,1874.2,1875.0,197605
2024-08-30 13:00:00+05:30,1874.2,1894.0,1874.2,1887.7,83086
2024-08-30 13:15:00+05:30,1887.75,1892.9,1877.45,1887.7,48646
2024-08-30 13:30:00+05:30,1888.0,1934.0,1886.4,1930.5,324868
2024-08-30 13:45:00+05:30,1931.0,1948.8,1925.0,1930.0,442347
2024-08-30 14:00:00+05:30,1929.0,1968.0,1925.0,1967.35,527220
2024-08-30 14:15:00+05:30,1967.35,1975.75,1955.0,1967.65,327158
2024-08-30 14:30:00+05:30,1969.0,1974.5,1956.9,1967.9,249398
2024-08-30 14:45:00+05:30,1967.9,1969.0,1930.0,1936.6,378698
2024-08-30 15:00:00+05:30,1937.85,1940.35,1917.3,1923.0,193209
2024-08-30 15:15:00+05:30,1924.0,1948.7,1922.75,1944.0,203088
2024-08-30 15:30:00+05:30,1943.45,1960.0,1936.05,1958.85,151291
2024-09-02 09:30:00+05:30,1982.0,2011.65,1960.8,1996.9,274633
2024-09-02 09:45:00+05:30,1996.9,1996.9,1965.5,1988.0,100935
2024-09-02 10:00:00+05:30,1988.0,2045.0,1981.25,2031.3,251825
2024-09-02 10:15:00+05:30,2031.35,2050.0,2017.8,2027.0,275616
2024-09-02 10:30:00+05:30,2027.0,2029.3,2010.05,2012.05,140863
2024-09-02 10:45:00+05:30,2012.95,2022.55,2002.3,2016.7,85808
2024-09-02 11:00:00+05:30,2016.4,2020.85,2004.0,2007.9,56076
2024-09-02 11:15:00+05:30,2007.8,2008.7,2000.0,2000.9,47861
2024-09-02 11:30:00+05:30,2000.85,2015.15,2000.0,2010.75,72252
2024-09-02 11:45:00+05:30,2010.9,2011.65,2002.35,2009.95,26822
2024-09-02 12:00:00+05:30,2008.5,2013.55,2002.0,2003.0,30184
2024-09-02 12:15:00+05:30,2003.0,2012.1,2002.8,2008.7,20791
2024-09-02 12:30:00+05:30,2008.95,2011.0,2006.2,2008.35,10794
2024-09-02 12:45:00+05:30,2008.4,2039.95,2007.1,2025.1,111247
2024-09-02 13:00:00+05:30,2025.3,2032.35,2000.0,2006.05,142719
2024-09-02 13:15:00+05:30,2006.55,2018.2,2005.4,2012.25,34428
2024-09-02 13:30:00+05:30,2012.25,2016.95,2007.95,2013.95,25704
2024-09-02 13:45:00+05:30,2013.85,2019.45,2011.2,2014.85,22144
2024-09-02 14:00:00+05:30,2014.85,2016.5,2012.2,2015.8,10819
2024-09-02 14:15:00+05:30,2015.8,2018.25,2012.0,2014.7,16948
2024-09-02 14:30:00+05:30,2015.6,2016.95,2012.55,2012.95,14366
2024-09-02 14:45:00+05:30,2013.95,2029.45,2012.6,2015.95,35798
2024-09-02 15:00:00+05:30,2015.95,2021.0,2012.0,2014.9,37413
2024-09-02 15:15:00+05:30,2014.0,2017.95,2007.35,2011.5,43858
2024-09-02 15:30:00+05:30,2011.5,2014.9,2003.0,2010.0,67681
2024-09-03 09:30:00+05:30,2020.0,2022.8,1996.1,2006.0,74041
2024-09-03 09:45:00+05:30,2006.45,2016.0,1997.0,2000.05,25515
2024-09-03 10:00:00+05:30,2000.5,2009.95,1993.6,2006.05,19995
2024-09-03 10:15:00+05:30,2005.55,2018.0,2005.0,2014.75,17158
2024-09-03 10:30:00+05:30,2014.75,2017.85,1996.7,1997.05,18821
2024-09-03 10:45:00+05:30,1997.75,2003.8,1994.5,1995.05,9578
2024-09-03 11:00:00+05:30,1994.65,1998.95,1994.45,1995.45,5402
2024-09-03 11:15:00+05:30,1996.75,2006.1,1987.05,1999.75,37518
2024-09-03 11:30:00+05:30,1999.35,2003.45,1992.4,2003.45,5342
2024-09-03 11:45:00+05:30,2002.0,2005.0,2001.0,2001.75,5034
2024-09-03 12:00:00+05:30,2002.1,2007.95,2001.0,2005.8,5845
2024-09-03 12:15:00+05:30,2005.8,2005.8,2001.35,2003.0,3686
2024-09-03 12:30:00+05:30,2003.0,2009.5,2003.0,2007.0,3180
2024-09-03 12:45:00+05:30,2007.0,2008.8,2004.75,2006.2,2486
2024-09-03 13:00:00+05:30,2007.35,2013.0,2005.15,2010.9,5723
2024-09-03 13:15:00+05:30,2010.9,2014.9,2007.0,2007.1,5547
2024-09-03 13:30:00+05:30,2007.1,2009.5,2000.0,2002.25,6030
2024-09-03 13:45:00+05:30,2002.25,2004.35,2000.0,2001.0,3584
2024-09-03 14:00:00+05:30,2001.0,2004.45,2000.8,2002.95,2833
2024-09-03 14:15:00+05:30,2002.95,2007.6,2002.0,2005.1,4180
2024-09-03 14:30:00+05:30,2005.1,2005.5,1998.8,1999.0,8192
2024-09-03 14:45:00+05:30,1999.25,2001.3,1993.0,1993.9,6760
2024-09-03 15:00:00+05:30,1993.9,1999.0,1990.35,1996.05,7549
2024-09-03 15:15:00+05:30,1997.2,1997.35,1989.6,1989.6,11315
2024-09-03 15:30:00+05:30,1989.6,2005.0,1988.0,2000.0,17488
2024-09-04 09:30:00+05:30,1981.85,2015.25,1974.95,2015.25,44328
2024-09-04 09:45:00+05:30,2015.25,2038.0,2013.85,2026.1,61138
2024-09-04 10:00:00+05:30,2026.1,2039.65,2025.25,2034.0,26013
2024-09-04 10:15:00+05:30,2033.5,2038.4,2024.05,2024.35,21450
2024-09-04 10:30:00+05:30,2024.35,2027.35,2017.05,2019.0,9930
2024-09-04 10:45:00+05:30,2019.0,2023.95,2017.4,2019.9,9104
2024-09-04 11:00:00+05:30,2018.5,2022.9,2015.05,2020.65,8179
2024-09-04 11:15:00+05:30,2020.0,2025.0,2016.05,2019.5,7366
2024-09-04 11:30:00+05:30,2019.5,2021.2,2002.4,2007.55,18851
2024-09-04 11:45:00+05:30,2008.0,2020.0,2007.6,2014.5,14005
2024-09-04 12:00:00+05:30,2014.5,2016.1,2011.0,2011.0,6718
2024-09-04 12:15:00+05:30,2011.0,2016.1,2007.0,2010.85,12331
2024-09-04 12:30:00+05:30,2010.85,2012.75,1996.25,1999.0,10133
2024-09-04 12:45:00+05:30,1999.0,2000.0,1996.1,1997.85,4283
2024-09-04 13:00:00+05:30,1997.85,2004.6,1997.35,2002.6,6623
2024-09-04 13:15:00+05:30,2003.85,2005.75,2000.7,2002.05,2697
2024-09-04 13:30:00+05:30,2002.05,2012.0,2002.0,2009.05,4343
2024-09-04 13:45:00+05:30,2009.05,2010.95,2002.05,2002.25,8271
2024-09-04 14:00:00+05:30,2002.25,2004.9,1998.0,2000.6,2942
2024-09-04 14:15:00+05:30,2002.25,2003.7,1999.9,2000.2,4222
2024-09-04 14:30:00+05:30,2000.2,2007.8,2000.0,2000.05,6422
2024-09-04 14:45:00+05:30,2000.05,2002.75,1998.0,2000.85,2529
2024-09-04 15:00:00+05:30,2002.35,2014.15,2000.85,2010.85,12049
2024-09-04 15:15:00+05:30,2011.85,2011.85,1998.85,2004.45,11899
2024-09-04 15:30:00+05:30,2003.05,2010.0,1996.7,2009.45,14038
2024-09-05 09:30:00+05:30,2020.8,2042.0,2011.45,2037.85,37474
2024-09-05 09:45:00+05:30,2037.85,2040.0,2016.1,2021.45,16275
2024-09-05 10:00:00+05:30,2021.45,2024.35,2012.2,2018.3,8985
2024-09-05 10:15:00+05:30,2016.8,2023.9,2012.15,2014.15,8002
2024-09-05 10:30:00+05:30,2013.9,2013.9,2006.0,2006.1,8812
2024-09-05 10:45:00+05:30,2006.0,2010.9,2003.75,2005.0,8282
2024-09-05 11:00:00+05:30,2005.35,2009.9,2003.45,2007.1,4711
2024-09-05 11:15:00+05:30,2006.05,2010.0,2006.0,2009.8,3962
2024-09-05 11:30:00+05:30,2009.8,2010.55,2001.0,2005.0,7285
2024-09-05 11:45:00+05:30,2005.0,2012.95,1997.05,2005.9,20478
2024-09-05 12:00:00+05:30,2006.05,2009.0,1996.2,2009.0,6133
2024-09-05 12:15:00+05:30,2009.0,2009.0,2002.45,2002.45,2970
2024-09-05 12:30:00+05:30,2002.45,2021.9,2002.4,2007.0,38999
2024-09-05 12:45:00+05:30,2007.5,2010.0,2002.95,2005.4,9246
2024-09-05 13:00:00+05:30,2005.4,2010.0,2005.05,2008.65,2335
2024-09-05 13:15:00+05:30,2008.95,2009.4,2002.5,2005.15,4598
2024-09-05 13:30:00+05:30,2005.65,2010.0,2002.65,2010.0,8500
2024-09-05 13:45:00+05:30,2010.0,2010.0,2006.5,2006.5,1530
2024-09-05 14:00:00+05:30,2006.5,2008.95,2002.0,2003.1,5915
2024-09-05 14:15:00+05:30,2003.1,2004.75,2000.0,2003.0,4782
2024-09-05 14:30:00+05:30,2003.0,2008.0,2001.3,2002.55,5083
2024-09-05 14:45:00+05:30,2003.05,2006.5,2002.85,2004.0,3131
2024-09-05 15:00:00+05:30,2004.0,2008.8,2002.0,2003.95,11340
2024-09-05 15:15:00+05:30,2003.95,2004.45,1997.7,1999.95,8643
2024-09-05 15:30:00+05:30,1999.85,2001.85,1991.1,2000.0,19347
2024-09-06 09:30:00+05:30,2036.95,2036.95,1997.65,2032.85,48885
2024-09-06 09:45:00+05:30,2032.85,2066.9,2012.75,2058.1,115137
2024-09-06 10:00:00+05:30,2059.55,2069.0,2020.55,2022.2,79654
2024-09-06 10:15:00+05:30,2023.7,2027.0,1997.2,2008.8,46056
2024-09-06 10:30:00+05:30,2008.8,2009.8,1998.0,2009.8,16139
2024-09-06 10:45:00+05:30,2009.95,2017.75,2001.0,2016.7,11528
2024-09-06 11:00:00+05:30,2017.75,2032.95,2017.4,2024.85,17246
2024-09-06 11:15:00+05:30,2024.85,2028.35,2021.8,2025.0,9165
2024-09-06 11:30:00+05:30,2025.0,2025.85,2018.3,2024.0,12567
2024-09-06 11:45:00+05:30,2023.2,2027.9,2021.9,2024.4,4879
2024-09-06 12:00:00+05:30,2024.4,2025.75,2021.05,2024.0,4940
2024-09-06 12:15:00+05:30,2023.3,2026.0,2021.9,2025.0,2854
2024-09-06 12:30:00+05:30,2025.0,2025.0,2015.0,2018.95,7290
2024-09-06 12:45:00+05:30,2018.95,2019.0,2015.05,2015.45,3701
2024-09-06 13:00:00+05:30,2014.8,2016.5,2007.95,2007.95,7917
2024-09-06 13:15:00+05:30,2007.95,2009.5,1997.0,2000.0,45159
2024-09-06 13:30:00+05:30,1999.0,2001.6,1999.0,1999.1,5470
2024-09-06 13:45:00+05:30,1999.1,2001.6,1994.85,1999.0,7930
2024-09-06 14:00:00+05:30,1999.0,2000.0,1999.0,1999.0,4094
2024-09-06 14:15:00+05:30,1999.8,2000.05,1997.6,2000.0,9587
2024-09-06 14:30:00+05:30,1999.0,2000.0,1999.0,1999.0,3650
2024-09-06 14:45:00+05:30,1999.0,2000.0,1997.3,1999.0,5077
2024-09-06 15:00:00+05:30,1999.85,2000.0,1999.0,2000.0,6604
2024-09-06 15:15:00+05:30,2000.0,2000.85,1994.0,1999.25,20274
2024-09-06 15:30:00+05:30,1999.75,2002.0,1995.15,2000.0,21198
2024-09-09 09:30:00+05:30,2008.9,2014.95,1962.0,1964.1,41266
2024-09-09 09:45:00+05:30,1964.1,1969.9,1940.2,1956.35,28134
2024-09-09 10:00:00+05:30,1956.35,1968.0,1946.05,1964.95,19348
2024-09-09 10:15:00+05:30,1964.95,1971.95,1955.05,1959.25,20643
2024-09-09 10:30:00+05:30,1959.25,1961.7,1948.65,1954.7,8435
2024-09-09 10:45:00+05:30,1954.7,1967.15,1954.7,1967.15,4490
2024-09-09 11:00:00+05:30,1967.25,1969.8,1964.05,1965.95,4035
2024-09-09 11:15:00+05:30,1965.95,1967.6,1962.1,1965.15,1892
2024-09-09 11:30:00+05:30,1965.2,1985.0,1960.0,1977.55,12611
2024-09-09 11:45:00+05:30,1977.55,1985.3,1977.55,1984.8,4517
2024-09-09 12:00:00+05:30,1985.0,1987.0,1979.0,1982.6,3741
2024-09-09 12:15:00+05:30,1982.6,1982.6,1976.45,1978.0,6410
2024-09-09 12:30:00+05:30,1978.0,1981.85,1977.0,1979.6,2119
2024-09-09 12:45:00+05:30,1979.6,1980.45,1976.2,1976.75,2844
2024-09-09 13:00:00+05:30,1976.75,1982.0,1975.15,1980.6,4493
2024-09-09 13:15:00+05:30,1980.6,1982.0,1970.2,1974.8,5409
2024-09-09 13:30:00+05:30,1976.05,1982.0,1974.75,1977.4,4577
2024-09-09 13:45:00+05:30,1977.4,1980.95,1976.1,1977.1,3694
2024-09-09 14:00:00+05:30,1978.0,1980.0,1962.2,1977.25,8628
2024-09-09 14:15:00+05:30,1977.3,1982.25,1975.0,1976.8,17564
2024-09-09 14:30:00+05:30,1976.8,1980.25,1976.2,1979.55,4359
2024-09-09 14:45:00+05:30,1979.55,1986.0,1979.25,1982.6,3437
2024-09-09 15:00:00+05:30,1982.6,1984.7,1976.5,1976.9,7664
2024-09-09 15:15:00+05:30,1976.95,1981.0,1975.5,1977.95,4504
2024-09-09 15:30:00+05:30,1979.0,1983.35,1973.5,1975.0,11300
2024-09-10 09:30:00+05:30,1981.0,2027.0,1981.0,2016.35,26002
2024-09-10 09:45:00+05:30,2016.0,2034.0,2005.55,2032.65,29083
2024-09-10 10:00:00+05:30,2031.4,2044.55,2030.0,2040.0,81419
2024-09-10 10:15:00+05:30,2041.0,2044.0,2032.0,2039.95,34532
2024-09-10 10:30:00+05:30,2039.95,2042.5,2026.0,2035.25,35032
2024-09-10 10:45:00+05:30,2035.0,2038.0,2033.05,2036.0,9145
2024-09-10 11:00:00+05:30,2036.0,2046.7,2033.15,2038.0,26470
2024-09-10 11:15:00+05:30,2038.3,2043.0,2033.9,2037.0,18088
2024-09-10 11:30:00+05:30,2035.55,2036.95,2023.1,2030.8,21462
2024-09-10 11:45:00+05:30,2032.8,2035.95,2028.0,2033.8,7904
2024-09-10 12:00:00+05:30,2033.8,2051.9,2032.2,2043.9,51965
2024-09-10 12:15:00+05:30,2043.9,2043.9,2031.0,2031.3,36689
2024-09-10 12:30:00+05:30,2031.3,2036.8,2030.0,2033.3,12551
2024-09-10 12:45:00+05:30,2033.3,2036.0,2033.0,2033.35,8719
2024-09-10 13:00:00+05:30,2034.45,2035.0,2027.8,2030.6,16445
2024-09-10 13:15:00+05:30,2030.6,2037.75,2030.5,2033.4,15615
2024-09-10 13:30:00+05:30,2034.8,2035.8,2024.0,2025.0,11500
2024-09-10 13:45:00+05:30,2025.0,2028.8,2017.0,2020.0,21457
2024-09-10 14:00:00+05:30,2020.0,2025.0,2019.4,2022.7,9200
2024-09-10 14:15:00+05:30,2021.05,2025.0,2021.05,2023.7,9097
2024-09-10 14:30:00+05:30,2023.15,2024.9,2021.4,2024.0,7445
2024-09-10 14:45:00+05:30,2024.0,2025.0,2022.0,2023.0,8620
2024-09-10 15:00:00+05:30,2023.0,2024.95,2020.0,2022.0,13261
2024-09-10 15:15:00+05:30,2021.95,2024.0,2001.8,2018.4,43303
2024-09-10 15:30:00+05:30,2017.55,2025.0,2013.85,2025.0,45807
2024-09-11 09:30:00+05:30,2039.9,2039.9,2010.3,2015.6,29385
2024-09-11 09:45:00+05:30,2015.6,2020.15,2005.0,2007.65,10365
2024-09-11 10:00:00+05:30,2007.65,2012.4,2005.0,2007.8,3663
2024-09-11 10:15:00+05:30,2007.8,2008.35,2001.05,2002.45,4601
2024-09-11 10:30:00+05:30,2002.45,2027.55,2002.3,2019.9,13343
2024-09-11 10:45:00+05:30,2018.85,2022.05,2017.0,2021.7,4029
2024-09-11 11:00:00+05:30,2021.7,2021.7,2010.05,2012.2,3153
2024-09-11 11:15:00+05:30,2012.2,2022.9,2011.0,2020.85,4155
2024-09-11 11:30:00+05:30,2020.85,2021.0,2017.55,2020.8,1953
2024-09-11 11:45:00+05:30,2020.8,2022.9,2017.55,2019.0,3444
2024-09-11 12:00:00+05:30,2019.0,2031.1,2016.9,2029.9,12507
2024-09-11 12:15:00+05:30,2029.9,2035.0,2024.1,2024.5,8135
2024-09-11 12:30:00+05:30,2024.5,2028.8,2022.05,2026.0,2740
2024-09-11 12:45:00+05:30,2027.45,2029.4,2022.05,2022.05,1992
2024-09-11 13:00:00+05:30,2022.05,2027.9,2018.9,2019.6,3904
2024-09-11 13:15:00+05:30,2019.6,2024.95,2019.0,2023.6,1469
2024-09-11 13:30:00+05:30,2023.6,2034.95,2023.2,2024.6,4364
2024-09-11 13:45:00+05:30,2024.6,2028.15,2022.0,2026.5,2982
2024-09-11 14:00:00+05:30,2026.5,2028.05,2020.25,2020.25,1217
2024-09-11 14:15:00+05:30,2021.65,2021.95,2019.0,2020.0,3615
2024-09-11 14:30:00+05:30,2020.0,2024.0,2015.35,2020.1,4007
2024-09-11 14:45:00+05:30,2020.1,2025.65,2016.35,2018.5,4264
2024-09-11 15:00:00+05:30,2018.5,2022.65,2016.35,2019.0,9650
2024-09-11 15:15:00+05:30,2019.0,2022.0,2017.15,2019.85,9365
2024-09-11 15:30:00+05:30,2019.85,2026.6,2019.0,2026.6,10309
2024-09-12 09:30:00+05:30,2035.0,2035.0,2010.35,2018.0,10862
2024-09-12 09:45:00+05:30,2018.0,2022.2,2016.0,2016.0,1961
2024-09-12 10:00:00+05:30,2016.0,2017.95,2011.95,2017.0,2347
2024-09-12 10:15:00+05:30,2017.0,2019.7,2014.1,2017.0,1053
2024-09-12 10:30:00+05:30,2017.0,2022.0,2017.0,2021.4,1546
2024-09-12 10:45:00+05:30,2021.4,2021.8,2017.7,2019.0,1249
2024-09-12 11:00:00+05:30,2019.0,2025.0,2019.0,2019.05,2287
2024-09-12 11:15:00+05:30,2018.2,2021.95,2018.2,2021.9,1272
2024-09-12 11:30:00+05:30,2021.9,2023.5,2019.05,2021.5,757
2024-09-12 11:45:00+05:30,2021.5,2027.85,2020.1,2026.0,2244
2024-09-12 12:00:00+05:30,2026.0,2029.45,2020.65,2026.7,63655
2024-09-12 12:15:00+05:30,2026.7,2032.75,2023.4,2026.7,5305
2024-09-12 12:30:00+05:30,2026.7,2028.95,2023.6,2026.5,1195
2024-09-12 12:45:00+05:30,2026.5,2030.0,2026.5,2028.95,2077
2024-09-12 13:00:00+05:30,2026.75,2028.65,2023.3,2025.05,2153
2024-09-12 13:15:00+05:30,2025.05,2065.0,2025.0,2048.0,47410
2024-09-12 13:30:00+05:30,2048.0,2048.0,2037.4,2038.1,7135
2024-09-12 13:45:00+05:30,2038.1,2039.45,2035.05,2036.0,2310
2024-09-12 14:00:00+05:30,2035.45,2038.4,2027.0,2033.2,6503
2024-09-12 14:15:00+05:30,2033.2,2036.3,2028.0,2033.9,2758
2024-09-12 14:30:00+05:30,2032.0,2040.0,2031.85,2032.05,4876
2024-09-12 14:45:00+05:30,2032.05,2036.8,2032.0,2032.0,2419
2024-09-12 15:00:00+05:30,2032.0,2038.0,2026.65,2026.65,6462
2024-09-12 15:15:00+05:30,2029.35,2035.8,2026.2,2028.95,7348
2024-09-12 15:30:00+05:30,2029.3,2029.95,2012.0,2015.0,15553
2024-09-13 09:30:00+05:30,2034.9,2035.95,2021.2,2022.6,7694
2024-09-13 09:45:00+05:30,2023.75,2025.05,2016.9,2021.6,5443
2024-09-13 10:00:00+05:30,2021.6,2022.0,2015.05,2017.6,3055
2024-09-13 10:15:00+05:30,2017.6,2044.0,2015.85,2038.45,13719
2024-09-13 10:30:00+05:30,2038.45,2044.3,2036.65,2039.3,4869
2024-09-13 10:45:00+05:30,2039.3,2041.0,2036.0,2037.5,2462
2024-09-13 11:00:00+05:30,2037.5,2039.75,2035.0,2035.35,1491
2024-09-13 11:15:00+05:30,2035.35,2037.6,2033.2,2034.65,1940
2024-09-13 11:30:00+05:30,2036.45,2039.0,2034.8,2037.75,1356
2024-09-13 11:45:00+05:30,2036.0,2043.0,2033.0,2035.9,3101
2024-09-13 12:00:00+05:30,2035.9,2040.5,2035.15,2038.1,751
2024-09-13 12:15:00+05:30,2038.1,2040.25,2036.5,2038.95,1375
2024-09-13 12:30:00+05:30,2038.95,2039.8,2037.05,2039.8,1117
2024-09-13 12:45:00+05:30,2037.85,2041.0,2035.75,2040.0,1973
2024-09-13 13:00:00+05:30,2040.0,2040.0,2032.9,2034.75,1513
2024-09-13 13:15:00+05:30,2036.7,2037.0,2032.85,2035.0,1563
2024-09-13 13:30:00+05:30,2035.0,2035.9,2032.6,2034.95,1111
2024-09-13 13:45:00+05:30,2034.95,2036.65,2032.9,2035.1,1186
2024-09-13 14:00:00+05:30,2035.05,2040.0,2035.05,2037.8,1567
2024-09-13 14:15:00+05:30,2039.0,2039.5,2033.1,2034.6,1504
2024-09-13 14:30:00+05:30,2034.6,2037.85,2033.0,2035.8,1106
2024-09-13 14:45:00+05:30,2035.8,2037.65,2035.0,2035.9,1672
2024-09-13 15:00:00+05:30,2035.9,2037.7,2034.9,2036.0,1828
2024-09-13 15:15:00+05:30,2036.0,2036.3,2033.0,2034.0,3345
2024-09-13 15:30:00+05:30,2034.0,2038.0,2033.0,2035.95,9793
2024-09-16 09:30:00+05:30,2063.0,2174.0,2061.4,2141.6,359534
2024-09-16 09:45:00+05:30,2141.6,2163.75,2133.0,2144.0,235594
2024-09-16 10:00:00+05:30,2144.0,2150.25,2133.0,2136.25,108180
2024-09-16 10:15:00+05:30,2139.0,2144.0,2134.0,2140.0,59098
2024-09-16 10:30:00+05:30,2140.0,2140.0,2115.0,2129.5,92208
2024-09-16 10:45:00+05:30,2129.5,2135.0,2106.0,2114.45,76052
2024-09-16 11:00:00+05:30,2114.45,2115.25,2103.0,2108.0,39942
2024-09-16 11:15:00+05:30,2109.45,2112.0,2105.0,2109.5,24003
2024-09-16 11:30:00+05:30,2111.05,2111.15,2105.0,2110.0,20417
2024-09-16 11:45:00+05:30,2110.0,2121.9,2107.0,2109.8,32458
2024-09-16 12:00:00+05:30,2109.9,2113.9,2095.0,2103.5,37992
2024-09-16 12:15:00+05:30,2103.0,2103.95,2096.0,2100.0,13464
2024-09-16 12:30:00+05:30,2100.0,2110.0,2098.6,2105.85,18099
2024-09-16 12:45:00+05:30,2105.85,2116.0,2101.25,2113.3,34015
2024-09-16 13:00:00+05:30,2114.9,2127.0,2112.0,2116.0,37076
2024-09-16 13:15:00+05:30,2116.0,2118.75,2110.0,2115.65,16612
2024-09-16 13:30:00+05:30,2115.65,2124.0,2110.2,2118.4,20806
2024-09-16 13:45:00+05:30,2117.35,2125.0,2114.65,2119.5,15450
2024-09-16 14:00:00+05:30,2119.45,2122.65,2116.25,2120.0,10885
2024-09-16 14:15:00+05:30,2120.0,2121.0,2116.3,2120.0,17139
2024-09-16 14:30:00+05:30,2120.0,2120.95,2110.0,2114.05,33638
2024-09-16 14:45:00+05:30,2114.1,2117.6,2110.4,2114.95,16627
2024-09-16 15:00:00+05:30,2114.95,2123.5,2114.05,2120.0,26163
2024-09-16 15:15:00+05:30,2120.65,2121.05,2114.45,2120.8,37750
2024-09-16 15:30:00+05:30,2121.0,2133.0,2116.0,2124.0,76110
2024-09-17 09:30:00+05:30,2140.65,2169.9,2137.15,2162.25,100901
2024-09-17 09:45:00+05:30,2162.25,2165.85,2147.0,2153.2,52401
2024-09-17 10:00:00+05:30,2153.2,2189.0,2152.45,2165.0,152331
2024-09-17 10:15:00+05:30,2165.0,2166.25,2158.0,2160.2,25886
2024-09-17 10:30:00+05:30,2160.2,2162.0,2158.05,2160.0,9978
2024-09-17 10:45:00+05:30,2160.0,2166.7,2154.0,2160.35,20066
2024-09-17 11:00:00+05:30,2160.35,2160.9,2155.0,2156.4,9386
2024-09-17 11:15:00+05:30,2156.4,2159.0,2152.5,2156.9,17823
2024-09-17 11:30:00+05:30,2156.9,2164.0,2155.0,2156.6,7617
2024-09-17 11:45:00+05:30,2155.0,2157.85,2151.65,2154.1,6434
2024-09-17 12:00:00+05:30,2154.0,2155.6,2140.6,2155.4,12762
2024-09-17 12:15:00+05:30,2154.1,2155.0,2147.2,2152.25,4885
2024-09-17 12:30:00+05:30,2152.35,2159.0,2150.75,2157.6,6806
2024-09-17 12:45:00+05:30,2158.0,2158.85,2151.45,2155.05,4329
2024-09-17 13:00:00+05:30,2155.05,2155.45,2152.85,2154.95,3156
2024-09-17 13:15:00+05:30,2154.95,2156.55,2152.75,2155.05,7881
2024-09-17 13:30:00+05:30,2155.0,2156.3,2153.35,2155.0,3898
2024-09-17 13:45:00+05:30,2155.0,2166.05,2155.0,2161.6,8939
2024-09-17 14:00:00+05:30,2161.6,2167.0,2160.3,2163.5,4537
2024-09-17 14:15:00+05:30,2163.5,2168.0,2161.0,2163.0,4998
2024-09-17 14:30:00+05:30,2162.35,2171.0,2160.0,2161.15,13750
2024-09-17 14:45:00+05:30,2161.15,2178.0,2160.95,2171.4,15585
2024-09-17 15:00:00+05:30,2171.4,2176.0,2167.4,2169.4,8638
2024-09-17 15:15:00+05:30,2169.65,2169.95,2165.2,2168.5,18213
2024-09-17 15:30:00+05:30,2168.0,2187.8,2168.0,2179.8,46285
2024-09-18 09:30:00+05:30,2180.0,2251.0,2180.0,2241.2,179085
2024-09-18 09:45:00+05:30,2240.6,2250.0,2219.1,2241.8,86108
2024-09-18 10:00:00+05:30,2241.55,2288.7,2240.05,2259.5,203870
2024-09-18 10:15:00+05:30,2258.1,2264.25,2253.45,2259.3,39918
2024-09-18 10:30:00+05:30,2257.75,2265.0,2252.0,2257.25,50060
2024-09-18 10:45:00+05:30,2258.4,2260.35,2252.0,2256.8,10580
2024-09-18 11:00:00+05:30,2256.8,2265.0,2253.5,2260.0,29573
2024-09-18 11:15:00+05:30,2260.5,2265.0,2241.35,2243.0,37181
2024-09-18 11:30:00+05:30,2243.0,2249.9,2240.75,2243.55,18241
2024-09-18 11:45:00+05:30,2244.3,2245.0,2235.15,2243.4,17497
2024-09-18 12:00:00+05:30,2244.7,2250.4,2241.0,2244.0,9367
2024-09-18 12:15:00+05:30,2243.85,2247.0,2236.5,2245.95,9200
2024-09-18 12:30:00+05:30,2245.0,2257.5,2245.0,2251.7,121120
2024-09-18 12:45:00+05:30,2251.7,2253.95,2248.05,2252.85,4699
2024-09-18 13:00:00+05:30,2251.7,2253.75,2248.8,2250.4,103692
2024-09-18 13:15:00+05:30,2251.9,2251.9,2241.8,2247.95,8245
2024-09-18 13:30:00+05:30,2248.35,2250.95,2241.95,2245.0,7598
2024-09-18 13:45:00+05:30,2246.25,2249.0,2238.0,2241.8,82014
2024-09-18 14:00:00+05:30,2244.2,2251.3,2240.05,2245.0,7649
2024-09-18 14:15:00+05:30,2244.65,2250.95,2241.05,2246.8,7352
2024-09-18 14:30:00+05:30,2246.8,2248.95,2245.0,2246.0,5996
2024-09-18 14:45:00+05:30,2246.0,2250.0,2232.95,2236.0,16277
2024-09-18 15:00:00+05:30,2236.85,2237.85,2231.5,2236.0,27213
2024-09-18 15:15:00+05:30,2236.0,2270.0,2236.0,2263.4,56660
2024-09-18 15:30:00+05:30,2262.4,2265.05,2240.3,2265.0,78100
2024-09-19 09:30:00+05:30,2299.0,2332.7,2285.0,2289.2,201170
2024-09-19 09:45:00+05:30,2289.2,2290.35,2275.0,2283.85,54523
2024-09-19 10:00:00+05:30,2284.0,2288.0,2276.4,2278.15,16768
2024-09-19 10:15:00+05:30,2278.0,2279.7,2256.5,2259.0,28213
2024-09-19 10:30:00+05:30,2259.0,2260.0,2169.6,2178.05,98713
2024-09-19 10:45:00+05:30,2178.25,2180.0,2150.0,2173.5,43103
2024-09-19 11:00:00+05:30,2173.5,2183.75,2158.25,2160.55,26187
2024-09-19 11:15:00+05:30,2161.35,2176.7,2157.75,2173.05,16646
2024-09-19 11:30:00+05:30,2173.05,2182.05,2161.6,2178.0,14921
2024-09-19 11:45:00+05:30,2178.55,2182.3,2170.05,2174.85,14783
2024-09-19 12:00:00+05:30,2174.85,2176.85,2170.0,2172.25,8638
2024-09-19 12:15:00+05:30,2172.25,2176.9,2170.35,2172.5,10319
2024-09-19 12:30:00+05:30,2172.0,2176.1,2170.0,2174.95,6196
2024-09-19 12:45:00+05:30,2174.95,2184.65,2172.05,2177.35,5617
2024-09-19 13:00:00+05:30,2177.35,2179.0,2175.0,2176.0,3973
2024-09-19 13:15:00+05:30,2176.0,2184.5,2175.0,2177.9,6276
2024-09-19 13:30:00+05:30,2177.9,2180.85,2175.7,2177.85,3305
2024-09-19 13:45:00+05:30,2177.85,2183.9,2175.0,2176.45,8595
2024-09-19 14:00:00+05:30,2176.45,2181.0,2175.6,2177.35,2210
2024-09-19 14:15:00+05:30,2177.5,2179.95,2176.05,2178.15,1713
2024-09-19 14:30:00+05:30,2178.15,2179.45,2146.0,2155.15,33945
2024-09-19 14:45:00+05:30,2156.8,2156.8,2124.15,2124.9,76999
2024-09-19 15:00:00+05:30,2124.9,2129.95,2092.15,2098.95,73189
2024-09-19 15:15:00+05:30,2099.0,2124.95,2091.65,2119.95,74033
2024-09-19 15:30:00+05:30,2119.95,2128.4,2110.0,2114.0,70044
2024-09-20 09:30:00+05:30,2132.65,2151.55,2101.95,2112.7,58411
2024-09-20 09:45:00+05:30,2112.7,2132.65,2110.0,2128.55,24179
2024-09-20 10:00:00+05:30,2128.55,2132.65,2123.15,2129.55,8961
2024-09-20 10:15:00+05:30,2129.55,2131.75,2125.3,2127.95,3200
2024-09-20 10:30:00+05:30,2127.95,2130.0,2124.8,2126.1,2988
2024-09-20 10:45:00+05:30,2126.1,2127.0,2118.0,2126.9,11124
2024-09-20 11:00:00+05:30,2126.9,2130.15,2123.6,2129.7,2418
2024-09-20 11:15:00+05:30,2129.7,2129.85,2124.25,2127.15,1867
2024-09-20 11:30:00+05:30,2127.15,2143.3,2125.6,2132.4,21405
2024-09-20 11:45:00+05:30,2132.4,2135.1,2130.4,2132.55,4547
2024-09-20 12:00:00+05:30,2133.15,2133.15,2124.0,2124.75,6209
2024-09-20 12:15:00+05:30,2124.75,2127.05,2123.05,2125.3,7581
2024-09-20 12:30:00+05:30,2125.25,2130.8,2124.05,2130.8,3559
2024-09-20 12:45:00+05:30,2130.8,2135.9,2129.35,2134.25,12531
2024-09-20 13:00:00+05:30,2135.0,2136.35,2127.15,2129.05,6845
2024-09-20 13:15:00+05:30,2129.05,2131.1,2122.85,2127.8,9469
2024-09-20 13:30:00+05:30,2128.05,2129.75,2124.45,2126.8,4994
2024-09-20 13:45:00+05:30,2125.5,2126.95,2120.0,2122.05,5352
2024-09-20 14:00:00+05:30,2120.7,2127.45,2120.7,2125.05,2882
2024-09-20 14:15:00+05:30,2125.1,2130.0,2125.0,2129.35,5431
2024-09-20 14:30:00+05:30,2128.1,2130.5,2125.0,2125.75,2927
2024-09-20 14:45:00+05:30,2125.75,2132.75,2125.75,2130.15,4313
2024-09-20 15:00:00+05:30,2128.8,2132.0,2125.2,2131.8,6449
2024-09-20 15:15:00+05:30,2131.8,2132.0,2127.05,2129.95,16490
2024-09-20 15:30:00+05:30,2130.0,2130.4,2126.05,2130.0,25588
2024-09-23 09:30:00+05:30,2130.0,2140.9,2116.8,2135.55,22733
2024-09-23 09:45:00+05:30,2135.6,2136.45,2120.4,2123.35,8370
2024-09-23 10:00:00+05:30,2126.9,2136.9,2124.8,2127.65,5684
2024-09-23 10:15:00+05:30,2127.2,2134.1,2125.6,2128.7,2408
2024-09-23 10:30:00+05:30,2128.7,2131.85,2123.65,2129.1,3655
2024-09-23 10:45:00+05:30,2129.1,2152.0,2128.15,2149.4,31831
2024-09-23 11:00:00+05:30,2149.0,2150.4,2137.55,2142.3,8970
2024-09-23 11:15:00+05:30,2142.35,2145.7,2140.55,2142.7,1615
2024-09-23 11:30:00+05:30,2142.7,2145.0,2141.45,2144.95,1177
2024-09-23 11:45:00+05:30,2144.95,2154.6,2144.05,2146.55,7663
2024-09-23 12:00:00+05:30,2146.55,2146.55,2137.05,2140.0,3607
2024-09-23 12:15:00+05:30,2138.95,2154.0,2138.0,2152.0,9749
2024-09-23 12:30:00+05:30,2152.0,2152.0,2143.45,2146.0,6057
2024-09-23 12:45:00+05:30,2146.0,2146.0,2139.25,2139.25,6016
2024-09-23 13:00:00+05:30,2139.25,2141.45,2132.7,2133.05,1829
2024-09-23 13:15:00+05:30,2132.7,2137.1,2127.05,2130.25,15114
2024-09-23 13:30:00+05:30,2130.25,2135.0,2129.25,2134.45,3185
2024-09-23 13:45:00+05:30,2134.45,2146.8,2132.0,2145.1,5099
2024-09-23 14:00:00+05:30,2145.1,2150.05,2141.65,2146.0,6181
2024-09-23 14:15:00+05:30,2145.85,2153.65,2145.85,2151.0,3493
2024-09-23 14:30:00+05:30,2151.0,2153.0,2145.05,2148.6,6159
2024-09-23 14:45:00+05:30,2146.8,2148.95,2135.7,2142.4,8305
2024-09-23 15:00:00+05:30,2142.75,2142.8,2129.0,2132.7,13144
2024-09-23 15:15:00+05:30,2131.85,2149.95,2131.85,2145.95,7672
2024-09-23 15:30:00+05:30,2146.05,2160.0,2141.0,2147.0,12714
2024-09-24 09:30:00+05:30,2150.05,2174.0,2130.0,2145.65,25228
2024-09-24 09:45:00+05:30,2145.65,2153.65,2144.95,2146.65,7626
2024-09-24 10:00:00+05:30,2146.65,2147.55,2134.3,2136.5,6878
2024-09-24 10:15:00+05:30,2136.5,2148.5,2135.0,2147.0,8029
2024-09-24 10:30:00+05:30,2147.0,2151.75,2147.0,2149.9,3055
2024-09-24 10:45:00+05:30,2149.9,2153.95,2148.0,2150.05,3952
2024-09-24 11:00:00+05:30,2150.05,2154.2,2148.15,2150.0,3756
2024-09-24 11:15:00+05:30,2149.65,2150.3,2146.15,2147.85,2569
2024-09-24 11:30:00+05:30,2147.4,2159.75,2144.2,2152.0,13436
2024-09-24 11:45:00+05:30,2152.0,2154.95,2150.35,2152.0,995
2024-09-24 12:00:00+05:30,2152.0,2153.8,2149.05,2152.15,2250
2024-09-24 12:15:00+05:30,2152.15,2153.0,2149.55,2151.95,703
2024-09-24 12:30:00+05:30,2151.95,2155.65,2151.95,2152.9,1386
2024-09-24 12:45:00+05:30,2152.9,2155.0,2149.85,2152.55,7166
2024-09-24 13:00:00+05:30,2152.6,2153.5,2147.35,2151.55,1080
2024-09-24 13:15:00+05:30,2152.9,2154.55,2150.75,2153.5,1467
2024-09-24 13:30:00+05:30,2153.5,2155.0,2152.2,2153.0,2207
2024-09-24 13:45:00+05:30,2153.0,2153.0,2149.0,2149.4,714
2024-09-24 14:00:00+05:30,2149.4,2150.85,2145.05,2149.75,1873
2024-09-24 14:15:00+05:30,2149.75,2151.65,2147.0,2147.85,1886
2024-09-24 14:30:00+05:30,2147.0,2150.5,2145.05,2148.25,1990
2024-09-24 14:45:00+05:30,2148.25,2148.6,2145.05,2147.5,3225
2024-09-24 15:00:00+05:30,2147.45,2154.35,2147.45,2150.55,7768
2024-09-24 15:15:00+05:30,2150.55,2154.0,2147.0,2149.75,10463
2024-09-24 15:30:00+05:30,2149.65,2151.0,2146.0,2149.55,9205
2024-09-25 09:30:00+05:30,2155.0,2166.0,2132.4,2137.6,9867
2024-09-25 09:45:00+05:30,2137.6,2139.35,2121.75,2126.5,9465
2024-09-25 10:00:00+05:30,2126.4,2133.85,2115.75,2128.4,60997
2024-09-25 10:15:00+05:30,2128.4,2130.0,2114.1,2116.2,6336
2024-09-25 10:30:00+05:30,2118.7,2121.25,2113.05,2117.75,4484
2024-09-25 10:45:00+05:30,2117.85,2120.8,2111.0,2119.45,4643
2024-09-25 11:00:00+05:30,2119.45,2119.95,2105.1,2114.8,4816
2024-09-25 11:15:00+05:30,2115.2,2118.4,2111.5,2112.0,1119
2024-09-25 11:30:00+05:30,2112.15,2114.85,2106.35,2108.05,2909
2024-09-25 11:45:00+05:30,2106.5,2107.6,2100.0,2101.0,8649
2024-09-25 12:00:00+05:30,2101.0,2102.7,2074.0,2075.85,22094
2024-09-25 12:15:00+05:30,2076.65,2086.8,2074.0,2083.2,8137
2024-09-25 12:30:00+05:30,2084.75,2090.0,2076.3,2081.4,11875
2024-09-25 12:45:00+05:30,2081.4,2112.5,2080.05,2102.45,17428
2024-09-25 13:00:00+05:30,2101.0,2120.9,2096.8,2099.95,10569
2024-09-25 13:15:00+05:30,2102.4,2129.4,2102.4,2118.4,10306
2024-09-25 13:30:00+05:30,2118.4,2120.0,2111.8,2114.4,2217
2024-09-25 13:45:00+05:30,2113.9,2115.25,2109.4,2114.55,1962
2024-09-25 14:00:00+05:30,2113.4,2116.8,2113.15,2115.2,469
2024-09-25 14:15:00+05:30,2115.2,2115.25,2103.05,2107.15,5834
2024-09-25 14:30:00+05:30,2107.15,2109.7,2102.3,2105.25,2752
2024-09-25 14:45:00+05:30,2105.25,2111.45,2101.6,2111.3,2504
2024-09-25 15:00:00+05:30,2111.3,2125.0,2109.55,2117.0,5547
2024-09-25 15:15:00+05:30,2117.0,2118.95,2101.65,2106.65,9008
2024-09-25 15:30:00+05:30,2106.65,2120.45,2100.3,2109.95,19690
2024-09-26 09:30:00+05:30,2118.7,2146.4,2115.5,2140.0,23951
2024-09-26 09:45:00+05:30,2140.0,2157.95,2125.75,2138.45,48807
2024-09-26 10:00:00+05:30,2138.45,2145.85,2131.2,2133.7,18463
2024-09-26 10:15:00+05:30,2134.0,2139.0,2130.0,2139.0,6761
2024-09-26 10:30:00+05:30,2139.0,2141.35,2130.95,2137.75,5236
2024-09-26 10:45:00+05:30,2138.0,2140.0,2133.05,2138.95,4022
2024-09-26 11:00:00+05:30,2138.95,2141.3,2135.25,2140.0,9217
2024-09-26 11:15:00+05:30,2140.0,2140.0,2132.8,2138.9,4410
2024-09-26 11:30:00+05:30,2138.9,2139.4,2135.0,2137.4,1472
2024-09-26 11:45:00+05:30,2137.35,2137.4,2134.1,2134.95,724
2024-09-26 12:00:00+05:30,2134.95,2137.45,2134.95,2137.0,770
2024-09-26 12:15:00+05:30,2137.0,2138.95,2133.4,2137.0,1175
2024-09-26 12:30:00+05:30,2135.15,2137.0,2133.0,2136.95,3974
2024-09-26 12:45:00+05:30,2136.95,2136.95,2130.85,2134.2,3778
2024-09-26 13:00:00+05:30,2134.2,2134.6,2130.3,2131.3,2252
2024-09-26 13:15:00+05:30,2131.3,2135.0,2121.0,2125.85,4124
2024-09-26 13:30:00+05:30,2125.5,2132.5,2121.25,2129.45,3413
2024-09-26 13:45:00+05:30,2129.45,2133.35,2127.15,2127.4,2086
2024-09-26 14:00:00+05:30,2127.4,2130.0,2121.0,2124.95,3234
2024-09-26 14:15:00+05:30,2124.95,2130.0,2122.4,2129.8,2924
2024-09-26 14:30:00+05:30,2128.75,2135.95,2125.25,2134.0,5358
2024-09-26 14:45:00+05:30,2134.0,2136.95,2126.0,2136.05,10038
2024-09-26 15:00:00+05:30,2136.55,2137.0,2133.3,2133.85,9568
2024-09-26 15:15:00+05:30,2134.2,2137.0,2133.1,2137.0,11000
2024-09-26 15:30:00+05:30,2137.0,2137.0,2126.05,2130.0,20846
2024-09-27 09:30:00+05:30,2134.0,2135.1,2082.3,2087.75,31749
2024-09-27 09:45:00+05:30,2087.75,2087.8,2061.95,2076.1,49114
2024-09-27 10:00:00+05:30,2076.1,2089.0,2070.6,2080.0,16272
2024-09-27 10:15:00+05:30,2080.0,2097.35,2071.0,2097.35,20562
2024-09-27 10:30:00+05:30,2097.35,2116.2,2097.05,2113.85,22062
2024-09-27 10:45:00+05:30,2113.9,2125.2,2112.4,2122.0,17239
2024-09-27 11:00:00+05:30,2122.0,2135.95,2116.6,2133.85,7914
2024-09-27 11:15:00+05:30,2133.85,2137.8,2115.2,2129.7,15061
2024-09-27 11:30:00+05:30,2129.7,2131.95,2125.1,2130.35,5988
2024-09-27 11:45:00+05:30,2130.35,2137.8,2130.0,2135.0,8558
2024-09-27 12:00:00+05:30,2135.0,2135.6,2108.0,2108.65,8946
2024-09-27 12:15:00+05:30,2107.8,2113.65,2102.25,2112.2,4891
2024-09-27 12:30:00+05:30,2112.1,2113.9,2105.0,2113.0,3840
2024-09-27 12:45:00+05:30,2113.0,2114.0,2110.0,2111.8,3016
2024-09-27 13:00:00+05:30,2111.8,2111.8,2107.25,2110.5,4693
2024-09-27 13:15:00+05:30,2110.5,2110.95,2109.85,2110.05,3847
2024-09-27 13:30:00+05:30,2110.05,2110.95,2110.0,2110.0,1181
2024-09-27 13:45:00+05:30,2110.0,2110.9,2109.6,2110.8,43147
2024-09-27 14:00:00+05:30,2110.8,2110.8,2110.0,2110.0,856
2024-09-27 14:15:00+05:30,2110.0,2110.2,2109.65,2110.0,2695
2024-09-27 14:30:00+05:30,2110.0,2111.1,2109.95,2110.1,2041
2024-09-27 14:45:00+05:30,2110.1,2113.95,2101.15,2110.0,7547
2024-09-27 15:00:00+05:30,2110.0,2118.55,2091.0,2091.15,13761
2024-09-27 15:15:00+05:30,2086.55,2088.85,2069.0,2069.05,92165
2024-09-27 15:30:00+05:30,2069.05,2076.05,2045.4,2072.0,78456
2024-09-30 09:30:00+05:30,2075.0,2120.0,2069.95,2087.0,42556
2024-09-30 09:45:00+05:30,2086.3,2095.0,2077.95,2079.65,20433
2024-09-30 10:00:00+05:30,2079.65,2079.65,2069.45,2076.2,16432
2024-09-30 10:15:00+05:30,2074.9,2080.0,2065.4,2065.4,6395
2024-09-30 10:30:00+05:30,2066.8,2080.0,2065.3,2078.0,4843
2024-09-30 10:45:00+05:30,2078.15,2079.3,2072.3,2073.75,2619
2024-09-30 11:00:00+05:30,2073.75,2073.75,2065.5,2065.5,3104
2024-09-30 11:15:00+05:30,2065.5,2071.55,2065.05,2067.55,1745
2024-09-30 11:30:00+05:30,2067.55,2074.9,2062.8,2070.45,9511
2024-09-30 11:45:00+05:30,2069.3,2075.0,2065.4,2068.55,5971
2024-09-30 12:00:00+05:30,2068.55,2072.0,2065.0,2071.35,3082
2024-09-30 12:15:00+05:30,2071.35,2074.45,2069.0,2073.25,1921
2024-09-30 12:30:00+05:30,2073.25,2073.95,2064.4,2068.05,1930
2024-09-30 12:45:00+05:30,2067.8,2067.8,2061.15,2064.65,2644
2024-09-30 13:00:00+05:30,2062.5,2072.9,2062.4,2069.1,5795
2024-09-30 13:15:00+05:30,2069.1,2072.5,2066.25,2066.9,1850
2024-09-30 13:30:00+05:30,2066.9,2071.8,2065.4,2066.75,2558
2024-09-30 13:45:00+05:30,2066.75,2071.9,2065.5,2070.55,1812
2024-09-30 14:00:00+05:30,2070.55,2079.25,2065.1,2068.55,11654
2024-09-30 14:15:00+05:30,2068.55,2071.15,2065.0,2067.0,3786
2024-09-30 14:30:00+05:30,2066.0,2079.7,2065.6,2071.65,18444
2024-09-30 14:45:00+05:30,2072.15,2072.15,2066.4,2068.65,4709
2024-09-30 15:00:00+05:30,2068.65,2074.0,2067.55,2070.2,11989
2024-09-30 15:15:00+05:30,2070.2,2072.4,2044.55,2050.0,62511
2024-09-30 15:30:00+05:30,2050.0,2050.0,2021.0,2025.0,73410
2024-10-01 09:30:00+05:30,2030.0,2038.9,2021.0,2022.85,16496
2024-10-01 09:45:00+05:30,2022.85,2024.9,2005.55,2015.2,12741
2024-10-01 10:00:00+05:30,2015.95,2029.75,2012.65,2027.0,9322
2024-10-01 10:15:00+05:30,2027.0,2059.5,2026.0,2056.5,16876
2024-10-01 10:30:00+05:30,2057.05,2073.7,2053.1,2062.05,17873
2024-10-01 10:45:00+05:30,2062.05,2065.0,2051.5,2053.8,6151
2024-10-01 11:00:00+05:30,2053.8,2061.0,2050.0,2061.0,3401
2024-10-01 11:15:00+05:30,2061.0,2064.9,2059.0,2060.25,2278
2024-10-01 11:30:00+05:30,2060.25,2065.0,2058.5,2062.0,2874
2024-10-01 11:45:00+05:30,2062.0,2073.8,2059.75,2070.5,16305
2024-10-01 12:00:00+05:30,2070.5,2073.8,2065.1,2067.95,2864
2024-10-01 12:15:00+05:30,2067.95,2069.0,2059.35,2060.0,4311
2024-10-01 12:30:00+05:30,2060.15,2069.0,2059.35,2061.15,3784
2024-10-01 12:45:00+05:30,2062.45,2068.85,2061.1,2066.7,5670
2024-10-01 13:00:00+05:30,2065.0,2067.95,2060.05,2065.0,3509
2024-10-01 13:15:00+05:30,2065.0,2068.9,2061.8,2063.2,1834
2024-10-01 13:30:00+05:30,2063.25,2067.9,2059.35,2059.35,2597
2024-10-01 13:45:00+05:30,2059.35,2066.5,2056.0,2061.2,5333
2024-10-01 14:00:00+05:30,2060.8,2065.35,2059.55,2063.95,2411
2024-10-01 14:15:00+05:30,2063.95,2065.0,2059.95,2060.3,3030
2024-10-01 14:30:00+05:30,2060.3,2064.0,2056.3,2058.8,5537
2024-10-01 14:45:00+05:30,2057.0,2060.15,2057.0,2058.7,4553
2024-10-01 15:00:00+05:30,2060.0,2073.8,2058.9,2072.7,12497
2024-10-01 15:15:00+05:30,2074.7,2080.0,2072.85,2078.7,13279
2024-10-01 15:30:00+05:30,2078.7,2084.9,2073.85,2084.9,16090
2024-10-03 09:30:00+05:30,2070.0,2070.0,2040.5,2052.7,11394
2024-10-03 09:45:00+05:30,2052.7,2053.1,2036.55,2040.0,13545
2024-10-03 10:00:00+05:30,2040.0,2042.05,2032.05,2032.05,9959
2024-10-03 10:15:00+05:30,2032.05,2042.0,2026.7,2042.0,7185
2024-10-03 10:30:00+05:30,2042.95,2070.0,2042.0,2063.95,12001
2024-10-03 10:45:00+05:30,2063.95,2064.8,2056.45,2063.2,5466
2024-10-03 11:00:00+05:30,2063.2,2064.95,2056.15,2058.6,1088
2024-10-03 11:15:00+05:30,2059.75,2063.75,2055.0,2061.4,1487
2024-10-03 11:30:00+05:30,2061.4,2063.95,2055.85,2056.85,1307
2024-10-03 11:45:00+05:30,2056.85,2060.8,2051.5,2054.45,4621
2024-10-03 12:00:00+05:30,2054.45,2057.35,2043.75,2051.25,4415
2024-10-03 12:15:00+05:30,2051.2,2052.0,2042.2,2046.6,1631
2024-10-03 12:30:00+05:30,2046.6,2046.65,2038.0,2038.0,3066
2024-10-03 12:45:00+05:30,2039.7,2052.5,2037.0,2049.1,4557
2024-10-03 13:00:00+05:30,2049.1,2050.1,2045.0,2048.5,791
2024-10-03 13:15:00+05:30,2048.5,2048.5,2036.0,2038.25,5876
2024-10-03 13:30:00+05:30,2038.25,2038.75,2030.25,2031.25,3827
2024-10-03 13:45:00+05:30,2033.6,2035.85,2030.35,2032.15,854
2024-10-03 14:00:00+05:30,2032.15,2032.65,2025.75,2029.95,7079
2024-10-03 14:15:00+05:30,2029.95,2031.3,2015.3,2022.95,4395
2024-10-03 14:30:00+05:30,2022.95,2023.65,2015.3,2019.8,3353
2024-10-03 14:45:00+05:30,2019.8,2053.0,2018.15,2045.3,13606
2024-10-03 15:00:00+05:30,2044.0,2052.75,2042.8,2051.0,8419
2024-10-03 15:15:00+05:30,2051.0,2053.6,2038.1,2038.65,22435
2024-10-03 15:30:00+05:30,2039.3,2050.0,2031.05,2036.65,16784
2024-10-04 09:30:00+05:30,2046.45,2046.45,1978.05,1997.0,36174
2024-10-04 09:45:00+05:30,1997.0,2008.8,1972.7,2006.75,22888
2024-10-04 10:00:00+05:30,2006.75,2017.35,2002.5,2017.35,9172
2024-10-04 10:15:00+05:30,2017.35,2019.2,2011.8,2017.3,4798
2024-10-04 10:30:00+05:30,2017.3,2017.3,2010.0,2010.9,2171
2024-10-04 10:45:00+05:30,2010.9,2018.25,2010.45,2017.1,2278
2024-10-04 11:00:00+05:30,2018.0,2023.0,2012.6,2023.0,4320
2024-10-04 11:15:00+05:30,2023.0,2029.15,2020.25,2029.0,4686
2024-10-04 11:30:00+05:30,2029.0,2029.15,2021.4,2023.2,2557
2024-10-04 11:45:00+05:30,2023.2,2030.0,2022.0,2027.95,1753
2024-10-04 12:00:00+05:30,2027.95,2029.0,2025.0,2029.0,599
2024-10-04 12:15:00+05:30,2029.0,2033.85,2028.5,2030.5,951
2024-10-04 12:30:00+05:30,2030.5,2038.8,2030.5,2033.15,2005
2024-10-04 12:45:00+05:30,2032.7,2032.7,2015.1,2017.9,2953
2024-10-04 13:00:00+05:30,2017.9,2019.4,2011.15,2011.15,1082
2024-10-04 13:15:00+05:30,2011.15,2018.5,2010.05,2016.25,3307
2024-10-04 13:30:00+05:30,2017.5,2018.5,2012.35,2016.9,4123
2024-10-04 13:45:00+05:30,2016.95,2016.95,2010.25,2012.2,1520
2024-10-04 14:00:00+05:30,2012.2,2024.5,2010.3,2014.45,2164
2024-10-04 14:15:00+05:30,2014.45,2020.75,2013.15,2014.45,3753
2024-10-04 14:30:00+05:30,2014.45,2015.55,2010.0,2012.0,1284
2024-10-04 14:45:00+05:30,2012.0,2015.85,2010.45,2010.85,1884
2024-10-04 15:00:00+05:30,2010.85,2044.85,2010.0,2030.0,12674
2024-10-04 15:15:00+05:30,2029.7,2040.05,2011.05,2033.7,19254
2024-10-04 15:30:00+05:30,2033.7,2036.05,2022.75,2029.9,14452
2024-10-07 09:30:00+05:30,2035.0,2044.6,1995.5,1996.6,10288
2024-10-07 09:45:00+05:30,1997.85,2003.3,1986.1,1994.75,6336
2024-10-07 10:00:00+05:30,1994.75,1995.0,1970.55,1985.1,9192
2024-10-07 10:15:00+05:30,1984.85,1989.75,1975.0,1987.85,3936
2024-10-07 10:30:00+05:30,1985.8,1988.45,1981.25,1981.25,2545
2024-10-07 10:45:00+05:30,1981.25,1983.3,1965.7,1973.7,9473
2024-10-07 11:00:00+05:30,1973.7,1974.15,1942.65,1945.95,15650
2024-10-07 11:15:00+05:30,1948.1,1949.95,1927.75,1947.4,14728
2024-10-07 11:30:00+05:30,1949.4,1978.65,1947.4,1972.2,5920
2024-10-07 11:45:00+05:30,1972.2,1972.2,1957.7,1967.75,5040
2024-10-07 12:00:00+05:30,1967.75,1983.75,1955.0,1958.0,6495
2024-10-07 12:15:00+05:30,1958.0,1972.9,1956.0,1972.9,2355
2024-10-07 12:30:00+05:30,1972.9,1979.45,1965.0,1969.4,4204
2024-10-07 12:45:00+05:30,1970.35,1973.55,1965.05,1965.65,1663
2024-10-07 13:00:00+05:30,1965.65,1973.4,1961.25,1968.1,2699
2024-10-07 13:15:00+05:30,1970.25,1970.25,1960.0,1962.2,3591
2024-10-07 13:30:00+05:30,1963.1,1965.85,1952.05,1963.4,3833
2024-10-07 13:45:00+05:30,1963.4,1966.25,1952.95,1956.5,2416
2024-10-07 14:00:00+05:30,1956.5,1960.0,1950.0,1958.65,5618
2024-10-07 14:15:00+05:30,1958.65,1961.35,1946.05,1956.0,9996
2024-10-07 14:30:00+05:30,1954.9,1955.65,1944.0,1944.0,5132
2024-10-07 14:45:00+05:30,1944.0,1949.95,1943.0,1946.6,2484
2024-10-07 15:00:00+05:30,1946.5,1975.0,1945.5,1974.05,20988
2024-10-07 15:15:00+05:30,1974.45,2020.0,1974.05,2015.8,42783
2024-10-07 15:30:00+05:30,2017.3,2050.0,2005.55,2020.0,25251
2024-10-08 09:30:00+05:30,2000.0,2007.15,1950.0,1984.0,9594
2024-10-08 09:45:00+05:30,1984.0,1986.5,1971.0,1975.95,4939
2024-10-08 10:00:00+05:30,1975.95,1991.95,1975.15,1986.0,3726
2024-10-08 10:15:00+05:30,1987.45,1990.85,1983.0,1987.0,2455
2024-10-08 10:30:00+05:30,1987.0,1994.15,1978.65,1993.9,1993
2024-10-08 10:45:00+05:30,1993.9,1999.0,1991.7,1996.95,1646
2024-10-08 11:00:00+05:30,1996.95,2006.0,1989.95,1995.0,8236
2024-10-08 11:15:00+05:30,1995.0,2000.0,1992.05,1999.7,1662
2024-10-08 11:30:00+05:30,1999.7,2000.0,1993.55,1999.6,2913
2024-10-08 11:45:00+05:30,1999.6,2000.0,1991.05,1994.0,6434
2024-10-08 12:00:00+05:30,1994.0,1997.8,1990.0,1993.2,1756
2024-10-08 12:15:00+05:30,1993.2,1997.3,1990.3,1996.95,835
2024-10-08 12:30:00+05:30,1996.95,1997.35,1985.0,1989.2,1684
2024-10-08 12:45:00+05:30,1989.2,1991.6,1986.05,1991.05,3428
2024-10-08 13:00:00+05:30,1991.45,1996.25,1991.1,1993.1,939
2024-10-08 13:15:00+05:30,1993.1,1999.05,1986.95,1989.2,3651
2024-10-08 13:30:00+05:30,1989.2,1991.8,1985.7,1989.35,1319
2024-10-08 13:45:00+05:30,1989.35,1991.9,1984.25,1986.7,4483
2024-10-08 14:00:00+05:30,1986.7,1994.55,1986.7,1992.5,675
2024-10-08 14:15:00+05:30,1992.95,1997.6,1992.95,1997.6,1870
2024-10-08 14:30:00+05:30,1997.6,2000.0,1995.3,1997.45,2103
2024-10-08 14:45:00+05:30,1997.5,2000.3,1996.85,1997.6,1647
2024-10-08 15:00:00+05:30,1997.6,2000.0,1990.1,1991.15,2669
2024-10-08 15:15:00+05:30,1991.7,1995.0,1991.4,1995.0,7153
2024-10-08 15:30:00+05:30,1995.0,1995.0,1986.0,1992.0,10838
2024-10-09 09:30:00+05:30,1995.1,2047.55,1995.1,2041.95,16962
2024-10-09 09:45:00+05:30,2041.95,2065.75,2037.95,2037.95,27616
2024-10-09 10:00:00+05:30,2037.95,2040.65,2010.4,2022.05,31246
2024-10-09 10:15:00+05:30,2022.0,2039.15,2020.0,2030.75,13600
2024-10-09 10:30:00+05:30,2030.75,2033.8,2018.8,2021.05,7743
2024-10-09 10:45:00+05:30,2021.05,2022.35,2016.0,2017.3,5362
2024-10-09 11:00:00+05:30,2017.3,2020.0,2014.0,2015.05,5749
2024-10-09 11:15:00+05:30,2015.05,2018.15,2008.0,2009.0,7388
2024-10-09 11:30:00+05:30,2009.0,2013.4,2008.3,2008.65,4556
2024-10-09 11:45:00+05:30,2008.65,2011.95,2008.6,2010.0,5175
2024-10-09 12:00:00+05:30,2010.0,2010.0,2008.6,2009.1,1616
2024-10-09 12:15:00+05:30,2009.9,2012.0,2009.0,2010.0,2466
2024-10-09 12:30:00+05:30,2010.0,2010.0,2009.0,2010.0,930
2024-10-09 12:45:00+05:30,2010.0,2017.25,2006.0,2017.25,12311
2024-10-09 13:00:00+05:30,2018.95,2026.0,2018.55,2023.6,3591
2024-10-09 13:15:00+05:30,2023.6,2023.7,2016.2,2023.7,1884
2024-10-09 13:30:00+05:30,2023.9,2024.5,2016.55,2023.1,1513
2024-10-09 13:45:00+05:30,2023.85,2030.0,2022.45,2030.0,11877
2024-10-09 14:00:00+05:30,2029.1,2033.75,2027.0,2027.0,4358
2024-10-09 14:15:00+05:30,2028.65,2030.0,2025.85,2030.0,2762
2024-10-09 14:30:00+05:30,2030.0,2030.0,2027.0,2030.0,3544
2024-10-09 14:45:00+05:30,2030.0,2030.0,2025.0,2025.1,5210
2024-10-09 15:00:00+05:30,2027.25,2057.85,2025.0,2043.8,23156
2024-10-09 15:15:00+05:30,2045.0,2124.95,2045.0,2112.3,106271
2024-10-09 15:30:00+05:30,2111.05,2170.0,2111.05,2120.0,153715
2024-10-10 09:30:00+05:30,2140.0,2140.0,2100.0,2104.0,38566
2024-10-10 09:45:00+05:30,2103.0,2107.7,2095.0,2099.8,11442
2024-10-10 10:00:00+05:30,2098.6,2103.3,2097.0,2099.3,7465
2024-10-10 10:15:00+05:30,2098.05,2101.25,2094.0,2095.25,8221
2024-10-10 10:30:00+05:30,2095.0,2099.0,2092.0,2092.0,7607
2024-10-10 10:45:00+05:30,2092.0,2118.2,2089.0,2109.1,12212
2024-10-10 11:00:00+05:30,2109.1,2110.7,2100.55,2107.9,4469
2024-10-10 11:15:00+05:30,2107.9,2108.55,2103.05,2103.05,620
2024-10-10 11:30:00+05:30,2104.0,2107.05,2100.1,2107.05,1713
2024-10-10 11:45:00+05:30,2106.05,2106.05,2102.25,2103.15,533
2024-10-10 12:00:00+05:30,2102.8,2108.2,2102.65,2107.15,1233
2024-10-10 12:15:00+05:30,2107.15,2107.15,2103.75,2103.75,413
2024-10-10 12:30:00+05:30,2103.75,2108.0,2102.5,2105.9,712
2024-10-10 12:45:00+05:30,2107.5,2107.5,2102.2,2102.2,675
2024-10-10 13:00:00+05:30,2102.2,2104.35,2101.0,2101.2,737
2024-10-10 13:15:00+05:30,2102.2,2104.8,2097.45,2099.65,1736
2024-10-10 13:30:00+05:30,2099.65,2103.85,2092.0,2097.0,4106
2024-10-10 13:45:00+05:30,2097.0,2107.05,2095.05,2101.85,4925
2024-10-10 14:00:00+05:30,2101.85,2106.0,2098.35,2098.35,2561
2024-10-10 14:15:00+05:30,2098.1,2099.5,2096.05,2099.5,1347
2024-10-10 14:30:00+05:30,2099.5,2108.6,2097.85,2102.75,3709
2024-10-10 14:45:00+05:30,2102.75,2106.7,2099.35,2103.6,1925
2024-10-10 15:00:00+05:30,2103.95,2116.3,2102.15,2114.0,5368
2024-10-10 15:15:00+05:30,2114.0,2115.9,2110.55,2115.35,29970
2024-10-10 15:30:00+05:30,2115.2,2123.2,2107.3,2115.0,62498
2024-10-11 09:30:00+05:30,2120.0,2124.05,2095.0,2108.3,6976
2024-10-11 09:45:00+05:30,2108.3,2108.3,2093.05,2101.3,3652
2024-10-11 10:00:00+05:30,2101.3,2107.45,2096.0,2105.25,3267
2024-10-11 10:15:00+05:30,2107.25,2111.95,2104.4,2104.5,1597
2024-10-11 10:30:00+05:30,2104.5,2107.0,2104.5,2106.25,632
2024-10-11 10:45:00+05:30,2106.25,2106.25,2098.55,2103.15,1087
2024-10-11 11:00:00+05:30,2103.15,2106.85,2101.0,2102.45,2130
2024-10-11 11:15:00+05:30,2102.45,2105.0,2100.05,2100.55,1145
2024-10-11 11:30:00+05:30,2100.55,2102.95,2098.0,2099.4,2535
2024-10-11 11:45:00+05:30,2099.4,2103.05,2098.0,2102.0,808
2024-10-11 12:00:00+05:30,2102.0,2105.95,2100.3,2104.5,967
2024-10-11 12:15:00+05:30,2104.5,2105.45,2100.3,2102.35,314
2024-10-11 12:30:00+05:30,2102.35,2110.0,2100.8,2107.15,1025
2024-10-11 12:45:00+05:30,2108.75,2112.85,2105.95,2112.0,1353
2024-10-11 13:00:00+05:30,2113.2,2114.15,2109.5,2112.4,739
2024-10-11 13:15:00+05:30,2110.95,2114.5,2110.2,2114.5,1374
2024-10-11 13:30:00+05:30,2114.5,2122.0,2110.85,2121.2,2556
2024-10-11 13:45:00+05:30,2123.0,2134.0,2115.0,2128.6,8136
2024-10-11 14:00:00+05:30,2128.6,2138.9,2115.8,2134.1,9716
2024-10-11 14:15:00+05:30,2134.1,2137.0,2125.2,2127.9,1876
2024-10-11 14:30:00+05:30,2127.9,2127.95,2118.5,2120.4,6546
2024-10-11 14:45:00+05:30,2120.4,2122.45,2116.55,2121.6,2002
2024-10-11 15:00:00+05:30,2121.6,2130.4,2119.8,2130.4,3025
2024-10-11 15:15:00+05:30,2128.9,2155.0,2128.9,2154.0,19104
2024-10-11 15:30:00+05:30,2151.95,2161.3,2131.85,2144.0,24897
2024-10-14 09:30:00+05:30,2150.7,2161.6,2128.1,2139.75,8837
2024-10-14 09:45:00+05:30,2139.85,2143.4,2130.85,2134.85,3543
2024-10-14 10:00:00+05:30,2134.85,2141.05,2132.55,2134.0,1640
2024-10-14 10:15:00+05:30,2133.5,2135.45,2123.4,2125.0,2451
2024-10-14 10:30:00+05:30,2125.0,2133.75,2125.0,2130.15,1687
2024-10-14 10:45:00+05:30,2130.15,2141.95,2130.0,2136.15,1747
2024-10-14 11:00:00+05:30,2136.15,2157.55,2136.15,2142.95,11918
2024-10-14 11:15:00+05:30,2142.95,2143.95,2137.1,2138.2,2014
2024-10-14 11:30:00+05:30,2139.95,2140.15,2136.0,2137.8,1213
2024-10-14 11:45:00+05:30,2135.15,2139.7,2135.15,2139.3,1535
2024-10-14 12:00:00+05:30,2139.3,2140.0,2135.55,2140.0,1171
2024-10-14 12:15:00+05:30,2140.0,2140.0,2138.0,2139.05,819
2024-10-14 12:30:00+05:30,2139.05,2139.45,2136.6,2137.5,1319
2024-10-14 12:45:00+05:30,2137.5,2140.0,2135.0,2138.45,2658
2024-10-14 13:00:00+05:30,2138.45,2140.0,2137.0,2138.0,2339
2024-10-14 13:15:00+05:30,2138.0,2140.65,2137.25,2139.95,1254
2024-10-14 13:30:00+05:30,2139.1,2140.0,2133.5,2134.65,11296
2024-10-14 13:45:00+05:30,2134.0,2137.3,2129.0,2131.0,2856
2024-10-14 14:00:00+05:30,2131.0,2149.0,2130.8,2146.65,44520
2024-10-14 14:15:00+05:30,2146.6,2147.2,2133.0,2133.6,2070
2024-10-14 14:30:00+05:30,2133.6,2142.75,2133.6,2137.05,782
2024-10-14 14:45:00+05:30,2137.05,2145.0,2137.05,2142.45,2964
2024-10-14 15:00:00+05:30,2142.45,2184.0,2140.05,2184.0,25069
2024-10-14 15:15:00+05:30,2182.0,2193.95,2171.65,2180.8,49483
2024-10-14 15:30:00+05:30,2180.95,2181.35,2161.0,2161.0,19705
2024-10-15 09:30:00+05:30,2173.0,2222.1,2166.35,2220.0,37849
2024-10-15 09:45:00+05:30,2220.0,2243.55,2215.8,2238.95,37154
2024-10-15 10:00:00+05:30,2236.85,2268.95,2235.7,2261.7,48939
2024-10-15 10:15:00+05:30,2261.7,2274.0,2241.25,2246.8,58366
2024-10-15 10:30:00+05:30,2248.65,2273.95,2247.85,2272.25,28467
2024-10-15 10:45:00+05:30,2269.85,2273.0,2260.0,2270.55,24279
2024-10-15 11:00:00+05:30,2270.55,2273.0,2260.25,2263.35,20730
2024-10-15 11:15:00+05:30,2263.35,2267.0,2246.0,2249.55,24776
2024-10-15 11:30:00+05:30,2250.0,2250.95,2247.0,2250.0,10757
2024-10-15 11:45:00+05:30,2249.1,2270.5,2247.3,2265.0,15066
2024-10-15 12:00:00+05:30,2267.15,2267.95,2261.7,2264.2,7814
2024-10-15 12:15:00+05:30,2265.0,2265.3,2254.55,2258.2,9991
2024-10-15 12:30:00+05:30,2258.2,2259.15,2231.45,2233.9,23782
2024-10-15 12:45:00+05:30,2233.9,2246.45,2231.0,2233.95,16617
2024-10-15 13:00:00+05:30,2234.65,2235.0,2226.0,2230.0,14963
2024-10-15 13:15:00+05:30,2230.0,2235.8,2217.0,2226.5,55800
2024-10-15 13:30:00+05:30,2226.5,2229.5,2222.85,2226.2,9805
2024-10-15 13:45:00+05:30,2226.2,2228.55,2213.8,2214.7,11263
2024-10-15 14:00:00+05:30,2213.9,2222.9,2212.05,2216.65,11786
2024-10-15 14:15:00+05:30,2216.7,2231.8,2215.1,2220.15,20817
2024-10-15 14:30:00+05:30,2220.15,2225.0,2211.6,2213.4,11240
2024-10-15 14:45:00+05:30,2213.4,2223.05,2195.8,2199.95,18799
2024-10-15 15:00:00+05:30,2199.05,2215.4,2199.05,2212.6,17517
2024-10-15 15:15:00+05:30,2212.6,2222.3,2204.0,2220.8,21515
2024-10-15 15:30:00+05:30,2220.8,2225.0,2201.7,2216.0,25044
2024-10-16 09:30:00+05:30,2216.05,2230.0,2195.45,2205.6,11948
2024-10-16 09:45:00+05:30,2208.05,2219.75,2196.2,2196.2,7328
2024-10-16 10:00:00+05:30,2198.75,2201.6,2190.1,2197.65,4034
2024-10-16 10:15:00+05:30,2197.65,2197.65,2192.0,2196.0,2510
2024-10-16 10:30:00+05:30,2196.0,2197.85,2193.15,2193.35,1110
2024-10-16 10:45:00+05:30,2193.35,2195.9,2184.4,2184.4,4064
2024-10-16 11:00:00+05:30,2185.0,2191.2,2180.0,2180.0,5404
2024-10-16 11:15:00+05:30,2180.0,2180.0,2171.15,2174.0,4197
2024-10-16 11:30:00+05:30,2173.95,2175.0,2171.65,2174.85,2174
2024-10-16 11:45:00+05:30,2174.85,2174.95,2170.3,2174.2,1421
2024-10-16 12:00:00+05:30,2173.3,2175.0,2166.05,2168.6,3745
2024-10-16 12:15:00+05:30,2168.6,2170.0,2151.05,2151.05,4288
2024-10-16 12:30:00+05:30,2151.05,2160.0,2148.05,2160.0,4916
2024-10-16 12:45:00+05:30,2162.4,2165.15,2158.85,2164.65,3664
2024-10-16 13:00:00+05:30,2165.15,2166.4,2160.6,2166.4,2676
2024-10-16 13:15:00+05:30,2166.4,2187.0,2162.1,2185.0,9242
2024-10-16 13:30:00+05:30,2185.0,2199.0,2184.9,2193.9,9617
2024-10-16 13:45:00+05:30,2193.7,2197.45,2189.55,2191.2,6058
2024-10-16 14:00:00+05:30,2191.2,2192.05,2184.1,2192.05,6613
2024-10-16 14:15:00+05:30,2192.05,2198.1,2189.6,2192.5,9683
2024-10-16 14:30:00+05:30,2192.5,2196.85,2185.3,2192.6,9959
2024-10-16 14:45:00+05:30,2192.6,2198.95,2191.7,2197.35,12000
2024-10-16 15:00:00+05:30,2198.0,2198.0,2178.5,2179.9,11131
2024-10-16 15:15:00+05:30,2179.4,2205.65,2179.4,2200.95,56588
2024-10-16 15:30:00+05:30,2202.55,2280.0,2198.9,2264.95,54771
2024-10-17 09:30:00+05:30,2238.0,2241.4,2205.2,2209.2,12794
2024-10-17 09:45:00+05:30,2209.2,2212.9,2203.0,2212.4,2721
2024-10-17 10:00:00+05:30,2213.75,2222.95,2200.25,2201.35,7585
2024-10-17 10:15:00+05:30,2201.4,2209.3,2201.0,2203.85,3591
2024-10-17 10:30:00+05:30,2203.85,2210.95,2200.25,2203.95,1992
2024-10-17 10:45:00+05:30,2203.95,2224.95,2200.25,2216.4,4641
2024-10-17 11:00:00+05:30,2215.1,2222.9,2211.35,2219.35,3207
2024-10-17 11:15:00+05:30,2219.35,2219.4,2206.2,2209.45,894
2024-10-17 11:30:00+05:30,2208.75,2213.2,2204.6,2205.15,1335
2024-10-17 11:45:00+05:30,2205.2,2211.8,2191.3,2191.3,4956
2024-10-17 12:00:00+05:30,2191.3,2201.2,2181.0,2184.4,7254
2024-10-17 12:15:00+05:30,2184.4,2186.9,2182.25,2183.95,1987
2024-10-17 12:30:00+05:30,2183.95,2184.4,2181.6,2183.0,1788
2024-10-17 12:45:00+05:30,2183.0,2202.05,2183.0,2192.7,4594
2024-10-17 13:00:00+05:30,2195.95,2199.0,2188.95,2198.45,1278
2024-10-17 13:15:00+05:30,2198.45,2205.65,2198.4,2202.0,841
2024-10-17 13:30:00+05:30,2202.0,2212.0,2195.1,2206.65,4013
2024-10-17 13:45:00+05:30,2206.65,2211.55,2205.0,2206.65,1410
2024-10-17 14:00:00+05:30,2206.65,2208.65,2200.0,2200.05,1053
2024-10-17 14:15:00+05:30,2201.2,2206.8,2200.05,2200.4,1679
2024-10-17 14:30:00+05:30,2200.4,2209.4,2199.1,2209.4,650
2024-10-17 14:45:00+05:30,2209.4,2209.4,2202.0,2203.35,759
2024-10-17 15:00:00+05:30,2204.95,2219.95,2203.35,2215.0,9960
2024-10-17 15:15:00+05:30,2216.75,2217.85,2194.6,2195.3,5570
2024-10-17 15:30:00+05:30,2195.3,2195.3,2177.0,2180.0,11493
2024-10-18 09:30:00+05:30,2193.0,2193.0,2102.5,2121.95,27387
2024-10-18 09:45:00+05:30,2123.1,2140.6,2120.05,2137.0,9230
2024-10-18 10:00:00+05:30,2135.7,2168.75,2135.7,2150.0,14577
2024-10-18 10:15:00+05:30,2148.4,2151.75,2125.0,2138.55,5941
2024-10-18 10:30:00+05:30,2138.45,2148.7,2136.35,2142.85,2471
2024-10-18 10:45:00+05:30,2141.15,2147.1,2135.05,2140.4,3522
2024-10-18 11:00:00+05:30,2141.6,2166.55,2140.4,2158.85,14307
2024-10-18 11:15:00+05:30,2160.05,2161.75,2145.0,2145.0,4630
2024-10-18 11:30:00+05:30,2145.0,2154.65,2145.0,2152.4,2507
2024-10-18 11:45:00+05:30,2152.3,2156.4,2145.6,2150.5,2597
2024-10-18 12:00:00+05:30,2150.4,2174.95,2150.35,2161.65,6954
2024-10-18 12:15:00+05:30,2163.1,2168.45,2156.6,2163.65,1853
2024-10-18 12:30:00+05:30,2164.1,2168.8,2161.25,2162.55,1877
2024-10-18 12:45:00+05:30,2164.5,2189.35,2164.5,2182.6,7073
2024-10-18 13:00:00+05:30,2182.9,2184.35,2177.25,2180.0,2701
2024-10-18 13:15:00+05:30,2180.9,2218.0,2179.1,2207.6,14917
2024-10-18 13:30:00+05:30,2205.05,2210.25,2195.2,2210.25,6361
2024-10-18 13:45:00+05:30,2213.05,2217.95,2205.15,2212.85,5843
2024-10-18 14:00:00+05:30,2212.65,2213.0,2202.5,2210.65,4074
2024-10-18 14:15:00+05:30,2211.95,2213.0,2206.55,2211.55,3542
2024-10-18 14:30:00+05:30,2213.0,2223.8,2209.3,2219.0,7192
2024-10-18 14:45:00+05:30,2219.0,2236.45,2215.0,2232.45,9540
2024-10-18 15:00:00+05:30,2232.45,2263.7,2231.25,2254.95,23914
2024-10-18 15:15:00+05:30,2252.0,2260.0,2236.25,2240.0,20818
2024-10-18 15:30:00+05:30,2240.0,2245.0,2211.0,2215.0,16887
2024-10-21 09:30:00+05:30,2208.0,2238.2,2206.65,2218.65,14511
2024-10-21 09:45:00+05:30,2216.35,2224.0,2211.05,2211.55,3816
2024-10-21 10:00:00+05:30,2211.55,2218.0,2207.0,2209.9,2472
2024-10-21 10:15:00+05:30,2209.75,2224.0,2205.0,2214.9,3889
2024-10-21 10:30:00+05:30,2217.85,2224.0,2215.0,2220.0,1646
2024-10-21 10:45:00+05:30,2221.25,2223.4,2204.95,2205.55,3807
2024-10-21 11:00:00+05:30,2206.9,2210.7,2204.0,2207.8,1719
2024-10-21 11:15:00+05:30,2207.8,2211.0,2206.15,2208.05,1267
2024-10-21 11:30:00+05:30,2208.05,2213.7,2208.0,2212.5,1309
2024-10-21 11:45:00+05:30,2214.9,2214.95,2208.05,2211.05,2221
2024-10-21 12:00:00+05:30,2211.05,2224.0,2210.75,2217.65,3594
2024-10-21 12:15:00+05:30,2217.65,2218.75,2210.6,2213.95,2215
2024-10-21 12:30:00+05:30,2213.65,2213.65,2202.0,2204.9,3966
2024-10-21 12:45:00+05:30,2204.9,2205.8,2201.0,2201.0,1451
2024-10-21 13:00:00+05:30,2201.0,2204.95,2200.15,2200.75,1455
2024-10-21 13:15:00+05:30,2200.75,2202.75,2190.1,2190.1,4314
2024-10-21 13:30:00+05:30,2190.1,2202.05,2190.1,2199.0,5710
2024-10-21 13:45:00+05:30,2199.0,2200.55,2195.0,2195.0,3626
2024-10-21 14:00:00+05:30,2194.5,2208.0,2193.0,2202.85,3808
2024-10-21 14:15:00+05:30,2202.85,2205.0,2197.25,2197.25,5040
2024-10-21 14:30:00+05:30,2197.25,2198.55,2188.1,2188.55,1933
2024-10-21 14:45:00+05:30,2190.15,2198.6,2189.3,2193.3,1848
2024-10-21 15:00:00+05:30,2196.35,2205.0,2194.25,2204.6,5876
2024-10-21 15:15:00+05:30,2204.6,2208.0,2186.0,2187.15,11255
2024-10-21 15:30:00+05:30,2187.15,2190.0,2180.15,2187.2,11397
2024-10-22 09:30:00+05:30,2162.0,2179.3,2145.0,2160.4,12507
2024-10-22 09:45:00+05:30,2159.5,2160.15,2150.0,2154.95,5793
2024-10-22 10:00:00+05:30,2154.95,2167.95,2150.3,2165.1,5734
2024-10-22 10:15:00+05:30,2165.4,2167.4,2141.85,2142.15,6026
2024-10-22 10:30:00+05:30,2142.15,2143.8,2130.1,2133.0,4291
2024-10-22 10:45:00+05:30,2132.3,2132.3,2120.0,2121.05,4956
2024-10-22 11:00:00+05:30,2120.0,2132.1,2120.0,2128.9,2069
2024-10-22 11:15:00+05:30,2128.9,2128.9,2109.05,2113.1,6248
2024-10-22 11:30:00+05:30,2112.45,2117.85,2106.1,2107.1,3706
2024-10-22 11:45:00+05:30,2110.65,2118.5,2107.15,2110.6,3067
2024-10-22 12:00:00+05:30,2108.65,2117.4,2108.0,2117.4,3566
2024-10-22 12:15:00+05:30,2117.4,2128.35,2116.2,2118.8,4723
2024-10-22 12:30:00+05:30,2118.8,2122.1,2111.05,2112.1,2876
2024-10-22 12:45:00+05:30,2112.05,2116.75,2109.0,2112.25,2562
2024-10-22 13:00:00+05:30,2112.25,2113.3,2108.95,2112.2,2402
2024-10-22 13:15:00+05:30,2112.2,2112.2,2105.0,2106.8,1581
2024-10-22 13:30:00+05:30,2106.75,2108.45,2099.45,2103.0,3806
2024-10-22 13:45:00+05:30,2102.95,2106.95,2097.0,2104.9,3015
2024-10-22 14:00:00+05:30,2106.9,2113.0,2101.2,2101.2,2423
2024-10-22 14:15:00+05:30,2102.0,2108.9,2096.35,2098.9,4078
2024-10-22 14:30:00+05:30,2098.85,2108.35,2094.4,2094.55,4608
2024-10-22 14:45:00+05:30,2094.5,2108.2,2092.0,2092.0,5909
2024-10-22 15:00:00+05:30,2091.95,2154.95,2083.1,2149.95,31930
2024-10-22 15:15:00+05:30,2151.0,2194.45,2146.05,2184.95,29601
2024-10-22 15:30:00+05:30,2185.0,2188.2,2140.2,2175.95,13804
2024-10-23 09:30:00+05:30,2205.85,2205.85,2145.0,2154.45,13269
2024-10-23 09:45:00+05:30,2154.45,2158.5,2135.0,2139.95,7158
2024-10-23 10:00:00+05:30,2139.95,2163.7,2131.05,2163.25,9747
2024-10-23 10:15:00+05:30,2161.05,2177.0,2153.0,2169.3,11765
2024-10-23 10:30:00+05:30,2169.35,2195.9,2169.35,2178.05,7951
2024-10-23 10:45:00+05:30,2178.05,2179.95,2167.05,2168.1,2116
2024-10-23 11:00:00+05:30,2168.1,2182.6,2166.55,2181.45,2056
2024-10-23 11:15:00+05:30,2181.45,2190.0,2181.05,2181.6,2331
2024-10-23 11:30:00+05:30,2181.6,2210.0,2180.0,2206.2,20109
2024-10-23 11:45:00+05:30,2206.2,2215.0,2195.35,2213.5,12075
2024-10-23 12:00:00+05:30,2213.65,2223.5,2213.5,2221.75,9535
2024-10-23 12:15:00+05:30,2221.75,2231.95,2215.5,2221.0,12740
2024-10-23 12:30:00+05:30,2219.35,2220.25,2210.6,2213.9,4421
2024-10-23 12:45:00+05:30,2213.9,2218.75,2201.35,2205.35,4074
2024-10-23 13:00:00+05:30,2205.35,2211.85,2201.45,2207.65,5889
2024-10-23 13:15:00+05:30,2207.65,2210.7,2204.0,2210.0,2541
2024-10-23 13:30:00+05:30,2210.3,2221.85,2208.2,2210.75,7797
2024-10-23 13:45:00+05:30,2210.7,2214.4,2208.95,2210.15,3908
2024-10-23 14:00:00+05:30,2210.15,2211.05,2206.0,2209.9,2337
2024-10-23 14:15:00+05:30,2209.75,2220.0,2206.0,2208.0,10134
2024-10-23 14:30:00+05:30,2208.7,2210.35,2202.05,2205.4,2998
2024-10-23 14:45:00+05:30,2205.4,2208.3,2196.0,2203.85,18816
2024-10-23 15:00:00+05:30,2201.75,2247.0,2200.6,2235.7,17702
2024-10-23 15:15:00+05:30,2237.0,2242.0,2232.0,2235.5,20359
2024-10-23 15:30:00+05:30,2236.0,2239.9,2232.0,2235.0,13869
2024-10-24 09:30:00+05:30,2240.7,2270.0,2231.35,2249.0,39484
2024-10-24 09:45:00+05:30,2249.0,2285.0,2249.0,2280.0,36751
2024-10-24 10:00:00+05:30,2280.0,2298.9,2262.3,2278.65,54552
2024-10-24 10:15:00+05:30,2278.65,2285.0,2262.95,2271.55,16937
2024-10-24 10:30:00+05:30,2271.55,2272.6,2262.4,2268.4,9626
2024-10-24 10:45:00+05:30,2268.4,2275.0,2265.05,2272.0,7735
2024-10-24 11:00:00+05:30,2271.3,2273.35,2265.05,2266.95,4767
2024-10-24 11:15:00+05:30,2266.95,2270.15,2265.35,2269.35,5095
2024-10-24 11:30:00+05:30,2269.35,2275.0,2266.9,2268.0,3950
2024-10-24 11:45:00+05:30,2268.35,2273.0,2266.35,2269.6,3373
2024-10-24 12:00:00+05:30,2269.6,2271.95,2244.05,2248.5,9636
2024-10-24 12:15:00+05:30,2244.25,2260.15,2244.25,2255.0,6221
2024-10-24 12:30:00+05:30,2256.0,2262.0,2246.6,2262.0,13471
2024-10-24 12:45:00+05:30,2262.85,2290.0,2255.15,2286.15,30989
2024-10-24 13:00:00+05:30,2286.1,2294.9,2280.0,2286.9,22373
2024-10-24 13:15:00+05:30,2286.95,2291.95,2265.05,2275.0,27187
2024-10-24 13:30:00+05:30,2275.0,2305.0,2274.8,2300.75,36919
2024-10-24 13:45:00+05:30,2302.0,2345.05,2301.7,2343.95,102981
2024-10-24 14:00:00+05:30,2343.0,2389.0,2335.0,2352.75,245117
2024-10-24 14:15:00+05:30,2351.2,2360.0,2266.2,2279.65,167486
2024-10-24 14:30:00+05:30,2280.0,2310.4,2277.4,2296.65,53882
2024-10-24 14:45:00+05:30,2296.8,2302.75,2283.0,2292.4,25388
2024-10-24 15:00:00+05:30,2292.1,2301.0,2286.05,2298.3,17678
2024-10-24 15:15:00+05:30,2298.0,2307.65,2296.65,2299.95,31336
2024-10-24 15:30:00+05:30,2299.95,2304.95,2278.0,2293.0,42488
2024-10-25 09:30:00+05:30,2350.0,2524.0,2350.0,2415.55,732545
2024-10-25 09:45:00+05:30,2417.15,2462.95,2400.0,2440.65,276441
2024-10-25 10:00:00+05:30,2438.6,2445.7,2390.0,2396.2,203630
2024-10-25 10:15:00+05:30,2397.8,2400.0,2368.25,2368.25,108311
2024-10-25 10:30:00+05:30,2369.8,2377.75,2292.9,2370.0,225132
2024-10-25 10:45:00+05:30,2370.0,2387.0,2351.05,2359.95,107348
2024-10-25 11:00:00+05:30,2358.95,2382.65,2343.0,2382.0,81944
2024-10-25 11:15:00+05:30,2382.0,2400.0,2372.0,2385.55,119345
2024-10-25 11:30:00+05:30,2388.95,2395.0,2344.3,2347.25,86000
2024-10-25 11:45:00+05:30,2349.9,2350.0,2229.75,2285.85,195202
2024-10-25 12:00:00+05:30,2287.1,2321.5,2283.05,2304.6,94173
2024-10-25 12:15:00+05:30,2304.65,2319.0,2290.35,2295.25,55003
2024-10-25 12:30:00+05:30,2295.25,2311.2,2284.65,2286.0,45506
2024-10-25 12:45:00+05:30,2281.7,2300.0,2279.95,2285.0,34112
2024-10-25 13:00:00+05:30,2285.0,2291.6,2256.2,2285.05,63656
2024-10-25 13:15:00+05:30,2285.05,2300.55,2276.05,2277.25,50829
2024-10-25 13:30:00+05:30,2275.5,2283.6,2261.8,2272.05,34894
2024-10-25 13:45:00+05:30,2272.05,2290.4,2262.5,2272.85,35410
2024-10-25 14:00:00+05:30,2272.85,2276.3,2257.1,2265.75,24867
2024-10-25 14:15:00+05:30,2265.8,2267.95,2206.4,2234.8,97497
2024-10-25 14:30:00+05:30,2234.8,2247.2,2217.0,2234.1,55853
2024-10-25 14:45:00+05:30,2234.1,2244.9,2200.55,2212.4,59812
2024-10-25 15:00:00+05:30,2212.35,2242.95,2210.0,2227.75,51611
2024-10-25 15:15:00+05:30,2227.45,2287.65,2225.3,2275.05,111013
2024-10-25 15:30:00+05:30,2275.05,2286.0,2257.4,2270.0,102457
2024-10-28 09:30:00+05:30,2260.0,2305.95,2237.85,2305.95,44397
2024-10-28 09:45:00+05:30,2305.95,2313.95,2275.0,2282.3,35480
2024-10-28 10:00:00+05:30,2282.3,2299.45,2281.8,2296.45,19360
2024-10-28 10:15:00+05:30,2296.45,2298.0,2285.0,2286.1,7441
2024-10-28 10:30:00+05:30,2287.75,2291.0,2283.9,2284.45,17022
2024-10-28 10:45:00+05:30,2284.75,2298.0,2284.7,2291.65,10707
2024-10-28 11:00:00+05:30,2293.0,2297.7,2288.0,2290.8,15732
2024-10-28 11:15:00+05:30,2290.8,2296.0,2289.25,2294.0,6485
2024-10-28 11:30:00+05:30,2295.25,2297.0,2292.0,2294.9,4470
2024-10-28 11:45:00+05:30,2294.9,2294.9,2290.0,2292.8,4711
2024-10-28 12:00:00+05:30,2292.95,2303.45,2291.15,2295.0,12298
2024-10-28 12:15:00+05:30,2295.0,2297.05,2291.0,2292.95,5659
2024-10-28 12:30:00+05:30,2294.45,2296.55,2289.5,2289.95,6290
2024-10-28 12:45:00+05:30,2289.95,2296.2,2289.55,2291.55,8745
2024-10-28 13:00:00+05:30,2290.3,2292.35,2289.55,2290.2,6259
2024-10-28 13:15:00+05:30,2290.15,2291.5,2289.25,2290.2,4422
2024-10-28 13:30:00+05:30,2290.2,2298.7,2288.0,2289.55,153657
2024-10-28 13:45:00+05:30,2290.05,2293.15,2289.0,2290.0,5942
2024-10-28 14:00:00+05:30,2291.05,2292.1,2290.0,2290.0,5590
2024-10-28 14:15:00+05:30,2291.35,2291.7,2288.0,2288.55,6072
2024-10-28 14:30:00+05:30,2288.55,2292.5,2288.35,2290.05,5276
2024-10-28 14:45:00+05:30,2290.05,2293.0,2290.0,2291.75,7964
2024-10-28 15:00:00+05:30,2291.7,2308.0,2290.05,2299.0,19546
2024-10-28 15:15:00+05:30,2299.5,2300.45,2292.05,2298.0,17775
2024-10-28 15:30:00+05:30,2298.0,2302.55,2275.05,2285.0,69099
2024-10-29 09:30:00+05:30,2295.65,2308.45,2279.15,2302.7,12535
2024-10-29 09:45:00+05:30,2302.7,2302.7,2269.55,2270.55,10704
2024-10-29 10:00:00+05:30,2268.05,2274.45,2260.75,2263.4,6370
2024-10-29 10:15:00+05:30,2263.4,2264.3,2242.0,2246.5,16482
2024-10-29 10:30:00+05:30,2246.55,2255.0,2225.0,2225.0,22128
2024-10-29 10:45:00+05:30,2225.0,2229.5,2214.0,2223.8,9265
2024-10-29 11:00:00+05:30,2223.8,2228.9,2218.35,2223.85,6611
2024-10-29 11:15:00+05:30,2222.05,2229.9,2212.1,2214.85,7274
2024-10-29 11:30:00+05:30,2214.85,2219.35,2208.6,2213.9,7057
2024-10-29 11:45:00+05:30,2214.0,2219.85,2210.45,2214.05,3732
2024-10-29 12:00:00+05:30,2214.05,2215.0,2210.2,2213.85,2538
2024-10-29 12:15:00+05:30,2213.85,2215.0,2206.0,2212.6,4604
2024-10-29 12:30:00+05:30,2212.6,2215.0,2207.15,2208.95,4815
2024-10-29 12:45:00+05:30,2208.85,2213.6,2206.0,2209.75,3817
2024-10-29 13:00:00+05:30,2209.45,2229.3,2207.2,2213.45,20801
2024-10-29 13:15:00+05:30,2214.6,2218.1,2209.4,2210.7,8452
2024-10-29 13:30:00+05:30,2216.05,2238.05,2216.0,2224.85,17139
2024-10-29 13:45:00+05:30,2224.95,2241.0,2222.3,2232.15,19118
2024-10-29 14:00:00+05:30,2233.15,2235.7,2228.1,2231.85,3927
2024-10-29 14:15:00+05:30,2231.85,2236.55,2229.65,2230.8,4018
2024-10-29 14:30:00+05:30,2230.8,2242.0,2230.55,2237.4,7541
2024-10-29 14:45:00+05:30,2237.4,2256.1,2230.35,2245.25,14833
2024-10-29 15:00:00+05:30,2247.1,2247.95,2240.15,2243.9,5218
2024-10-29 15:15:00+05:30,2243.9,2246.0,2233.55,2238.6,11063
2024-10-29 15:30:00+05:30,2238.6,2248.55,2231.2,2244.7,37072
2024-10-30 09:30:00+05:30,2249.4,2258.45,2232.1,2253.05,20414
2024-10-30 09:45:00+05:30,2253.05,2261.0,2241.3,2259.45,5379
2024-10-30 10:00:00+05:30,2260.4,2262.7,2245.95,2259.3,10721
2024-10-30 10:15:00+05:30,2259.3,2282.35,2252.45,2274.65,12713
2024-10-30 10:30:00+05:30,2274.6,2275.9,2267.6,2271.6,2033
2024-10-30 10:45:00+05:30,2271.6,2272.0,2264.55,2266.8,1641
2024-10-30 11:00:00+05:30,2266.8,2270.55,2260.0,2268.2,1364
2024-10-30 11:15:00+05:30,2268.2,2272.0,2266.15,2270.0,3838
2024-10-30 11:30:00+05:30,2270.0,2287.1,2268.05,2278.0,3717
2024-10-30 11:45:00+05:30,2278.0,2278.0,2265.05,2268.8,2666
2024-10-30 12:00:00+05:30,2267.25,2268.7,2263.0,2267.05,1496
2024-10-30 12:15:00+05:30,2265.4,2275.0,2262.8,2273.85,2034
2024-10-30 12:30:00+05:30,2273.85,2277.4,2268.6,2274.85,2425
2024-10-30 12:45:00+05:30,2275.0,2275.0,2269.8,2270.65,798
2024-10-30 13:00:00+05:30,2270.65,2312.0,2270.45,2305.0,29055
2024-10-30 13:15:00+05:30,2305.0,2314.0,2302.85,2310.0,9773
2024-10-30 13:30:00+05:30,2310.0,2327.9,2307.0,2317.0,18352
2024-10-30 13:45:00+05:30,2317.0,2332.0,2310.25,2330.0,4497
2024-10-30 14:00:00+05:30,2330.45,2360.0,2328.8,2348.4,39541
2024-10-30 14:15:00+05:30,2347.6,2354.75,2338.05,2341.95,23166
2024-10-30 14:30:00+05:30,2341.95,2360.0,2340.15,2354.8,28152
2024-10-30 14:45:00+05:30,2354.8,2356.3,2330.1,2351.35,30256
2024-10-30 15:00:00+05:30,2352.05,2415.0,2352.05,2393.7,112943
2024-10-30 15:15:00+05:30,2395.95,2408.85,2385.45,2397.55,80280
2024-10-30 15:30:00+05:30,2395.05,2463.7,2390.25,2410.0,99300
2024-10-31 09:30:00+05:30,2390.0,2429.8,2366.75,2429.8,38529
2024-10-31 09:45:00+05:30,2427.55,2431.0,2386.65,2390.7,35406
2024-10-31 10:00:00+05:30,2390.7,2402.4,2381.1,2387.6,14531
2024-10-31 10:15:00+05:30,2387.6,2388.4,2372.45,2373.65,8856
2024-10-31 10:30:00+05:30,2373.65,2373.65,2353.7,2357.85,13636
2024-10-31 10:45:00+05:30,2357.85,2369.95,2355.55,2364.9,3226
2024-10-31 11:00:00+05:30,2364.9,2379.85,2363.6,2370.1,6917
2024-10-31 11:15:00+05:30,2370.1,2374.45,2362.0,2362.05,2771
2024-10-31 11:30:00+05:30,2362.05,2371.8,2360.7,2370.1,2451
2024-10-31 11:45:00+05:30,2370.0,2380.0,2365.3,2376.0,5041
2024-10-31 12:00:00+05:30,2376.0,2379.0,2373.6,2376.15,1956
2024-10-31 12:15:00+05:30,2376.15,2378.8,2374.75,2377.1,1686
2024-10-31 12:30:00+05:30,2377.1,2378.2,2373.05,2375.0,1837
2024-10-31 12:45:00+05:30,2375.0,2375.0,2369.05,2370.15,1269
2024-10-31 13:00:00+05:30,2370.15,2378.25,2369.1,2378.25,3611
2024-10-31 13:15:00+05:30,2378.0,2378.5,2370.75,2377.0,1764
2024-10-31 13:30:00+05:30,2378.5,2382.5,2375.35,2376.35,4316
2024-10-31 13:45:00+05:30,2376.35,2377.0,2366.0,2372.2,6732
2024-10-31 14:00:00+05:30,2372.2,2378.55,2372.2,2378.55,2081
2024-10-31 14:15:00+05:30,2378.55,2378.55,2371.6,2374.25,3260
2024-10-31 14:30:00+05:30,2375.4,2387.5,2373.25,2380.0,22500
2024-10-31 14:45:00+05:30,2378.7,2384.5,2377.65,2380.0,15703
2024-10-31 15:00:00+05:30,2380.0,2381.55,2373.5,2380.0,8369
2024-10-31 15:15:00+05:30,2378.6,2384.0,2375.0,2381.7,30358
2024-10-31 15:30:00+05:30,2381.7,2381.75,2365.0,2379.0,43191
2024-11-01 18:15:00+05:30,2405.6,2425.0,2402.7,2414.1,12462
2024-11-01 18:30:00+05:30,2414.1,2415.65,2408.0,2408.0,4745
2024-11-01 18:45:00+05:30,2408.0,2409.95,2394.65,2406.05,5607
2024-11-01 19:00:00+05:30,2406.05,2407.75,2390.0,2391.0,6888
2024-11-04 09:30:00+05:30,2392.7,2420.0,2354.1,2403.35,37963
2024-11-04 09:45:00+05:30,2403.35,2425.35,2390.95,2398.55,26979
2024-11-04 10:00:00+05:30,2397.15,2402.05,2385.8,2394.25,7487
2024-11-04 10:15:00+05:30,2391.65,2393.6,2376.05,2389.6,7850
2024-11-04 10:30:00+05:30,2387.65,2404.0,2387.65,2394.6,7714
2024-11-04 10:45:00+05:30,2394.6,2400.15,2393.05,2397.05,6156
2024-11-04 11:00:00+05:30,2398.3,2400.7,2394.25,2399.55,5922
2024-11-04 11:15:00+05:30,2399.7,2401.7,2393.6,2397.3,7188
2024-11-04 11:30:00+05:30,2397.3,2400.0,2395.0,2399.35,3919
2024-11-04 11:45:00+05:30,2396.8,2399.85,2395.7,2397.9,2971
2024-11-04 12:00:00+05:30,2397.9,2400.9,2395.85,2400.0,4575
2024-11-04 12:15:00+05:30,2399.0,2400.75,2398.0,2399.8,3662
2024-11-04 12:30:00+05:30,2399.8,2400.0,2398.2,2400.0,4671
2024-11-04 12:45:00+05:30,2400.0,2400.05,2398.2,2399.85,3717
2024-11-04 13:00:00+05:30,2399.85,2400.05,2397.0,2399.85,3904
2024-11-04 13:15:00+05:30,2399.85,2402.95,2399.35,2400.0,12926
2024-11-04 13:30:00+05:30,2400.0,2400.05,2399.0,2399.85,6050
2024-11-04 13:45:00+05:30,2400.0,2400.05,2397.95,2400.0,6575
2024-11-04 14:00:00+05:30,2400.0,2400.05,2399.85,2400.0,7502
2024-11-04 14:15:00+05:30,2400.0,2413.9,2398.35,2401.0,51116
2024-11-04 14:30:00+05:30,2400.85,2404.0,2394.3,2401.0,15305
2024-11-04 14:45:00+05:30,2401.0,2407.0,2390.2,2396.2,84343
2024-11-04 15:00:00+05:30,2396.2,2401.4,2396.05,2399.9,12048
2024-11-04 15:15:00+05:30,2399.9,2400.55,2396.8,2399.45,19378
2024-11-04 15:30:00+05:30,2399.85,2400.4,2390.0,2400.1,35275
2024-11-05 09:30:00+05:30,2374.0,2403.5,2363.65,2392.7,18281
2024-11-05 09:45:00+05:30,2392.45,2397.05,2381.9,2381.9,3739
2024-11-05 10:00:00+05:30,2383.3,2390.0,2380.05,2389.0,2427
2024-11-05 10:15:00+05:30,2389.0,2395.0,2386.4,2391.3,2308
2024-11-05 10:30:00+05:30,2391.3,2391.5,2381.0,2385.8,1947
2024-11-05 10:45:00+05:30,2385.8,2386.0,2376.55,2380.2,1558
2024-11-05 11:00:00+05:30,2380.05,2384.65,2378.0,2381.35,2823
2024-11-05 11:15:00+05:30,2384.0,2384.0,2373.35,2374.1,1472
2024-11-05 11:30:00+05:30,2374.1,2377.95,2370.15,2370.35,1668
2024-11-05 11:45:00+05:30,2370.35,2384.9,2366.0,2382.0,5987
2024-11-05 12:00:00+05:30,2382.0,2385.95,2372.3,2375.15,1975
2024-11-05 12:15:00+05:30,2374.25,2397.9,2374.0,2393.4,3193
2024-11-05 12:30:00+05:30,2390.55,2395.0,2387.7,2393.0,1479
2024-11-05 12:45:00+05:30,2393.0,2393.75,2386.0,2391.85,1755
2024-11-05 13:00:00+05:30,2391.85,2394.85,2389.05,2391.95,1303
2024-11-05 13:15:00+05:30,2392.0,2393.8,2387.3,2391.3,1097
2024-11-05 13:30:00+05:30,2391.2,2395.05,2385.15,2395.05,2060
2024-11-05 13:45:00+05:30,2397.5,2399.9,2391.6,2395.45,4284
2024-11-05 14:00:00+05:30,2393.3,2400.25,2392.5,2396.15,6307
2024-11-05 14:15:00+05:30,2397.0,2401.2,2396.15,2400.0,5525
2024-11-05 14:30:00+05:30,2400.0,2400.65,2397.25,2400.0,5676
2024-11-05 14:45:00+05:30,2400.0,2400.7,2393.0,2395.75,3497
2024-11-05 15:00:00+05:30,2397.85,2400.0,2394.2,2400.0,3165
2024-11-05 15:15:00+05:30,2400.0,2400.0,2392.0,2396.6,6259
2024-11-05 15:30:00+05:30,2396.6,2399.0,2385.05,2386.75,17585
2024-11-06 09:30:00+05:30,2393.55,2410.05,2385.1,2395.0,13367
2024-11-06 09:45:00+05:30,2395.0,2400.0,2387.0,2395.85,6857
2024-11-06 10:00:00+05:30,2395.85,2398.5,2380.1,2387.2,7844
2024-11-06 10:15:00+05:30,2387.2,2396.95,2385.05,2387.7,4207
2024-11-06 10:30:00+05:30,2387.7,2391.6,2381.2,2382.2,5020
2024-11-06 10:45:00+05:30,2382.2,2400.0,2370.05,2400.0,9081
2024-11-06 11:00:00+05:30,2398.3,2405.95,2394.75,2402.05,4226
2024-11-06 11:15:00+05:30,2402.5,2449.2,2401.75,2442.25,38461
2024-11-06 11:30:00+05:30,2441.1,2443.9,2403.45,2406.1,27896
2024-11-06 11:45:00+05:30,2406.1,2417.25,2406.0,2410.45,4308
2024-11-06 12:00:00+05:30,2410.45,2429.6,2408.3,2423.45,5053
2024-11-06 12:15:00+05:30,2423.45,2426.1,2412.3,2422.95,4244
2024-11-06 12:30:00+05:30,2422.95,2428.0,2422.0,2422.85,2619
2024-11-06 12:45:00+05:30,2422.85,2430.05,2415.35,2421.65,6609
2024-11-06 13:00:00+05:30,2423.7,2426.15,2415.0,2419.95,10132
2024-11-06 13:15:00+05:30,2419.95,2426.65,2417.8,2420.45,9675
2024-11-06 13:30:00+05:30,2420.45,2429.95,2420.0,2426.8,4720
2024-11-06 13:45:00+05:30,2424.35,2430.35,2423.0,2424.05,6306
2024-11-06 14:00:00+05:30,2424.05,2425.0,2422.0,2422.75,5421
2024-11-06 14:15:00+05:30,2422.75,2425.0,2416.85,2418.0,6696
2024-11-06 14:30:00+05:30,2418.0,2423.95,2411.05,2422.75,4921
2024-11-06 14:45:00+05:30,2422.75,2423.95,2417.0,2420.4,2981
2024-11-06 15:00:00+05:30,2420.4,2427.8,2419.85,2425.75,6924
2024-11-06 15:15:00+05:30,2427.0,2430.0,2414.05,2418.0,10741
2024-11-06 15:30:00+05:30,2418.0,2420.0,2393.95,2400.0,15568
2024-11-07 09:30:00+05:30,2409.95,2413.2,2384.35,2392.65,10738
2024-11-07 09:45:00+05:30,2393.45,2430.0,2387.0,2429.0,12025
2024-11-07 10:00:00+05:30,2429.0,2437.45,2419.0,2419.0,10510
2024-11-07 10:15:00+05:30,2419.0,2420.95,2402.9,2406.6,5669
2024-11-07 10:30:00+05:30,2406.6,2416.9,2400.25,2402.95,4010
2024-11-07 10:45:00+05:30,2405.4,2410.0,2400.0,2409.95,1879
2024-11-07 11:00:00+05:30,2419.2,2429.65,2412.3,2426.8,11708
2024-11-07 11:15:00+05:30,2426.8,2426.9,2408.4,2411.15,2368
2024-11-07 11:30:00+05:30,2411.35,2412.55,2400.0,2403.95,5546
2024-11-07 11:45:00+05:30,2403.95,2405.0,2400.05,2403.6,2269
2024-11-07 12:00:00+05:30,2403.6,2403.7,2395.7,2398.3,1856
2024-11-07 12:15:00+05:30,2398.3,2408.55,2395.15,2398.75,8317
2024-11-07 12:30:00+05:30,2398.75,2405.95,2392.0,2397.1,7288
2024-11-07 12:45:00+05:30,2397.1,2406.3,2396.65,2399.3,7869
2024-11-07 13:00:00+05:30,2402.7,2403.0,2398.35,2400.0,1134
2024-11-07 13:15:00+05:30,2400.95,2401.0,2398.0,2400.75,1188
2024-11-07 13:30:00+05:30,2398.35,2400.8,2394.1,2396.55,1027
2024-11-07 13:45:00+05:30,2396.55,2397.0,2391.35,2393.8,2219
2024-11-07 14:00:00+05:30,2393.8,2399.65,2391.6,2399.6,1664
2024-11-07 14:15:00+05:30,2399.6,2399.6,2380.0,2389.75,3248
2024-11-07 14:30:00+05:30,2392.75,2394.85,2388.35,2392.1,1355
2024-11-07 14:45:00+05:30,2392.1,2392.9,2385.1,2388.75,1333
2024-11-07 15:00:00+05:30,2388.05,2395.0,2387.85,2391.0,5010
2024-11-07 15:15:00+05:30,2391.95,2395.0,2388.1,2390.15,2780
2024-11-07 15:30:00+05:30,2391.2,2393.7,2362.2,2368.65,18263
2024-11-08 09:30:00+05:30,2385.0,2385.0,2333.6,2348.5,13542
2024-11-08 09:45:00+05:30,2349.05,2352.6,2333.2,2340.0,6587
2024-11-08 10:00:00+05:30,2340.0,2355.95,2330.05,2344.7,11001
2024-11-08 10:15:00+05:30,2344.7,2348.95,2340.0,2344.9,4314
2024-11-08 10:30:00+05:30,2344.9,2345.0,2335.1,2338.35,3346
2024-11-08 10:45:00+05:30,2338.95,2344.0,2335.65,2338.05,1950
2024-11-08 11:00:00+05:30,2334.0,2343.85,2334.0,2338.45,1724
2024-11-08 11:15:00+05:30,2338.45,2339.6,2335.1,2337.95,573
2024-11-08 11:30:00+05:30,2335.9,2339.95,2334.25,2337.75,905
2024-11-08 11:45:00+05:30,2337.75,2338.85,2335.05,2338.85,380
2024-11-08 12:00:00+05:30,2338.85,2346.95,2336.7,2340.9,2207
2024-11-08 12:15:00+05:30,2343.45,2353.35,2338.15,2353.0,2980
2024-11-08 12:30:00+05:30,2353.0,2354.75,2345.55,2349.6,3691
2024-11-08 12:45:00+05:30,2349.6,2359.85,2345.55,2351.0,3657
2024-11-08 13:00:00+05:30,2351.0,2351.0,2346.05,2348.35,1876
2024-11-08 13:15:00+05:30,2348.4,2354.15,2346.7,2349.65,1919
2024-11-08 13:30:00+05:30,2351.9,2364.3,2349.45,2356.8,2898
2024-11-08 13:45:00+05:30,2356.8,2362.45,2349.3,2355.0,3578
2024-11-08 14:00:00+05:30,2355.0,2355.9,2346.2,2348.6,2399
2024-11-08 14:15:00+05:30,2350.75,2356.05,2346.2,2347.65,3314
2024-11-08 14:30:00+05:30,2346.15,2351.65,2346.0,2348.85,2348
2024-11-08 14:45:00+05:30,2351.5,2354.95,2348.15,2351.0,2800
2024-11-08 15:00:00+05:30,2350.95,2366.95,2348.0,2362.95,4683
2024-11-08 15:15:00+05:30,2363.4,2363.8,2341.1,2341.1,9896
2024-11-08 15:30:00+05:30,2344.3,2344.3,2323.0,2339.95,11421
2024-11-11 09:30:00+05:30,2306.15,2339.8,2301.4,2326.85,6308
2024-11-11 09:45:00+05:30,2326.85,2333.9,2316.05,2319.1,2911
2024-11-11 10:00:00+05:30,2319.1,2323.65,2306.0,2306.45,8948
2024-11-11 10:15:00+05:30,2306.45,2314.75,2302.45,2310.0,2494
2024-11-11 10:30:00+05:30,2310.0,2328.95,2301.05,2313.9,11991
2024-11-11 10:45:00+05:30,2313.9,2317.45,2295.4,2299.6,5112
2024-11-11 11:00:00+05:30,2299.6,2332.55,2297.25,2308.85,9292
2024-11-11 11:15:00+05:30,2308.85,2313.85,2295.0,2299.65,8791
2024-11-11 11:30:00+05:30,2296.35,2301.0,2287.05,2296.35,11000
2024-11-11 11:45:00+05:30,2296.35,2300.95,2290.15,2295.5,3411
2024-11-11 12:00:00+05:30,2295.5,2297.4,2287.55,2288.1,3619
2024-11-11 12:15:00+05:30,2288.1,2290.0,2282.4,2285.0,2851
2024-11-11 12:30:00+05:30,2285.0,2297.95,2284.45,2287.95,5028
2024-11-11 12:45:00+05:30,2287.95,2291.95,2284.95,2287.3,3979
2024-11-11 13:00:00+05:30,2287.0,2291.7,2281.0,2285.0,4943
2024-11-11 13:15:00+05:30,2285.0,2286.4,2281.65,2284.4,1666
2024-11-11 13:30:00+05:30,2284.0,2285.7,2271.05,2273.8,4517
2024-11-11 13:45:00+05:30,2273.75,2277.4,2272.0,2274.7,2472
2024-11-11 14:00:00+05:30,2274.75,2274.75,2265.1,2268.9,4110
2024-11-11 14:15:00+05:30,2268.9,2270.0,2262.55,2263.1,2067
2024-11-11 14:30:00+05:30,2263.1,2269.2,2256.4,2263.1,27697
2024-11-11 14:45:00+05:30,2263.1,2277.8,2263.05,2270.7,6101
2024-11-11 15:00:00+05:30,2270.95,2286.6,2270.95,2279.85,16777
2024-11-11 15:15:00+05:30,2279.3,2304.1,2277.15,2283.9,33672
2024-11-11 15:30:00+05:30,2284.4,2293.95,2270.0,2279.9,25572
2024-11-12 09:30:00+05:30,2284.8,2324.65,2279.5,2294.75,8825
2024-11-12 09:45:00+05:30,2294.75,2298.65,2285.0,2294.6,3729
2024-11-12 10:00:00+05:30,2294.6,2305.0,2292.0,2303.15,11396
2024-11-12 10:15:00+05:30,2303.15,2306.0,2298.2,2304.5,2743
2024-11-12 10:30:00+05:30,2304.5,2308.8,2299.0,2301.0,1571
2024-11-12 10:45:00+05:30,2301.0,2301.0,2290.6,2293.0,1284
2024-11-12 11:00:00+05:30,2293.0,2298.8,2291.0,2291.05,2051
2024-11-12 11:15:00+05:30,2291.05,2295.45,2288.75,2293.25,3165
2024-11-12 11:30:00+05:30,2293.25,2305.1,2290.0,2300.6,4427
2024-11-12 11:45:00+05:30,2300.6,2305.55,2299.0,2300.0,1354
2024-11-12 12:00:00+05:30,2300.05,2306.95,2296.0,2299.15,1678
2024-11-12 12:15:00+05:30,2297.55,2302.25,2296.6,2298.2,1108
2024-11-12 12:30:00+05:30,2298.3,2301.2,2295.65,2297.6,1576
2024-11-12 12:45:00+05:30,2298.6,2307.6,2298.6,2300.9,3162
2024-11-12 13:00:00+05:30,2300.9,2303.0,2295.05,2299.95,7931
2024-11-12 13:15:00+05:30,2299.9,2302.75,2297.5,2300.0,2658
2024-11-12 13:30:00+05:30,2299.95,2301.6,2284.2,2297.1,6608
2024-11-12 13:45:00+05:30,2297.2,2302.0,2294.2,2298.4,2642
2024-11-12 14:00:00+05:30,2296.7,2300.0,2291.1,2295.75,1947
2024-11-12 14:15:00+05:30,2295.75,2298.3,2290.5,2292.4,1096
2024-11-12 14:30:00+05:30,2292.4,2294.85,2290.0,2292.5,997
2024-11-12 14:45:00+05:30,2290.5,2297.6,2287.0,2291.4,2259
2024-11-12 15:00:00+05:30,2293.7,2298.5,2290.0,2291.85,3140
2024-11-12 15:15:00+05:30,2291.85,2300.0,2288.05,2288.25,6428
2024-11-12 15:30:00+05:30,2288.25,2301.1,2287.5,2287.5,7950
2024-11-13 09:30:00+05:30,2261.7,2284.2,2260.7,2266.15,5551
2024-11-13 09:45:00+05:30,2266.15,2270.95,2226.55,2233.05,9161
2024-11-13 10:00:00+05:30,2233.0,2260.5,2232.15,2243.85,5948
2024-11-13 10:15:00+05:30,2243.85,2246.55,2226.6,2232.95,5684
2024-11-13 10:30:00+05:30,2232.95,2238.5,2222.05,2235.1,6187
2024-11-13 10:45:00+05:30,2235.1,2246.85,2235.1,2239.4,3218
2024-11-13 11:00:00+05:30,2239.5,2245.6,2234.05,2238.4,2003
2024-11-13 11:15:00+05:30,2238.4,2240.9,2225.0,2226.3,3516
2024-11-13 11:30:00+05:30,2228.65,2230.45,2215.4,2220.8,6910
2024-11-13 11:45:00+05:30,2220.8,2228.1,2215.55,2221.0,2084
2024-11-13 12:00:00+05:30,2221.0,2226.2,2221.0,2225.15,562
2024-11-13 12:15:00+05:30,2225.15,2232.0,2215.55,2218.15,3075
2024-11-13 12:30:00+05:30,2218.15,2238.1,2217.95,2235.8,1899
2024-11-13 12:45:00+05:30,2237.4,2248.0,2237.4,2244.0,5416
2024-11-13 13:00:00+05:30,2244.0,2251.0,2238.8,2244.95,3319
2024-11-13 13:15:00+05:30,2244.95,2247.9,2240.0,2246.95,2249
2024-11-13 13:30:00+05:30,2246.95,2254.9,2241.8,2248.6,3108
2024-11-13 13:45:00+05:30,2248.6,2250.5,2244.4,2245.75,1365
2024-11-13 14:00:00+05:30,2245.75,2249.95,2245.45,2248.0,1335
2024-11-13 14:15:00+05:30,2248.0,2253.1,2244.05,2247.25,7839
2024-11-13 14:30:00+05:30,2247.05,2248.45,2238.35,2244.5,3739
2024-11-13 14:45:00+05:30,2244.55,2245.25,2235.3,2241.95,3133
2024-11-13 15:00:00+05:30,2241.95,2249.9,2236.65,2239.3,5257
2024-11-13 15:15:00+05:30,2240.3,2273.75,2240.3,2248.4,45452
2024-11-13 15:30:00+05:30,2248.4,2253.5,2240.0,2249.0,20159
2024-11-14 09:30:00+05:30,2250.0,2272.05,2250.0,2255.8,4794
2024-11-14 09:45:00+05:30,2255.8,2259.3,2245.0,2247.95,4463
2024-11-14 10:00:00+05:30,2247.95,2269.75,2246.0,2269.75,3713
2024-11-14 10:15:00+05:30,2269.75,2283.6,2269.3,2270.75,3132
2024-11-14 10:30:00+05:30,2270.75,2270.75,2260.05,2260.05,2400
2024-11-14 10:45:00+05:30,2260.05,2260.05,2244.4,2251.95,5298
2024-11-14 11:00:00+05:30,2250.05,2252.4,2240.7,2251.45,2771
2024-11-14 11:15:00+05:30,2251.55,2257.75,2247.05,2256.2,1676
2024-11-14 11:30:00+05:30,2256.2,2269.1,2254.0,2267.3,22734
2024-11-14 11:45:00+05:30,2267.3,2271.15,2263.8,2267.3,2068
2024-11-14 12:00:00+05:30,2267.3,2268.2,2257.65,2265.25,1788
2024-11-14 12:15:00+05:30,2265.65,2270.6,2261.05,2270.6,1260
2024-11-14 12:30:00+05:30,2270.6,2273.45,2262.2,2264.05,841
2024-11-14 12:45:00+05:30,2264.05,2265.9,2256.55,2260.05,584
2024-11-14 13:00:00+05:30,2260.0,2266.85,2258.2,2263.3,672
2024-11-14 13:15:00+05:30,2263.3,2270.0,2263.3,2269.75,1746
2024-11-14 13:30:00+05:30,2269.75,2276.75,2266.8,2269.5,2680
2024-11-14 13:45:00+05:30,2269.5,2270.4,2264.25,2267.75,784
2024-11-14 14:00:00+05:30,2267.75,2269.0,2261.8,2262.6,839
2024-11-14 14:15:00+05:30,2259.8,2272.2,2259.7,2269.75,1816
2024-11-14 14:30:00+05:30,2269.75,2271.5,2260.15,2264.35,1469
2024-11-14 14:45:00+05:30,2264.35,2267.55,2252.05,2257.2,3851
2024-11-14 15:00:00+05:30,2257.2,2268.45,2257.2,2265.85,10870
2024-11-14 15:15:00+05:30,2265.9,2266.0,2257.15,2260.0,11475
2024-11-14 15:30:00+05:30,2260.0,2260.0,2228.05,2243.95,17826
2024-11-18 09:30:00+05:30,2274.85,2274.85,2237.15,2240.8,7100
2024-11-18 09:45:00+05:30,2240.8,2244.0,2222.0,2229.85,3746
2024-11-18 10:00:00+05:30,2229.85,2232.55,2225.0,2225.0,2289
2024-11-18 10:15:00+05:30,2225.0,2232.7,2222.35,2225.0,4014
2024-11-18 10:30:00+05:30,2225.0,2227.75,2217.05,2219.4,2426
2024-11-18 10:45:00+05:30,2219.4,2219.8,2205.65,2209.5,2146
2024-11-18 11:00:00+05:30,2209.5,2214.95,2203.1,2203.1,5923
2024-11-18 11:15:00+05:30,2204.95,2214.5,2201.5,2202.0,9529
2024-11-18 11:30:00+05:30,2201.8,2207.5,2195.0,2199.0,6256
2024-11-18 11:45:00+05:30,2199.0,2200.65,2186.1,2193.4,9038
2024-11-18 12:00:00+05:30,2193.4,2199.95,2193.4,2197.9,1268
2024-11-18 12:15:00+05:30,2197.9,2200.95,2193.6,2195.0,1949
2024-11-18 12:30:00+05:30,2195.8,2211.65,2192.55,2211.65,27561
2024-11-18 12:45:00+05:30,2211.65,2216.7,2203.95,2211.6,3716
2024-11-18 13:00:00+05:30,2209.7,2213.9,2201.15,2203.0,3559
2024-11-18 13:15:00+05:30,2203.0,2211.4,2203.0,2209.0,1559
2024-11-18 13:30:00+05:30,2209.0,2217.0,2209.0,2215.0,2251
2024-11-18 13:45:00+05:30,2215.0,2221.95,2201.15,2210.65,6171
2024-11-18 14:00:00+05:30,2211.85,2219.3,2210.15,2217.6,1849
2024-11-18 14:15:00+05:30,2217.6,2219.85,2205.5,2210.35,2254
2024-11-18 14:30:00+05:30,2207.4,2210.2,2197.55,2200.0,2246
2024-11-18 14:45:00+05:30,2200.0,2202.2,2190.0,2198.9,4180
2024-11-18 15:00:00+05:30,2198.9,2231.9,2198.9,2229.7,7808
2024-11-18 15:15:00+05:30,2228.0,2237.65,2221.25,2227.2,6902
2024-11-18 15:30:00+05:30,2229.2,2229.2,2216.9,2221.5,11983
2024-11-19 09:30:00+05:30,2229.7,2254.45,2217.65,2229.0,7195
2024-11-19 09:45:00+05:30,2229.0,2240.1,2220.05,2236.8,4502
2024-11-19 10:00:00+05:30,2236.8,2240.0,2224.4,2238.45,30887
2024-11-19 10:15:00+05:30,2238.45,2265.75,2232.5,2265.75,14125
2024-11-19 10:30:00+05:30,2265.75,2275.0,2259.6,2267.95,7525
2024-11-19 10:45:00+05:30,2267.95,2269.6,2257.5,2261.9,4773
2024-11-19 11:00:00+05:30,2261.9,2269.4,2258.0,2269.4,32523
2024-11-19 11:15:00+05:30,2269.4,2295.4,2265.65,2282.15,11686
2024-11-19 11:30:00+05:30,2282.95,2290.0,2280.3,2283.0,4895
2024-11-19 11:45:00+05:30,2283.0,2285.65,2277.4,2277.4,2350
2024-11-19 12:00:00+05:30,2277.4,2279.85,2265.0,2265.55,4131
2024-11-19 12:15:00+05:30,2265.0,2269.35,2264.0,2269.35,625
2024-11-19 12:30:00+05:30,2271.5,2278.4,2266.55,2271.2,3442
2024-11-19 12:45:00+05:30,2271.95,2273.4,2265.0,2271.95,2200
2024-11-19 13:00:00+05:30,2271.95,2274.55,2267.2,2267.2,1849
2024-11-19 13:15:00+05:30,2267.2,2274.5,2266.25,2269.4,1413
2024-11-19 13:30:00+05:30,2269.3,2270.5,2256.0,2258.45,43013
2024-11-19 13:45:00+05:30,2260.25,2264.95,2252.0,2254.9,2962
2024-11-19 14:00:00+05:30,2254.9,2261.3,2253.25,2253.95,5777
2024-11-19 14:15:00+05:30,2253.95,2257.35,2252.65,2254.5,4225
2024-11-19 14:30:00+05:30,2254.65,2257.1,2246.3,2249.75,4619
2024-11-19 14:45:00+05:30,2249.75,2250.5,2244.0,2248.4,7686
2024-11-19 15:00:00+05:30,2250.0,2250.0,2242.15,2250.0,7552
2024-11-19 15:15:00+05:30,2249.6,2264.95,2249.05,2257.15,7737
2024-11-19 15:30:00+05:30,2256.7,2261.0,2240.05,2260.0,10396
2024-11-21 09:30:00+05:30,2256.2,2259.35,2232.15,2244.8,5961
2024-11-21 09:45:00+05:30,2244.8,2244.8,2220.5,2242.0,3174
2024-11-21 10:00:00+05:30,2242.0,2243.75,2208.45,2213.35,7175
2024-11-21 10:15:00+05:30,2213.25,2219.8,2205.05,2216.2,5570
2024-11-21 10:30:00+05:30,2216.2,2218.8,2203.55,2214.8,4067
2024-11-21 10:45:00+05:30,2214.8,2234.5,2214.8,2224.0,14210
2024-11-21 11:00:00+05:30,2224.0,2258.9,2220.5,2258.75,5463
2024-11-21 11:15:00+05:30,2258.75,2272.0,2248.05,2267.4,6249
2024-11-21 11:30:00+05:30,2267.4,2285.0,2263.85,2274.65,9635
2024-11-21 11:45:00+05:30,2274.25,2277.0,2271.1,2275.65,3156
2024-11-21 12:00:00+05:30,2275.65,2282.45,2272.0,2279.5,2475
2024-11-21 12:15:00+05:30,2279.5,2283.0,2275.05,2275.65,1231
2024-11-21 12:30:00+05:30,2275.65,2283.0,2275.65,2280.5,711
2024-11-21 12:45:00+05:30,2280.5,2280.5,2274.95,2277.15,955
2024-11-21 13:00:00+05:30,2277.15,2282.1,2273.85,2282.1,1774
2024-11-21 13:15:00+05:30,2282.1,2283.0,2272.35,2279.75,3402
2024-11-21 13:30:00+05:30,2279.75,2281.95,2275.6,2276.95,1306
2024-11-21 13:45:00+05:30,2276.95,2279.1,2265.0,2266.0,1352
2024-11-21 14:00:00+05:30,2266.0,2275.7,2263.5,2272.15,2338
2024-11-21 14:15:00+05:30,2272.15,2272.15,2264.6,2269.5,1425
2024-11-21 14:30:00+05:30,2269.5,2277.2,2266.6,2277.2,1295
2024-11-21 14:45:00+05:30,2277.25,2280.0,2263.1,2268.7,3592
2024-11-21 15:00:00+05:30,2268.05,2335.15,2262.05,2306.1,45135
2024-11-21 15:15:00+05:30,2309.65,2325.35,2301.05,2309.4,26398
2024-11-21 15:30:00+05:30,2308.5,2314.9,2296.05,2296.05,16676
2024-11-22 09:30:00+05:30,2281.3,2321.0,2281.3,2305.35,9823
2024-11-22 09:45:00+05:30,2305.35,2305.35,2288.1,2291.1,2220
2024-11-22 10:00:00+05:30,2291.1,2323.0,2291.0,2315.3,3715
2024-11-22 10:15:00+05:30,2315.4,2331.0,2310.25,2319.7,10284
2024-11-22 10:30:00+05:30,2320.35,2322.25,2302.0,2306.8,2577
2024-11-22 10:45:00+05:30,2306.8,2325.0,2304.0,2315.0,5191
2024-11-22 11:00:00+05:30,2316.9,2323.65,2308.0,2314.6,1368
2024-11-22 11:15:00+05:30,2314.6,2325.0,2314.0,2317.3,1638
2024-11-22 11:30:00+05:30,2317.3,2319.9,2313.05,2313.65,713
2024-11-22 11:45:00+05:30,2315.2,2330.0,2315.0,2327.0,2462
2024-11-22 12:00:00+05:30,2327.0,2329.7,2320.25,2322.75,925
2024-11-22 12:15:00+05:30,2322.75,2329.95,2322.75,2327.2,2024
2024-11-22 12:30:00+05:30,2327.2,2327.2,2313.85,2313.85,1722
2024-11-22 12:45:00+05:30,2312.0,2312.5,2305.0,2305.55,2473
2024-11-22 13:00:00+05:30,2305.55,2311.0,2305.05,2309.5,4027
2024-11-22 13:15:00+05:30,2309.5,2310.9,2305.0,2306.25,3431
2024-11-22 13:30:00+05:30,2306.25,2310.0,2305.2,2308.5,3670
2024-11-22 13:45:00+05:30,2308.5,2309.1,2304.05,2304.05,1516
2024-11-22 14:00:00+05:30,2304.05,2310.0,2304.05,2308.45,1023
2024-11-22 14:15:00+05:30,2308.95,2308.95,2305.0,2308.0,886
2024-11-22 14:30:00+05:30,2307.85,2310.0,2306.85,2308.0,640
2024-11-22 14:45:00+05:30,2307.9,2310.0,2305.0,2309.95,3268
2024-11-22 15:00:00+05:30,2309.9,2312.0,2292.25,2298.55,9791
2024-11-22 15:15:00+05:30,2297.3,2300.0,2272.6,2288.55,18969
2024-11-22 15:30:00+05:30,2288.55,2309.0,2267.8,2305.0,20213
2024-11-25 09:30:00+05:30,2280.0,2375.8,2280.0,2372.0,34695
2024-11-25 09:45:00+05:30,2372.0,2383.0,2366.0,2383.0,16039
2024-11-25 10:00:00+05:30,2383.0,2397.2,2381.45,2389.75,21288
2024-11-25 10:15:00+05:30,2389.8,2418.95,2374.65,2409.8,39879
2024-11-25 10:30:00+05:30,2409.8,2412.05,2385.0,2389.95,20318
2024-11-25 10:45:00+05:30,2389.95,2393.85,2382.95,2389.25,4120
2024-11-25 11:00:00+05:30,2389.45,2391.0,2377.0,2380.0,8992
2024-11-25 11:15:00+05:30,2380.05,2380.05,2363.0,2364.0,8608
2024-11-25 11:30:00+05:30,2366.0,2371.75,2358.15,2360.0,5607
2024-11-25 11:45:00+05:30,2360.0,2360.2,2352.0,2356.15,55083
2024-11-25 12:00:00+05:30,2356.15,2356.95,2354.05,2355.35,1522
2024-11-25 12:15:00+05:30,2355.35,2360.05,2355.25,2359.8,7345
2024-11-25 12:30:00+05:30,2359.8,2361.15,2358.65,2360.0,3181
2024-11-25 12:45:00+05:30,2360.0,2360.0,2357.7,2359.45,41677
2024-11-25 13:00:00+05:30,2359.45,2360.25,2358.65,2360.0,5390
2024-11-25 13:15:00+05:30,2359.95,2360.25,2357.5,2359.9,8122
2024-11-25 13:30:00+05:30,2359.9,2360.0,2358.25,2358.45,4772
2024-11-25 13:45:00+05:30,2359.45,2360.0,2356.05,2359.95,5935
2024-11-25 14:00:00+05:30,2359.75,2360.0,2356.9,2359.95,4441
2024-11-25 14:15:00+05:30,2359.95,2360.0,2357.45,2360.0,4798
2024-11-25 14:30:00+05:30,2359.45,2360.5,2358.75,2359.95,18255
2024-11-25 14:45:00+05:30,2359.95,2360.25,2357.95,2359.95,20394
2024-11-25 15:00:00+05:30,2359.95,2360.25,2358.05,2360.0,9257
2024-11-25 15:15:00+05:30,2359.6,2359.95,2325.05,2342.1,43920
2024-11-25 15:30:00+05:30,2342.05,2360.25,2328.45,2356.0,41473
2024-11-26 09:30:00+05:30,2356.05,2374.2,2341.9,2357.9,7362
2024-11-26 09:45:00+05:30,2357.9,2374.5,2351.45,2367.8,104093
2024-11-26 10:00:00+05:30,2367.8,2368.7,2355.0,2364.55,6911
2024-11-26 10:15:00+05:30,2364.55,2393.65,2361.15,2388.05,5418
2024-11-26 10:30:00+05:30,2388.05,2389.95,2370.4,2375.15,6940
2024-11-26 10:45:00+05:30,2376.0,2400.0,2374.0,2392.05,47768
2024-11-26 11:00:00+05:30,2392.05,2408.0,2392.05,2396.1,6065
2024-11-26 11:15:00+05:30,2396.1,2400.0,2391.55,2394.85,6050
2024-11-26 11:30:00+05:30,2394.85,2394.9,2387.3,2390.0,1998
2024-11-26 11:45:00+05:30,2390.1,2396.0,2377.0,2379.0,4395
2024-11-26 12:00:00+05:30,2379.0,2380.6,2377.75,2380.0,4140
2024-11-26 12:15:00+05:30,2380.0,2380.0,2363.35,2365.0,16813
2024-11-26 12:30:00+05:30,2365.0,2374.25,2357.0,2366.65,4417
2024-11-26 12:45:00+05:30,2366.65,2366.8,2354.0,2358.1,3029
2024-11-26 13:00:00+05:30,2358.1,2361.2,2355.65,2360.0,1231
2024-11-26 13:15:00+05:30,2360.0,2361.6,2355.95,2359.6,1945
2024-11-26 13:30:00+05:30,2359.6,2360.4,2358.25,2360.0,717
2024-11-26 13:45:00+05:30,2359.25,2360.2,2356.8,2359.2,3830
2024-11-26 14:00:00+05:30,2360.0,2368.75,2358.6,2364.0,7677
2024-11-26 14:15:00+05:30,2364.0,2365.45,2358.25,2360.0,4252
2024-11-26 14:30:00+05:30,2360.0,2360.0,2356.8,2359.95,7039
2024-11-26 14:45:00+05:30,2359.95,2360.0,2358.1,2358.65,3682
2024-11-26 15:00:00+05:30,2358.35,2360.0,2355.1,2359.25,7228
2024-11-26 15:15:00+05:30,2360.0,2360.0,2355.15,2359.45,8008
2024-11-26 15:30:00+05:30,2359.45,2360.0,2352.45,2360.0,7429
2024-11-27 09:30:00+05:30,2361.65,2363.7,2342.55,2351.0,3714
2024-11-27 09:45:00+05:30,2351.0,2367.95,2341.35,2347.3,4796
2024-11-27 10:00:00+05:30,2348.4,2355.0,2348.4,2350.3,2114
2024-11-27 10:15:00+05:30,2352.0,2364.0,2349.55,2364.0,1728
2024-11-27 10:30:00+05:30,2363.0,2373.9,2355.05,2370.0,3609
2024-11-27 10:45:00+05:30,2370.0,2374.0,2367.45,2372.0,1998
2024-11-27 11:00:00+05:30,2372.0,2380.0,2365.75,2379.5,3524
2024-11-27 11:15:00+05:30,2379.5,2382.0,2371.0,2373.55,4428
2024-11-27 11:30:00+05:30,2373.55,2374.85,2370.05,2374.35,1316
2024-11-27 11:45:00+05:30,2374.55,2376.25,2370.05,2376.25,2179
2024-11-27 12:00:00+05:30,2376.25,2381.95,2373.15,2377.05,6287
2024-11-27 12:15:00+05:30,2377.05,2387.95,2376.45,2383.0,7761
2024-11-27 12:30:00+05:30,2383.0,2387.95,2380.95,2384.0,1605
2024-11-27 12:45:00+05:30,2384.0,2390.0,2382.05,2383.05,2360
2024-11-27 13:00:00+05:30,2383.05,2385.25,2375.95,2382.0,1789
2024-11-27 13:15:00+05:30,2382.0,2383.95,2377.75,2380.6,822
2024-11-27 13:30:00+05:30,2380.6,2381.5,2377.55,2380.5,867
2024-11-27 13:45:00+05:30,2380.9,2386.85,2378.05,2384.85,2371
2024-11-27 14:00:00+05:30,2384.85,2395.95,2383.75,2394.0,8783
2024-11-27 14:15:00+05:30,2392.6,2395.45,2385.0,2389.95,5173
2024-11-27 14:30:00+05:30,2389.95,2390.0,2387.15,2389.95,965
2024-11-27 14:45:00+05:30,2387.8,2390.0,2385.35,2388.9,1581
2024-11-27 15:00:00+05:30,2387.55,2390.5,2385.75,2389.1,2380
2024-11-27 15:15:00+05:30,2389.0,2391.0,2385.0,2389.7,2700
2024-11-27 15:30:00+05:30,2388.0,2396.0,2381.1,2385.05,8127
2024-11-28 09:30:00+05:30,2412.1,2416.0,2380.05,2402.2,16024
2024-11-28 09:45:00+05:30,2402.2,2406.95,2390.8,2394.0,8292
2024-11-28 10:00:00+05:30,2391.35,2406.0,2384.0,2405.55,5549
2024-11-28 10:15:00+05:30,2405.85,2426.95,2394.05,2398.55,18971
2024-11-28 10:30:00+05:30,2399.95,2399.95,2391.35,2397.75,6252
2024-11-28 10:45:00+05:30,2397.75,2405.95,2387.0,2400.0,15849
2024-11-28 11:00:00+05:30,2400.0,2407.0,2394.7,2405.8,7332
2024-11-28 11:15:00+05:30,2405.8,2410.0,2400.0,2402.0,5615
2024-11-28 11:30:00+05:30,2402.0,2410.0,2398.1,2409.3,8758
2024-11-28 11:45:00+05:30,2409.0,2419.75,2405.05,2413.1,12260
2024-11-28 12:00:00+05:30,2413.1,2416.8,2410.2,2413.7,3199
2024-11-28 12:15:00+05:30,2416.35,2416.35,2402.05,2404.5,4992
2024-11-28 12:30:00+05:30,2404.5,2411.95,2403.3,2408.75,2822
2024-11-28 12:45:00+05:30,2407.25,2409.0,2402.0,2407.35,4333
2024-11-28 13:00:00+05:30,2407.1,2407.95,2398.35,2402.0,4589
2024-11-28 13:15:00+05:30,2402.0,2403.75,2397.65,2402.25,3326
2024-11-28 13:30:00+05:30,2402.25,2409.6,2397.4,2408.0,3837
2024-11-28 13:45:00+05:30,2409.55,2409.9,2399.85,2399.85,35706
2024-11-28 14:00:00+05:30,2402.35,2405.0,2398.1,2401.55,2995
2024-11-28 14:15:00+05:30,2401.55,2405.0,2396.55,2402.45,3732
2024-11-28 14:30:00+05:30,2403.75,2403.8,2389.95,2395.75,6252
2024-11-28 14:45:00+05:30,2396.0,2398.15,2380.1,2386.9,6055
2024-11-28 15:00:00+05:30,2386.9,2401.0,2386.9,2399.7,6527
2024-11-28 15:15:00+05:30,2399.65,2403.95,2397.0,2401.9,6578
2024-11-28 15:30:00+05:30,2401.9,2404.0,2391.05,2404.0,9536
2024-11-29 09:30:00+05:30,2409.65,2413.15,2376.5,2385.0,7258
2024-11-29 09:45:00+05:30,2385.0,2388.55,2380.05,2383.95,3902
2024-11-29 10:00:00+05:30,2383.95,2395.0,2381.65,2391.0,3003
2024-11-29 10:15:00+05:30,2391.0,2391.0,2379.9,2379.9,957
2024-11-29 10:30:00+05:30,2379.0,2380.9,2365.0,2379.0,5886
2024-11-29 10:45:00+05:30,2379.0,2385.05,2375.45,2383.3,2161
2024-11-29 11:00:00+05:30,2382.4,2390.2,2381.2,2386.55,2438
2024-11-29 11:15:00+05:30,2389.85,2415.0,2387.85,2412.8,7537
2024-11-29 11:30:00+05:30,2412.8,2426.9,2412.0,2423.0,11124
2024-11-29 11:45:00+05:30,2422.0,2431.8,2420.85,2422.15,6308
2024-11-29 12:00:00+05:30,2422.15,2427.45,2419.35,2427.25,6562
2024-11-29 12:15:00+05:30,2427.45,2439.0,2425.0,2429.1,5386
2024-11-29 12:30:00+05:30,2429.1,2431.5,2425.0,2431.5,1469
2024-11-29 12:45:00+05:30,2431.7,2434.05,2424.0,2425.0,3268
2024-11-29 13:00:00+05:30,2425.0,2428.7,2422.9,2427.65,4142
2024-11-29 13:15:00+05:30,2427.55,2432.75,2425.0,2432.25,3477
2024-11-29 13:30:00+05:30,2432.25,2438.85,2430.3,2433.65,4524
2024-11-29 13:45:00+05:30,2435.8,2442.0,2430.0,2435.2,10327
2024-11-29 14:00:00+05:30,2437.05,2445.0,2434.7,2443.75,10305
2024-11-29 14:15:00+05:30,2443.75,2453.95,2436.1,2440.0,12249
2024-11-29 14:30:00+05:30,2440.0,2443.75,2434.95,2439.65,8653
2024-11-29 14:45:00+05:30,2439.65,2468.05,2436.05,2465.4,17379
2024-11-29 15:00:00+05:30,2464.55,2467.9,2455.05,2458.85,12388
2024-11-29 15:15:00+05:30,2458.8,2479.9,2448.85,2448.85,44690
2024-11-29 15:30:00+05:30,2447.55,2466.0,2447.2,2450.0,28313
2024-12-02 09:30:00+05:30,2448.05,2473.7,2440.15,2448.2,10070
2024-12-02 09:45:00+05:30,2445.95,2460.0,2445.0,2447.0,24639
2024-12-02 10:00:00+05:30,2447.0,2461.4,2447.0,2455.0,18305
2024-12-02 10:15:00+05:30,2453.85,2458.7,2447.1,2449.9,43414
2024-12-02 10:30:00+05:30,2449.9,2450.5,2443.0,2448.2,4006
2024-12-02 10:45:00+05:30,2449.85,2449.85,2439.0,2442.0,3928
2024-12-02 11:00:00+05:30,2442.0,2445.0,2426.95,2430.65,4986
2024-12-02 11:15:00+05:30,2428.6,2449.65,2428.6,2446.9,3858
2024-12-02 11:30:00+05:30,2448.35,2452.7,2446.0,2447.75,16397
2024-12-02 11:45:00+05:30,2448.75,2450.0,2447.1,2450.0,6527
2024-12-02 12:00:00+05:30,2450.0,2450.0,2446.25,2450.0,6186
2024-12-02 12:15:00+05:30,2450.0,2454.95,2447.5,2450.0,6462
2024-12-02 12:30:00+05:30,2450.0,2458.0,2448.0,2458.0,4431
2024-12-02 12:45:00+05:30,2456.95,2457.9,2450.0,2455.0,50229
2024-12-02 13:00:00+05:30,2453.55,2455.0,2451.25,2453.95,4660
2024-12-02 13:15:00+05:30,2455.0,2455.2,2450.25,2451.9,3225
2024-12-02 13:30:00+05:30,2454.4,2456.65,2437.1,2444.95,7117
2024-12-02 13:45:00+05:30,2444.75,2447.5,2428.0,2431.55,6572
2024-12-02 14:00:00+05:30,2433.3,2437.5,2430.5,2433.15,4617
2024-12-02 14:15:00+05:30,2433.15,2436.1,2428.15,2432.0,4848
2024-12-02 14:30:00+05:30,2430.65,2437.45,2430.65,2433.9,4320
2024-12-02 14:45:00+05:30,2433.5,2434.25,2420.0,2422.15,5303
2024-12-02 15:00:00+05:30,2422.2,2429.65,2421.0,2426.0,6445
2024-12-02 15:15:00+05:30,2425.2,2428.45,2417.9,2421.5,11221
2024-12-02 15:30:00+05:30,2421.55,2422.4,2408.15,2418.0,13321
2024-12-03 09:30:00+05:30,2425.0,2430.35,2378.0,2383.8,20904
2024-12-03 09:45:00+05:30,2383.8,2404.0,2376.0,2392.3,21662
2024-12-03 10:00:00+05:30,2391.05,2402.0,2390.65,2397.5,7818
2024-12-03 10:15:00+05:30,2395.9,2398.0,2392.0,2395.55,6228
2024-12-03 10:30:00+05:30,2396.9,2403.65,2392.1,2398.75,10698
2024-12-03 10:45:00+05:30,2395.95,2401.0,2369.65,2373.9,19840
2024-12-03 11:00:00+05:30,2373.9,2373.9,2351.05,2356.25,20341
2024-12-03 11:15:00+05:30,2356.25,2362.25,2353.3,2356.85,11362
2024-12-03 11:30:00+05:30,2357.35,2373.5,2350.0,2370.1,19713
2024-12-03 11:45:00+05:30,2371.35,2382.95,2370.15,2375.75,16166
2024-12-03 12:00:00+05:30,2374.6,2392.75,2366.1,2373.25,16955
2024-12-03 12:15:00+05:30,2373.25,2373.25,2356.0,2359.6,10345
2024-12-03 12:30:00+05:30,2359.6,2383.05,2358.35,2368.05,30706
2024-12-03 12:45:00+05:30,2368.4,2370.95,2364.0,2369.95,69206
2024-12-03 13:00:00+05:30,2369.95,2369.95,2361.0,2368.65,5058
2024-12-03 13:15:00+05:30,2368.55,2381.0,2365.9,2372.15,6463
2024-12-03 13:30:00+05:30,2372.15,2373.55,2370.0,2371.4,4268
2024-12-03 13:45:00+05:30,2371.35,2374.1,2365.95,2368.45,5939
2024-12-03 14:00:00+05:30,2368.6,2376.0,2365.55,2371.95,5112
2024-12-03 14:15:00+05:30,2371.95,2375.7,2370.0,2370.35,4379
2024-12-03 14:30:00+05:30,2370.15,2374.9,2365.9,2370.25,7718
2024-12-03 14:45:00+05:30,2372.1,2372.9,2369.35,2371.45,7774
2024-12-03 15:00:00+05:30,2371.4,2381.0,2371.2,2376.75,24200
2024-12-03 15:15:00+05:30,2377.75,2390.0,2374.55,2385.95,37312
2024-12-03 15:30:00+05:30,2385.0,2390.0,2376.1,2385.0,33716
2024-12-04 09:30:00+05:30,2395.0,2404.2,2374.65,2387.6,15695
2024-12-04 09:45:00+05:30,2387.45,2392.5,2383.7,2389.85,3461
2024-12-04 10:00:00+05:30,2389.5,2390.05,2377.0,2377.0,7127
2024-12-04 10:15:00+05:30,2377.0,2380.0,2368.1,2368.1,9505
2024-12-04 10:30:00+05:30,2368.1,2370.45,2360.0,2363.1,8435
2024-12-04 10:45:00+05:30,2362.6,2369.05,2354.0,2355.9,11704
2024-12-04 11:00:00+05:30,2354.45,2364.4,2345.0,2361.15,9602
2024-12-04 11:15:00+05:30,2361.15,2366.0,2359.0,2365.75,3335
2024-12-04 11:30:00+05:30,2365.95,2369.8,2360.0,2367.1,4621
2024-12-04 11:45:00+05:30,2366.3,2374.85,2360.6,2363.1,13450
2024-12-04 12:00:00+05:30,2360.9,2367.85,2350.3,2355.65,7365
2024-12-04 12:15:00+05:30,2355.65,2364.1,2351.75,2359.05,5337
2024-12-04 12:30:00+05:30,2359.05,2362.4,2352.1,2360.2,4737
2024-12-04 12:45:00+05:30,2360.2,2362.3,2354.9,2359.85,9487
2024-12-04 13:00:00+05:30,2357.65,2360.0,2350.0,2352.35,10119
2024-12-04 13:15:00+05:30,2350.9,2355.9,2342.0,2345.95,16021
2024-12-04 13:30:00+05:30,2344.25,2361.65,2344.25,2352.05,8041
2024-12-04 13:45:00+05:30,2352.05,2359.5,2351.7,2353.85,6907
2024-12-04 14:00:00+05:30,2353.85,2359.85,2353.45,2356.35,5626
2024-12-04 14:15:00+05:30,2357.65,2358.75,2352.4,2354.55,6239
2024-12-04 14:30:00+05:30,2353.85,2359.8,2348.3,2357.05,7619
2024-12-04 14:45:00+05:30,2357.0,2357.0,2351.25,2356.75,6085
2024-12-04 15:00:00+05:30,2355.0,2359.0,2347.0,2353.2,37988
2024-12-04 15:15:00+05:30,2354.05,2354.85,2345.05,2347.2,10589
2024-12-04 15:30:00+05:30,2347.2,2350.3,2340.0,2349.95,26421
2024-12-05 09:30:00+05:30,2369.9,2369.9,2321.0,2329.35,10790
2024-12-05 09:45:00+05:30,2329.25,2346.0,2326.95,2346.0,6146
2024-12-05 10:00:00+05:30,2345.45,2350.0,2336.95,2348.65,3404
2024-12-05 10:15:00+05:30,2348.0,2360.4,2346.45,2353.55,3728
2024-12-05 10:30:00+05:30,2353.55,2362.85,2334.2,2360.0,12789
2024-12-05 10:45:00+05:30,2361.8,2370.0,2357.5,2368.15,4188
2024-12-05 11:00:00+05:30,2368.15,2368.9,2347.15,2356.0,7078
2024-12-05 11:15:00+05:30,2356.0,2370.0,2356.0,2369.95,5231
2024-12-05 11:30:00+05:30,2369.95,2374.0,2362.75,2366.05,3282
2024-12-05 11:45:00+05:30,2366.05,2370.0,2363.95,2368.0,1798
2024-12-05 12:00:00+05:30,2368.0,2370.0,2362.4,2368.7,1129
2024-12-05 12:15:00+05:30,2368.7,2370.0,2366.2,2366.25,6821
2024-12-05 12:30:00+05:30,2366.25,2370.0,2354.7,2360.0,4654
2024-12-05 12:45:00+05:30,2362.0,2374.5,2360.0,2369.95,5435
2024-12-05 13:00:00+05:30,2370.0,2370.0,2361.45,2365.1,2182
2024-12-05 13:15:00+05:30,2365.0,2365.85,2362.65,2365.25,1635
2024-12-05 13:30:00+05:30,2365.25,2365.5,2362.15,2364.95,1595
2024-12-05 13:45:00+05:30,2364.95,2365.05,2359.1,2362.25,2719
2024-12-05 14:00:00+05:30,2362.25,2365.15,2356.6,2360.0,9156
2024-12-05 14:15:00+05:30,2359.45,2361.15,2355.65,2360.05,4958
2024-12-05 14:30:00+05:30,2360.05,2361.7,2358.25,2360.9,14798
2024-12-05 14:45:00+05:30,2360.9,2360.9,2354.55,2359.0,1641
2024-12-05 15:00:00+05:30,2359.0,2364.6,2356.45,2360.3,5940
2024-12-05 15:15:00+05:30,2360.3,2373.9,2358.45,2360.85,12191
2024-12-05 15:30:00+05:30,2360.0,2369.9,2356.05,2365.0,7518
2024-12-06 09:30:00+05:30,2372.35,2372.35,2354.2,2359.95,4809
2024-12-06 09:45:00+05:30,2357.0,2360.0,2354.2,2358.0,3344
2024-12-06 10:00:00+05:30,2357.95,2359.45,2352.35,2353.7,1364
2024-12-06 10:15:00+05:30,2353.7,2356.75,2345.45,2348.95,4059
2024-12-06 10:30:00+05:30,2348.95,2355.0,2346.0,2355.0,1347
2024-12-06 10:45:00+05:30,2355.0,2355.0,2349.75,2350.25,2729
2024-12-06 11:00:00+05:30,2350.25,2354.55,2346.95,2348.5,2011
2024-12-06 11:15:00+05:30,2348.5,2352.85,2347.55,2348.05,732
2024-12-06 11:30:00+05:30,2348.05,2350.45,2342.7,2344.1,1696
2024-12-06 11:45:00+05:30,2344.1,2345.0,2343.5,2344.0,785
2024-12-06 12:00:00+05:30,2344.0,2345.35,2342.05,2343.55,946
2024-12-06 12:15:00+05:30,2343.55,2346.3,2342.0,2345.85,1550
2024-12-06 12:30:00+05:30,2345.85,2348.3,2341.0,2345.9,1854
2024-12-06 12:45:00+05:30,2347.65,2347.65,2341.0,2344.5,2526
2024-12-06 13:00:00+05:30,2344.5,2346.5,2337.05,2343.3,3141
2024-12-06 13:15:00+05:30,2343.25,2348.9,2341.0,2348.0,2969
2024-12-06 13:30:00+05:30,2348.0,2349.25,2345.15,2349.25,1082
2024-12-06 13:45:00+05:30,2349.25,2349.4,2345.6,2347.1,950
2024-12-06 14:00:00+05:30,2346.4,2351.0,2345.05,2348.15,2699
2024-12-06 14:15:00+05:30,2348.15,2350.0,2345.9,2348.15,1238
2024-12-06 14:30:00+05:30,2348.15,2350.0,2345.0,2346.75,1248
2024-12-06 14:45:00+05:30,2346.75,2349.2,2345.0,2348.65,2072
2024-12-06 15:00:00+05:30,2348.65,2352.0,2346.65,2350.45,4140
2024-12-06 15:15:00+05:30,2350.45,2351.0,2344.0,2346.35,9525
2024-12-06 15:30:00+05:30,2346.35,2346.35,2318.9,2341.0,16306
2024-12-09 09:30:00+05:30,2340.0,2357.2,2328.05,2328.05,7062
2024-12-09 09:45:00+05:30,2328.05,2340.1,2327.0,2332.5,5432
2024-12-09 10:00:00+05:30,2332.5,2337.25,2320.0,2323.35,4788
2024-12-09 10:15:00+05:30,2323.15,2339.95,2320.15,2336.05,5480
2024-12-09 10:30:00+05:30,2336.05,2342.55,2334.25,2339.1,4069
2024-12-09 10:45:00+05:30,2337.65,2349.85,2336.25,2338.55,4331
2024-12-09 11:00:00+05:30,2338.55,2350.0,2338.55,2341.7,8986
2024-12-09 11:15:00+05:30,2339.9,2385.1,2339.9,2373.55,21069
2024-12-09 11:30:00+05:30,2371.75,2375.9,2355.35,2373.45,6659
2024-12-09 11:45:00+05:30,2373.45,2374.55,2362.7,2364.15,16954
2024-12-09 12:00:00+05:30,2364.15,2376.55,2362.4,2375.5,2646
2024-12-09 12:15:00+05:30,2375.5,2385.95,2373.45,2383.75,8970
2024-12-09 12:30:00+05:30,2383.75,2392.0,2380.35,2392.0,5709
2024-12-09 12:45:00+05:30,2390.15,2407.95,2388.95,2399.95,26265
2024-12-09 13:00:00+05:30,2399.95,2402.95,2390.2,2396.6,6975
2024-12-09 13:15:00+05:30,2396.6,2398.95,2385.05,2392.75,4905
2024-12-09 13:30:00+05:30,2395.0,2395.0,2388.55,2393.0,3016
2024-12-09 13:45:00+05:30,2393.0,2395.95,2388.9,2394.05,4609
2024-12-09 14:00:00+05:30,2394.0,2395.0,2386.65,2393.5,2250
2024-12-09 14:15:00+05:30,2393.5,2397.85,2392.55,2394.95,2324
2024-12-09 14:30:00+05:30,2394.95,2395.0,2386.2,2387.95,4893
2024-12-09 14:45:00+05:30,2387.95,2393.85,2386.85,2393.65,2224
2024-12-09 15:00:00+05:30,2394.0,2404.9,2391.6,2402.4,15833
2024-12-09 15:15:00+05:30,2403.0,2409.0,2390.0,2392.5,21143
2024-12-09 15:30:00+05:30,2392.5,2408.0,2390.1,2400.0,51919
2024-12-10 09:30:00+05:30,2399.6,2403.1,2376.8,2385.6,13270
2024-12-10 09:45:00+05:30,2383.0,2399.0,2382.25,2397.1,7690
2024-12-10 10:00:00+05:30,2396.1,2419.9,2395.25,2407.0,15587
2024-12-10 10:15:00+05:30,2407.0,2425.0,2406.75,2420.0,16735
2024-12-10 10:30:00+05:30,2420.05,2424.9,2416.0,2423.05,11281
2024-12-10 10:45:00+05:30,2423.05,2423.05,2420.0,2421.75,5050
2024-12-10 11:00:00+05:30,2421.75,2439.25,2418.85,2434.95,71727
2024-12-10 11:15:00+05:30,2435.05,2449.0,2428.3,2443.55,15876
2024-12-10 11:30:00+05:30,2443.45,2453.8,2440.0,2451.4,13897
2024-12-10 11:45:00+05:30,2451.4,2468.0,2450.0,2464.3,16805
2024-12-10 12:00:00+05:30,2465.0,2465.0,2430.1,2437.9,26804
2024-12-10 12:15:00+05:30,2435.85,2439.0,2420.0,2438.5,486662
2024-12-10 12:30:00+05:30,2438.65,2445.0,2420.3,2435.2,135415
2024-12-10 12:45:00+05:30,2435.2,2441.65,2432.65,2440.4,9015
2024-12-10 13:00:00+05:30,2440.0,2443.95,2431.35,2437.7,10152
2024-12-10 13:15:00+05:30,2437.7,2440.55,2435.45,2439.75,7054
2024-12-10 13:30:00+05:30,2439.75,2441.0,2436.1,2440.85,4685
2024-12-10 13:45:00+05:30,2440.85,2440.9,2422.0,2427.75,14426
2024-12-10 14:00:00+05:30,2425.65,2433.95,2424.5,2430.5,9835
2024-12-10 14:15:00+05:30,2430.35,2440.9,2429.35,2437.0,9171
2024-12-10 14:30:00+05:30,2437.3,2440.0,2418.0,2427.7,22629
2024-12-10 14:45:00+05:30,2430.85,2439.95,2418.0,2425.7,17397
2024-12-10 15:00:00+05:30,2427.3,2440.5,2424.15,2428.85,69237
2024-12-10 15:15:00+05:30,2427.0,2437.4,2422.05,2424.7,23636
2024-12-10 15:30:00+05:30,2424.45,2429.7,2420.9,2427.0,25416
2024-12-11 09:30:00+05:30,2430.0,2444.95,2421.2,2425.8,10141
2024-12-11 09:45:00+05:30,2426.9,2443.95,2424.55,2440.8,8631
2024-12-11 10:00:00+05:30,2440.9,2455.0,2439.0,2452.9,29130
2024-12-11 10:15:00+05:30,2452.9,2452.9,2435.0,2439.65,14307
2024-12-11 10:30:00+05:30,2439.65,2440.0,2428.1,2429.95,6749
2024-12-11 10:45:00+05:30,2429.95,2436.9,2426.05,2436.75,24264
2024-12-11 11:00:00+05:30,2436.3,2440.0,2434.4,2436.9,1842
2024-12-11 11:15:00+05:30,2436.9,2439.95,2434.25,2434.4,1428
2024-12-11 11:30:00+05:30,2434.4,2436.0,2430.15,2430.65,1111
2024-12-11 11:45:00+05:30,2430.65,2435.55,2428.05,2428.35,1728
2024-12-11 12:00:00+05:30,2428.35,2429.3,2415.65,2421.55,5510
2024-12-11 12:15:00+05:30,2421.55,2427.7,2420.4,2420.4,3279
2024-12-11 12:30:00+05:30,2420.55,2424.95,2420.55,2422.45,484
2024-12-11 12:45:00+05:30,2424.0,2425.45,2417.0,2420.55,1519
2024-12-11 13:00:00+05:30,2420.55,2421.85,2411.7,2413.8,8097
2024-12-11 13:15:00+05:30,2413.45,2435.0,2413.1,2434.9,9284
2024-12-11 13:30:00+05:30,2434.95,2436.0,2429.25,2435.9,4686
2024-12-11 13:45:00+05:30,2435.9,2435.9,2425.1,2425.6,2404
2024-12-11 14:00:00+05:30,2427.55,2429.0,2423.15,2425.1,990
2024-12-11 14:15:00+05:30,2425.1,2435.4,2425.0,2425.2,2089
2024-12-11 14:30:00+05:30,2425.2,2431.7,2425.1,2428.0,1542
2024-12-11 14:45:00+05:30,2427.95,2427.95,2414.6,2422.0,4152
2024-12-11 15:00:00+05:30,2421.4,2435.0,2421.4,2433.85,9266
2024-12-11 15:15:00+05:30,2434.15,2435.7,2430.0,2434.65,8823
2024-12-11 15:30:00+05:30,2435.0,2439.95,2400.0,2419.35,8501
2024-12-12 09:30:00+05:30,2415.0,2479.8,2415.0,2454.8,41049
2024-12-12 09:45:00+05:30,2454.8,2475.35,2454.0,2465.7,22656
2024-12-12 10:00:00+05:30,2465.7,2488.0,2458.0,2477.5,25669
2024-12-12 10:15:00+05:30,2477.05,2496.85,2470.65,2490.0,55255
2024-12-12 10:30:00+05:30,2489.95,2492.8,2480.05,2483.7,19738
2024-12-12 10:45:00+05:30,2482.0,2504.95,2474.35,2489.8,43603
2024-12-12 11:00:00+05:30,2489.8,2506.8,2489.8,2497.95,24721
2024-12-12 11:15:00+05:30,2497.95,2498.2,2486.6,2490.4,11335
2024-12-12 11:30:00+05:30,2491.95,2493.95,2476.3,2485.0,10184
2024-12-12 11:45:00+05:30,2485.0,2485.4,2472.65,2476.65,21940
2024-12-12 12:00:00+05:30,2476.6,2479.2,2471.0,2476.55,7012
2024-12-12 12:15:00+05:30,2476.55,2479.2,2474.7,2478.95,17315
2024-12-12 12:30:00+05:30,2478.95,2479.05,2472.05,2476.5,2145
2024-12-12 12:45:00+05:30,2476.5,2478.65,2475.0,2475.65,2729
2024-12-12 13:00:00+05:30,2475.65,2477.9,2468.3,2469.0,3309
2024-12-12 13:15:00+05:30,2465.0,2470.0,2441.0,2444.3,20914
2024-12-12 13:30:00+05:30,2443.0,2448.7,2431.0,2439.6,16122
2024-12-12 13:45:00+05:30,2437.3,2443.0,2423.0,2423.0,9248
2024-12-12 14:00:00+05:30,2423.0,2439.75,2421.15,2428.05,12897
2024-12-12 14:15:00+05:30,2427.95,2442.0,2425.55,2439.0,11255
2024-12-12 14:30:00+05:30,2438.9,2441.8,2430.35,2434.35,9137
2024-12-12 14:45:00+05:30,2434.25,2439.7,2425.5,2432.0,13478
2024-12-12 15:00:00+05:30,2431.95,2443.4,2430.6,2439.9,18407
2024-12-12 15:15:00+05:30,2438.15,2443.6,2430.9,2433.5,29820
2024-12-12 15:30:00+05:30,2431.4,2435.9,2420.0,2435.7,36245
2024-12-13 09:30:00+05:30,2440.0,2441.0,2419.2,2427.6,8313
2024-12-13 09:45:00+05:30,2427.6,2427.6,2405.05,2422.45,10217
2024-12-13 10:00:00+05:30,2424.8,2424.8,2402.45,2411.1,4588
2024-12-13 10:15:00+05:30,2411.1,2417.3,2394.15,2397.7,6019
2024-12-13 10:30:00+05:30,2397.7,2397.7,2387.0,2390.9,5159
2024-12-13 10:45:00+05:30,2390.95,2393.95,2381.0,2386.9,4843
2024-12-13 11:00:00+05:30,2388.95,2399.45,2381.0,2399.15,2639
2024-12-13 11:15:00+05:30,2399.15,2409.7,2399.1,2409.0,2211
2024-12-13 11:30:00+05:30,2409.0,2418.0,2405.4,2414.0,2706
2024-12-13 11:45:00+05:30,2414.0,2427.05,2412.95,2426.4,3429
2024-12-13 12:00:00+05:30,2426.4,2434.0,2420.8,2433.6,3879
2024-12-13 12:15:00+05:30,2432.75,2434.6,2421.05,2424.15,4478
2024-12-13 12:30:00+05:30,2424.15,2436.6,2418.5,2428.9,5674
2024-12-13 12:45:00+05:30,2426.85,2430.0,2423.35,2426.05,1136
2024-12-13 13:00:00+05:30,2426.2,2429.0,2423.0,2428.6,667
2024-12-13 13:15:00+05:30,2430.0,2433.65,2421.0,2422.15,1805
2024-12-13 13:30:00+05:30,2422.15,2422.5,2409.0,2412.0,3636
2024-12-13 13:45:00+05:30,2412.0,2418.0,2406.0,2408.85,2885
2024-12-13 14:00:00+05:30,2410.0,2411.55,2408.05,2410.65,1092
2024-12-13 14:15:00+05:30,2411.4,2416.35,2408.1,2414.3,2697
2024-12-13 14:30:00+05:30,2414.3,2416.0,2411.5,2413.5,681
2024-12-13 14:45:00+05:30,2413.5,2414.5,2397.05,2413.5,6353
2024-12-13 15:00:00+05:30,2413.8,2451.2,2413.8,2446.2,30996
2024-12-13 15:15:00+05:30,2448.85,2449.6,2435.8,2440.9,17939
2024-12-13 15:30:00+05:30,2441.7,2450.1,2415.9,2422.55,21229
2024-12-16 09:30:00+05:30,2450.0,2468.1,2428.0,2431.45,17808
2024-12-16 09:45:00+05:30,2428.65,2435.45,2425.45,2430.85,4939
2024-12-16 10:00:00+05:30,2430.85,2439.6,2427.05,2436.45,4652
2024-12-16 10:15:00+05:30,2436.45,2448.65,2435.85,2441.0,4137
2024-12-16 10:30:00+05:30,2442.35,2445.95,2438.15,2444.0,5597
2024-12-16 10:45:00+05:30,2444.1,2444.7,2431.1,2432.65,4023
2024-12-16 11:00:00+05:30,2432.65,2435.1,2426.15,2428.95,53065
2024-12-16 11:15:00+05:30,2430.3,2435.0,2426.1,2426.1,2277
2024-12-16 11:30:00+05:30,2422.5,2430.0,2422.0,2429.7,3240
2024-12-16 11:45:00+05:30,2429.7,2440.0,2428.4,2435.85,1714
2024-12-16 12:00:00+05:30,2435.85,2440.05,2433.0,2434.1,2088
2024-12-16 12:15:00+05:30,2434.1,2440.0,2430.0,2434.0,3389
2024-12-16 12:30:00+05:30,2434.0,2437.1,2432.0,2434.0,757
2024-12-16 12:45:00+05:30,2434.0,2438.5,2425.55,2432.65,3536
2024-12-16 13:00:00+05:30,2431.1,2434.2,2428.3,2432.7,2188
2024-12-16 13:15:00+05:30,2432.7,2435.0,2430.7,2435.0,734
2024-12-16 13:30:00+05:30,2435.0,2437.3,2434.2,2436.5,664
2024-12-16 13:45:00+05:30,2436.5,2436.5,2433.05,2435.0,929
2024-12-16 14:00:00+05:30,2435.0,2436.5,2433.4,2433.85,1477
2024-12-16 14:15:00+05:30,2433.85,2436.8,2433.85,2435.1,504
2024-12-16 14:30:00+05:30,2435.0,2439.9,2430.25,2434.0,2787
2024-12-16 14:45:00+05:30,2434.0,2436.3,2432.65,2434.55,712
2024-12-16 15:00:00+05:30,2434.55,2441.95,2432.55,2434.85,4975
2024-12-16 15:15:00+05:30,2434.05,2438.7,2430.05,2433.3,5440
2024-12-16 15:30:00+05:30,2433.3,2435.0,2425.0,2434.95,8599
2024-12-17 09:30:00+05:30,2452.35,2452.35,2426.45,2437.0,10439
2024-12-17 09:45:00+05:30,2435.0,2446.15,2435.0,2443.85,7410
2024-12-17 10:00:00+05:30,2443.85,2450.0,2437.95,2443.0,4019
2024-12-17 10:15:00+05:30,2443.0,2447.6,2437.0,2442.5,2132
2024-12-17 10:30:00+05:30,2442.5,2442.55,2431.2,2439.4,2444
2024-12-17 10:45:00+05:30,2439.8,2442.1,2435.3,2442.1,1535
2024-12-17 11:00:00+05:30,2442.1,2450.0,2439.7,2442.05,3184
2024-12-17 11:15:00+05:30,2442.05,2446.8,2439.0,2439.25,1050
2024-12-17 11:30:00+05:30,2439.25,2446.05,2439.1,2445.2,1842
2024-12-17 11:45:00+05:30,2445.2,2449.0,2444.05,2445.05,3205
2024-12-17 12:00:00+05:30,2445.55,2448.7,2440.0,2446.0,1493
2024-12-17 12:15:00+05:30,2445.95,2450.95,2445.45,2446.8,3201
2024-12-17 12:30:00+05:30,2446.8,2449.3,2440.0,2446.9,1676
2024-12-17 12:45:00+05:30,2447.15,2447.15,2441.6,2444.3,674
2024-12-17 13:00:00+05:30,2444.3,2446.4,2440.0,2446.4,1048
2024-12-17 13:15:00+05:30,2445.65,2446.55,2437.0,2439.65,1272
2024-12-17 13:30:00+05:30,2439.65,2446.95,2433.05,2440.8,3645
2024-12-17 13:45:00+05:30,2440.8,2450.0,2439.2,2450.0,4327
2024-12-17 14:00:00+05:30,2450.0,2451.0,2445.75,2446.95,5520
2024-12-17 14:15:00+05:30,2447.35,2448.85,2442.25,2445.8,2045
2024-12-17 14:30:00+05:30,2445.0,2445.75,2437.25,2442.1,2457
2024-12-17 14:45:00+05:30,2442.1,2446.6,2435.4,2440.7,2901
2024-12-17 15:00:00+05:30,2440.7,2450.45,2438.35,2445.05,5416
2024-12-17 15:15:00+05:30,2446.65,2450.3,2445.55,2448.1,6102
2024-12-17 15:30:00+05:30,2449.15,2466.0,2448.5,2464.2,21509
2024-12-18 09:30:00+05:30,2484.0,2533.45,2467.0,2482.55,122474
2024-12-18 09:45:00+05:30,2482.55,2483.0,2450.0,2466.55,29151
2024-12-18 10:00:00+05:30,2468.9,2474.95,2458.35,2461.0,14439
2024-12-18 10:15:00+05:30,2461.0,2469.75,2460.0,2463.35,6614
2024-12-18 10:30:00+05:30,2463.35,2482.45,2461.0,2481.65,9111
2024-12-18 10:45:00+05:30,2481.65,2505.0,2478.95,2496.65,35553
2024-12-18 11:00:00+05:30,2496.65,2509.4,2490.0,2502.15,201318
2024-12-18 11:15:00+05:30,2502.15,2529.0,2496.1,2525.0,127173
2024-12-18 11:30:00+05:30,2525.95,2573.0,2523.9,2550.0,206895
2024-12-18 11:45:00+05:30,2550.0,2578.0,2550.0,2560.0,162750
2024-12-18 12:00:00+05:30,2560.05,2568.0,2546.95,2555.45,114707
2024-12-18 12:15:00+05:30,2555.3,2564.6,2548.45,2556.35,51533
2024-12-18 12:30:00+05:30,2558.1,2564.0,2551.75,2562.25,35868
2024-12-18 12:45:00+05:30,2563.95,2564.0,2548.0,2554.85,49745
2024-12-18 13:00:00+05:30,2554.85,2589.9,2552.5,2583.85,169849
2024-12-18 13:15:00+05:30,2583.5,2608.95,2565.0,2567.3,284958
2024-12-18 13:30:00+05:30,2569.1,2569.1,2525.25,2556.0,231426
2024-12-18 13:45:00+05:30,2557.8,2561.95,2536.0,2544.4,75843
2024-12-18 14:00:00+05:30,2544.5,2555.55,2538.0,2551.6,49306
2024-12-18 14:15:00+05:30,2551.65,2552.4,2545.0,2546.8,33875
2024-12-18 14:30:00+05:30,2545.3,2546.75,2532.0,2540.0,35306
2024-12-18 14:45:00+05:30,2540.0,2541.95,2535.35,2540.0,28902
2024-12-18 15:00:00+05:30,2539.05,2565.0,2538.8,2551.2,82098
2024-12-18 15:15:00+05:30,2551.75,2565.0,2549.5,2554.0,60587
2024-12-18 15:30:00+05:30,2551.9,2560.0,2541.55,2559.9,88829
2024-12-19 09:30:00+05:30,2538.0,2559.9,2512.3,2513.65,64710
2024-12-19 09:45:00+05:30,2511.7,2534.95,2501.5,2526.45,20519
2024-12-19 10:00:00+05:30,2528.1,2552.25,2526.1,2541.85,22458
2024-12-19 10:15:00+05:30,2540.25,2555.0,2530.2,2546.7,24680
2024-12-19 10:30:00+05:30,2546.75,2546.75,2521.95,2530.0,18265
2024-12-19 10:45:00+05:30,2530.0,2530.0,2512.65,2516.95,11443
2024-12-19 11:00:00+05:30,2516.95,2520.3,2512.75,2519.4,4455
2024-12-19 11:15:00+05:30,2519.4,2520.0,2516.4,2516.7,4099
2024-12-19 11:30:00+05:30,2516.7,2520.0,2515.05,2518.0,4555
2024-12-19 11:45:00+05:30,2518.0,2532.0,2515.1,2523.8,10333
2024-12-19 12:00:00+05:30,2523.8,2525.9,2517.0,2517.7,4723
2024-12-19 12:15:00+05:30,2517.7,2543.8,2516.0,2543.0,14694
2024-12-19 12:30:00+05:30,2543.65,2544.75,2522.35,2532.5,12330
2024-12-19 12:45:00+05:30,2532.5,2541.9,2525.1,2541.1,60364
2024-12-19 13:00:00+05:30,2541.1,2544.0,2536.6,2538.05,6721
2024-12-19 13:15:00+05:30,2538.05,2540.0,2524.1,2527.0,6433
2024-12-19 13:30:00+05:30,2527.0,2534.7,2525.0,2527.9,8529
2024-12-19 13:45:00+05:30,2527.9,2529.55,2525.0,2526.15,10704
2024-12-19 14:00:00+05:30,2526.15,2527.7,2511.0,2514.45,9538
2024-12-19 14:15:00+05:30,2514.25,2515.0,2512.5,2514.0,3366
2024-12-19 14:30:00+05:30,2514.0,2529.55,2513.0,2529.55,8492
2024-12-19 14:45:00+05:30,2526.35,2528.6,2516.9,2520.55,22090
2024-12-19 15:00:00+05:30,2520.55,2526.75,2518.1,2523.8,21943
2024-12-19 15:15:00+05:30,2524.8,2526.7,2517.7,2520.25,30082
2024-12-19 15:30:00+05:30,2521.65,2526.0,2507.0,2518.7,36560
2024-12-20 09:30:00+05:30,2538.9,2540.0,2497.0,2522.15,24397
2024-12-20 09:45:00+05:30,2522.15,2525.0,2515.15,2519.2,5582
2024-12-20 10:00:00+05:30,2519.2,2529.0,2514.95,2525.05,9479
2024-12-20 10:15:00+05:30,2524.9,2526.9,2519.5,2522.1,5600
2024-12-20 10:30:00+05:30,2522.1,2525.0,2519.5,2523.05,4859
2024-12-20 10:45:00+05:30,2523.05,2524.5,2501.85,2509.25,12564
2024-12-20 11:00:00+05:30,2510.1,2520.0,2508.15,2516.25,35204
2024-12-20 11:15:00+05:30,2516.25,2522.0,2514.6,2520.1,7327
2024-12-20 11:30:00+05:30,2520.1,2524.8,2517.6,2522.65,3842
2024-12-20 11:45:00+05:30,2523.95,2537.0,2520.7,2535.0,7521
2024-12-20 12:00:00+05:30,2535.0,2554.4,2535.0,2541.45,17915
2024-12-20 12:15:00+05:30,2540.0,2542.5,2531.85,2535.0,3685
2024-12-20 12:30:00+05:30,2532.3,2534.7,2522.5,2524.45,21447
2024-12-20 12:45:00+05:30,2524.45,2535.3,2524.2,2527.1,4540
2024-12-20 13:00:00+05:30,2527.1,2530.5,2525.0,2525.95,3458
2024-12-20 13:15:00+05:30,2528.0,2528.9,2520.4,2523.0,9517
2024-12-20 13:30:00+05:30,2523.0,2529.65,2522.05,2525.05,4143
2024-12-20 13:45:00+05:30,2526.6,2534.8,2522.7,2522.7,4405
2024-12-20 14:00:00+05:30,2522.7,2525.85,2515.1,2524.1,5203
2024-12-20 14:15:00+05:30,2524.1,2525.4,2505.0,2510.8,7838
2024-12-20 14:30:00+05:30,2510.85,2526.45,2505.1,2523.1,7489
2024-12-20 14:45:00+05:30,2523.1,2530.65,2520.1,2528.65,6750
2024-12-20 15:00:00+05:30,2528.5,2534.85,2525.3,2528.0,6229
2024-12-20 15:15:00+05:30,2526.8,2528.0,2468.05,2476.75,42273
2024-12-20 15:30:00+05:30,2478.7,2539.9,2455.0,2515.0,75231
2024-12-23 09:30:00+05:30,2500.1,2524.05,2460.15,2468.65,20104
2024-12-23 09:45:00+05:30,2468.65,2483.35,2450.8,2464.85,16644
2024-12-23 10:00:00+05:30,2466.7,2474.0,2441.0,2445.9,10534
2024-12-23 10:15:00+05:30,2445.9,2473.75,2441.0,2462.0,9687
2024-12-23 10:30:00+05:30,2462.0,2462.05,2441.1,2449.75,6024
2024-12-23 10:45:00+05:30,2449.75,2458.3,2448.75,2450.5,4188
2024-12-23 11:00:00+05:30,2450.5,2458.0,2445.1,2457.0,3513
2024-12-23 11:15:00+05:30,2457.0,2462.55,2453.05,2453.05,2378
2024-12-23 11:30:00+05:30,2453.05,2463.0,2453.05,2458.7,1806
2024-12-23 11:45:00+05:30,2458.7,2465.0,2448.9,2450.0,6237
2024-12-23 12:00:00+05:30,2450.0,2451.05,2442.35,2444.5,3158
2024-12-23 12:15:00+05:30,2442.5,2453.6,2439.0,2448.3,6802
2024-12-23 12:30:00+05:30,2448.9,2459.35,2446.55,2453.6,3059
2024-12-23 12:45:00+05:30,2453.05,2457.9,2448.4,2457.2,8975
2024-12-23 13:00:00+05:30,2456.65,2456.75,2448.1,2448.35,4745
2024-12-23 13:15:00+05:30,2448.35,2453.3,2444.9,2450.1,4223
2024-12-23 13:30:00+05:30,2450.1,2454.45,2443.05,2444.2,4011
2024-12-23 13:45:00+05:30,2444.2,2455.15,2442.0,2450.0,5731
2024-12-23 14:00:00+05:30,2450.0,2452.9,2445.05,2450.35,7751
2024-12-23 14:15:00+05:30,2450.35,2456.95,2440.2,2449.8,8380
2024-12-23 14:30:00+05:30,2450.0,2470.45,2447.75,2461.0,20838
2024-12-23 14:45:00+05:30,2461.0,2463.2,2425.55,2455.4,34475
2024-12-23 15:00:00+05:30,2455.4,2478.55,2450.0,2478.55,19030
2024-12-23 15:15:00+05:30,2476.65,2477.7,2465.0,2474.05,22442
2024-12-23 15:30:00+05:30,2474.0,2476.9,2451.0,2459.55,23936
2024-12-24 09:30:00+05:30,2459.9,2482.0,2416.05,2462.95,26450
2024-12-24 09:45:00+05:30,2463.05,2463.05,2445.05,2456.3,7794
2024-12-24 10:00:00+05:30,2456.3,2486.2,2453.95,2483.0,12093
2024-12-24 10:15:00+05:30,2481.85,2483.75,2472.85,2477.0,6962
2024-12-24 10:30:00+05:30,2479.05,2493.35,2479.05,2487.0,7845
2024-12-24 10:45:00+05:30,2487.0,2491.3,2476.95,2479.5,3692
2024-12-24 11:00:00+05:30,2479.5,2486.65,2479.5,2481.95,1925
2024-12-24 11:15:00+05:30,2481.85,2490.0,2481.85,2484.75,2829
2024-12-24 11:30:00+05:30,2484.5,2489.75,2482.8,2485.75,2200
2024-12-24 11:45:00+05:30,2487.5,2487.5,2480.0,2483.0,1675
2024-12-24 12:00:00+05:30,2483.0,2486.9,2478.0,2485.3,2494
2024-12-24 12:15:00+05:30,2485.3,2486.9,2476.0,2477.65,3435
2024-12-24 12:30:00+05:30,2477.55,2478.8,2470.55,2474.15,2468
2024-12-24 12:45:00+05:30,2474.15,2479.0,2473.8,2477.55,1521
2024-12-24 13:00:00+05:30,2477.95,2479.0,2476.0,2477.95,1552
2024-12-24 13:15:00+05:30,2477.95,2479.0,2472.05,2473.0,1927
2024-12-24 13:30:00+05:30,2473.05,2478.05,2470.0,2472.55,3931
2024-12-24 13:45:00+05:30,2472.55,2484.95,2468.05,2479.0,13540
2024-12-24 14:00:00+05:30,2479.0,2485.8,2475.85,2483.0,4673
2024-12-24 14:15:00+05:30,2484.0,2489.35,2475.5,2486.7,7054
2024-12-24 14:30:00+05:30,2486.7,2500.0,2480.3,2496.0,13309
2024-12-24 14:45:00+05:30,2496.0,2520.0,2485.8,2517.6,46091
2024-12-24 15:00:00+05:30,2520.45,2536.0,2509.05,2525.35,31058
2024-12-24 15:15:00+05:30,2525.3,2545.0,2525.3,2536.95,41823
2024-12-24 15:30:00+05:30,2537.35,2540.0,2520.3,2525.05,29194
2024-12-26 09:30:00+05:30,2540.7,2552.7,2525.25,2535.0,22838
2024-12-26 09:45:00+05:30,2535.4,2539.0,2519.65,2522.3,9733
2024-12-26 10:00:00+05:30,2522.3,2524.6,2512.5,2518.4,4175
2024-12-26 10:15:00+05:30,2519.9,2520.0,2501.9,2508.7,6122
2024-12-26 10:30:00+05:30,2508.7,2512.5,2495.3,2496.6,3880
2024-12-26 10:45:00+05:30,2495.4,2500.0,2491.05,2498.85,2964
2024-12-26 11:00:00+05:30,2500.0,2508.8,2494.0,2503.85,4300
2024-12-26 11:15:00+05:30,2503.85,2513.5,2499.75,2510.3,4261
2024-12-26 11:30:00+05:30,2510.0,2510.0,2497.35,2503.55,2599
2024-12-26 11:45:00+05:30,2503.55,2504.75,2497.15,2504.75,2223
2024-12-26 12:00:00+05:30,2504.75,2508.05,2494.5,2495.55,3724
2024-12-26 12:15:00+05:30,2495.55,2497.4,2487.0,2487.2,2031
2024-12-26 12:30:00+05:30,2488.65,2494.25,2487.2,2491.6,2227
2024-12-26 12:45:00+05:30,2491.6,2497.2,2491.2,2494.15,1454
2024-12-26 13:00:00+05:30,2494.15,2496.7,2490.0,2490.0,1354
2024-12-26 13:15:00+05:30,2490.0,2524.95,2487.3,2502.85,4494
2024-12-26 13:30:00+05:30,2503.3,2503.3,2494.65,2497.95,2422
2024-12-26 13:45:00+05:30,2497.95,2518.3,2494.6,2509.7,5995
2024-12-26 14:00:00+05:30,2509.7,2511.4,2503.2,2508.45,2776
2024-12-26 14:15:00+05:30,2508.45,2520.7,2506.1,2520.0,6629
2024-12-26 14:30:00+05:30,2520.0,2527.0,2516.95,2523.45,4600
2024-12-26 14:45:00+05:30,2521.0,2523.95,2508.05,2516.25,3177
2024-12-26 15:00:00+05:30,2516.35,2549.0,2516.35,2545.8,20428
2024-12-26 15:15:00+05:30,2546.0,2548.0,2538.55,2542.3,10550
2024-12-26 15:30:00+05:30,2542.5,2549.85,2520.1,2541.0,17325
2024-12-27 09:30:00+05:30,2545.0,2574.1,2531.25,2537.15,14302
2024-12-27 09:45:00+05:30,2537.15,2579.8,2528.25,2575.0,25154
2024-12-27 10:00:00+05:30,2575.0,2576.3,2545.3,2560.0,28675
2024-12-27 10:15:00+05:30,2560.0,2566.3,2556.5,2560.0,6302
2024-12-27 10:30:00+05:30,2560.0,2564.35,2552.0,2555.0,3791
2024-12-27 10:45:00+05:30,2555.0,2564.8,2554.0,2564.8,8737
2024-12-27 11:00:00+05:30,2564.8,2564.8,2554.0,2554.3,4177
2024-12-27 11:15:00+05:30,2556.75,2562.0,2555.0,2560.2,3368
2024-12-27 11:30:00+05:30,2560.2,2563.0,2547.1,2554.2,4241
2024-12-27 11:45:00+05:30,2554.25,2555.85,2548.45,2550.75,1952
2024-12-27 12:00:00+05:30,2550.75,2555.95,2545.6,2546.25,55006
2024-12-27 12:15:00+05:30,2546.65,2553.95,2546.5,2550.4,52974
2024-12-27 12:30:00+05:30,2550.4,2557.95,2550.0,2556.45,3712
2024-12-27 12:45:00+05:30,2556.45,2563.75,2552.15,2554.9,5673
2024-12-27 13:00:00+05:30,2554.9,2556.45,2550.0,2551.75,15853
2024-12-27 13:15:00+05:30,2553.45,2553.75,2550.25,2551.25,1981
2024-12-27 13:30:00+05:30,2551.25,2552.4,2550.0,2550.2,1855
2024-12-27 13:45:00+05:30,2550.2,2551.95,2529.0,2537.0,6938
2024-12-27 14:00:00+05:30,2537.0,2550.95,2531.7,2546.0,5740
2024-12-27 14:15:00+05:30,2546.0,2549.8,2541.7,2549.8,3062
2024-12-27 14:30:00+05:30,2549.4,2552.9,2545.55,2551.8,3086
2024-12-27 14:45:00+05:30,2551.8,2554.95,2549.05,2553.15,3849
2024-12-27 15:00:00+05:30,2554.95,2567.0,2554.95,2560.7,14814
2024-12-27 15:15:00+05:30,2560.7,2560.7,2549.95,2555.4,9551
2024-12-27 15:30:00+05:30,2555.4,2558.0,2536.35,2546.6,18500
2024-12-30 09:30:00+05:30,2570.0,2570.0,2535.0,2540.15,7419
2024-12-30 09:45:00+05:30,2540.15,2562.65,2536.5,2555.55,8613
2024-12-30 10:00:00+05:30,2555.55,2604.0,2554.95,2578.75,35550
2024-12-30 10:15:00+05:30,2578.75,2579.55,2562.2,2573.2,13068
2024-12-30 10:30:00+05:30,2573.85,2577.5,2570.1,2572.3,7211
2024-12-30 10:45:00+05:30,2572.25,2573.95,2552.15,2558.0,16851
2024-12-30 11:00:00+05:30,2558.0,2568.3,2558.0,2558.45,5896
2024-12-30 11:15:00+05:30,2558.0,2561.35,2546.55,2547.85,10432
2024-12-30 11:30:00+05:30,2547.85,2562.4,2545.05,2561.4,78928
2024-12-30 11:45:00+05:30,2560.95,2562.0,2552.4,2554.3,4935
2024-12-30 12:00:00+05:30,2553.1,2556.35,2542.05,2547.35,7013
2024-12-30 12:15:00+05:30,2547.35,2550.0,2545.9,2548.85,5014
2024-12-30 12:30:00+05:30,2548.85,2550.0,2545.0,2547.05,5035
2024-12-30 12:45:00+05:30,2547.05,2553.15,2544.45,2552.15,8622
2024-12-30 13:00:00+05:30,2552.15,2555.2,2549.05,2553.65,4593
2024-12-30 13:15:00+05:30,2553.65,2559.25,2550.0,2558.0,3626
2024-12-30 13:30:00+05:30,2558.0,2565.0,2557.4,2559.95,5544
2024-12-30 13:45:00+05:30,2561.0,2563.95,2555.0,2557.65,7008
2024-12-30 14:00:00+05:30,2557.65,2559.9,2552.85,2559.9,5493
2024-12-30 14:15:00+05:30,2559.9,2560.0,2555.3,2558.9,6725
2024-12-30 14:30:00+05:30,2559.4,2563.0,2555.35,2560.9,11626
2024-12-30 14:45:00+05:30,2561.0,2562.85,2560.0,2560.05,9641
2024-12-30 15:00:00+05:30,2560.05,2580.0,2560.0,2579.5,21617
2024-12-30 15:15:00+05:30,2579.4,2581.65,2574.4,2579.95,72572
2024-12-30 15:30:00+05:30,2580.0,2583.95,2576.15,2583.75,91884
2024-12-31 09:30:00+05:30,2580.05,2594.1,2554.3,2565.3,18918
2024-12-31 09:45:00+05:30,2565.3,2569.8,2557.1,2558.0,6032
2024-12-31 10:00:00+05:30,2558.0,2567.35,2551.25,2567.35,6716
2024-12-31 10:15:00+05:30,2565.5,2567.35,2528.0,2528.0,14153
2024-12-31 10:30:00+05:30,2528.0,2534.0,2513.55,2516.45,12264
2024-12-31 10:45:00+05:30,2516.55,2544.55,2513.2,2538.45,13744
2024-12-31 11:00:00+05:30,2538.45,2538.45,2516.55,2525.4,4861
2024-12-31 11:15:00+05:30,2525.4,2528.5,2519.95,2522.95,1876
2024-12-31 11:30:00+05:30,2524.4,2525.15,2514.0,2516.2,2488
2024-12-31 11:45:00+05:30,2516.2,2551.7,2506.6,2547.05,11913
2024-12-31 12:00:00+05:30,2547.05,2550.0,2535.55,2548.65,5412
2024-12-31 12:15:00+05:30,2548.65,2563.85,2548.65,2556.7,6987
2024-12-31 12:30:00+05:30,2555.75,2570.0,2552.65,2568.95,7527
2024-12-31 12:45:00+05:30,2568.95,2568.95,2551.25,2555.0,4563
2024-12-31 13:00:00+05:30,2555.05,2564.45,2552.75,2561.3,5333
2024-12-31 13:15:00+05:30,2561.3,2564.0,2557.05,2563.3,3760
2024-12-31 13:30:00+05:30,2563.3,2585.0,2557.85,2583.95,10779
2024-12-31 13:45:00+05:30,2583.95,2595.0,2576.55,2593.45,11636
2024-12-31 14:00:00+05:30,2595.0,2595.0,2583.4,2595.0,10619
2024-12-31 14:15:00+05:30,2595.0,2614.6,2593.45,2600.25,19973
2024-12-31 14:30:00+05:30,2599.7,2608.0,2595.0,2607.65,7346
2024-12-31 14:45:00+05:30,2607.65,2613.0,2604.05,2612.95,8403
2024-12-31 15:00:00+05:30,2613.0,2629.8,2590.0,2594.1,34398
2024-12-31 15:15:00+05:30,2594.1,2611.95,2594.1,2602.95,16175
2024-12-31 15:30:00+05:30,2601.0,2625.0,2595.0,2622.0,17847
2025-01-01 09:30:00+05:30,2605.9,2637.7,2603.05,2617.25,23243
2025-01-01 09:45:00+05:30,2617.35,2625.0,2584.3,2588.2,15067
2025-01-01 10:00:00+05:30,2588.2,2592.6,2577.0,2591.05,7556
2025-01-01 10:15:00+05:30,2591.05,2592.0,2576.35,2585.05,11206
2025-01-01 10:30:00+05:30,2585.05,2587.25,2575.0,2575.05,3973
2025-01-01 10:45:00+05:30,2575.05,2586.0,2575.0,2582.55,2443
2025-01-01 11:00:00+05:30,2582.55,2591.6,2582.5,2585.15,3079
2025-01-01 11:15:00+05:30,2585.15,2588.85,2582.05,2585.85,2643
2025-01-01 11:30:00+05:30,2585.85,2590.0,2582.2,2583.4,2057
2025-01-01 11:45:00+05:30,2585.75,2586.35,2581.9,2583.55,1518
2025-01-01 12:00:00+05:30,2583.55,2593.0,2583.1,2587.05,4104
2025-01-01 12:15:00+05:30,2588.35,2591.9,2564.5,2568.05,18665
2025-01-01 12:30:00+05:30,2566.35,2580.25,2564.5,2567.5,3739
2025-01-01 12:45:00+05:30,2569.45,2575.25,2567.1,2570.2,2313
2025-01-01 13:00:00+05:30,2572.45,2575.0,2567.05,2568.6,2137
2025-01-01 13:15:00+05:30,2570.95,2586.75,2568.8,2576.55,2260
2025-01-01 13:30:00+05:30,2576.55,2579.95,2572.65,2576.0,1080
2025-01-01 13:45:00+05:30,2576.0,2582.75,2573.8,2575.9,3443
2025-01-01 14:00:00+05:30,2575.9,2580.85,2575.5,2576.6,1719
2025-01-01 14:15:00+05:30,2577.1,2580.25,2570.1,2572.9,3796
2025-01-01 14:30:00+05:30,2572.95,2576.0,2571.0,2572.25,1349
2025-01-01 14:45:00+05:30,2572.95,2574.4,2570.0,2570.65,1652
2025-01-01 15:00:00+05:30,2570.65,2576.7,2565.5,2569.05,3656
2025-01-01 15:15:00+05:30,2570.6,2582.05,2566.0,2582.0,12020
2025-01-01 15:30:00+05:30,2581.25,2600.0,2575.75,2585.0,17671
2025-01-02 09:30:00+05:30,2599.95,2617.0,2583.35,2590.05,6475
2025-01-02 09:45:00+05:30,2590.05,2614.0,2590.0,2610.95,9834
2025-01-02 10:00:00+05:30,2610.95,2613.2,2594.95,2599.0,7406
2025-01-02 10:15:00+05:30,2599.0,2601.05,2593.6,2593.6,4536
2025-01-02 10:30:00+05:30,2593.6,2600.0,2593.05,2597.8,1737
2025-01-02 10:45:00+05:30,2597.8,2600.0,2593.35,2599.45,2524
2025-01-02 11:00:00+05:30,2599.45,2602.35,2596.8,2600.0,1295
2025-01-02 11:15:00+05:30,2600.0,2600.0,2581.25,2583.0,4559
2025-01-02 11:30:00+05:30,2583.0,2585.95,2580.1,2582.05,1842
2025-01-02 11:45:00+05:30,2582.05,2588.65,2582.05,2584.2,4074
2025-01-02 12:00:00+05:30,2584.25,2600.0,2581.2,2599.8,7439
2025-01-02 12:15:00+05:30,2599.05,2600.0,2594.4,2599.0,6523
2025-01-02 12:30:00+05:30,2599.0,2600.0,2586.7,2591.9,5643
2025-01-02 12:45:00+05:30,2591.9,2591.9,2580.1,2581.45,4491
2025-01-02 13:00:00+05:30,2581.45,2584.65,2579.75,2581.5,3709
2025-01-02 13:15:00+05:30,2581.55,2587.95,2580.2,2583.6,3699
2025-01-02 13:30:00+05:30,2583.6,2583.6,2581.35,2582.3,1775
2025-01-02 13:45:00+05:30,2582.3,2583.25,2577.0,2583.0,3703
2025-01-02 14:00:00+05:30,2581.85,2583.15,2580.85,2583.15,2431
2025-01-02 14:15:00+05:30,2584.0,2587.45,2581.0,2581.5,2607
2025-01-02 14:30:00+05:30,2583.1,2587.45,2580.15,2583.75,3624
2025-01-02 14:45:00+05:30,2582.9,2584.9,2579.7,2582.25,2234
2025-01-02 15:00:00+05:30,2584.1,2585.9,2581.85,2582.95,7775
2025-01-02 15:15:00+05:30,2582.9,2589.7,2579.65,2583.9,6811
2025-01-02 15:30:00+05:30,2584.25,2595.0,2580.1,2592.0,12667
2025-01-03 09:30:00+05:30,2595.0,2613.65,2594.0,2604.25,8578
2025-01-03 09:45:00+05:30,2604.25,2610.0,2600.0,2604.35,3060
2025-01-03 10:00:00+05:30,2604.35,2615.95,2603.2,2611.75,6631
2025-01-03 10:15:00+05:30,2611.75,2618.0,2600.0,2600.0,6969
2025-01-03 10:30:00+05:30,2600.0,2605.0,2600.0,2601.65,3546
2025-01-03 10:45:00+05:30,2601.65,2604.0,2600.0,2602.3,78134
2025-01-03 11:00:00+05:30,2602.3,2637.0,2602.05,2602.05,19414
2025-01-03 11:15:00+05:30,2602.05,2611.0,2600.35,2609.5,5479
2025-01-03 11:30:00+05:30,2609.5,2609.55,2601.05,2605.65,4857
2025-01-03 11:45:00+05:30,2605.65,2608.0,2600.0,2606.9,3923
2025-01-03 12:00:00+05:30,2606.9,2608.0,2600.8,2608.0,5584
2025-01-03 12:15:00+05:30,2608.0,2609.55,2604.9,2609.55,1845
2025-01-03 12:30:00+05:30,2609.55,2610.0,2602.55,2607.65,3698
2025-01-03 12:45:00+05:30,2607.7,2609.0,2605.0,2607.75,3447
2025-01-03 13:00:00+05:30,2607.75,2608.9,2604.2,2606.8,2866
2025-01-03 13:15:00+05:30,2606.8,2610.45,2605.7,2608.45,11896
2025-01-03 13:30:00+05:30,2608.45,2608.6,2605.85,2608.0,2562
2025-01-03 13:45:00+05:30,2607.95,2608.6,2603.25,2608.0,3107
2025-01-03 14:00:00+05:30,2608.0,2608.0,2603.4,2606.0,2395
2025-01-03 14:15:00+05:30,2606.05,2606.05,2598.0,2598.95,14444
2025-01-03 14:30:00+05:30,2598.9,2600.0,2592.05,2596.9,3494
2025-01-03 14:45:00+05:30,2599.25,2599.95,2595.25,2597.75,1960
2025-01-03 15:00:00+05:30,2597.75,2601.0,2593.0,2598.95,4561
2025-01-03 15:15:00+05:30,2597.85,2599.0,2593.0,2596.0,4500
2025-01-03 15:30:00+05:30,2596.0,2596.6,2579.0,2579.0,9884
2025-01-06 09:30:00+05:30,2586.05,2597.95,2514.0,2549.95,16965
2025-01-06 09:45:00+05:30,2549.95,2557.95,2540.0,2549.3,6205
2025-01-06 10:00:00+05:30,2549.3,2559.85,2545.0,2559.85,7669
2025-01-06 10:15:00+05:30,2559.85,2566.5,2545.0,2550.0,10931
2025-01-06 10:30:00+05:30,2549.5,2550.0,2541.0,2547.1,2270
2025-01-06 10:45:00+05:30,2547.1,2548.0,2531.3,2532.65,4797
2025-01-06 11:00:00+05:30,2532.65,2539.0,2521.0,2527.55,6607
2025-01-06 11:15:00+05:30,2527.55,2528.9,2499.05,2505.0,16163
2025-01-06 11:30:00+05:30,2505.0,2513.0,2501.1,2511.0,2484
2025-01-06 11:45:00+05:30,2511.0,2514.1,2505.0,2509.05,2500
2025-01-06 12:00:00+05:30,2509.05,2509.05,2489.6,2491.0,7828
2025-01-06 12:15:00+05:30,2490.8,2495.85,2485.1,2490.4,6434
2025-01-06 12:30:00+05:30,2490.0,2513.0,2488.0,2506.35,5819
2025-01-06 12:45:00+05:30,2506.35,2515.0,2505.4,2511.5,2823
2025-01-06 13:00:00+05:30,2510.75,2515.0,2506.55,2513.0,8670
2025-01-06 13:15:00+05:30,2511.65,2514.7,2508.85,2511.35,1579
2025-01-06 13:30:00+05:30,2511.35,2511.35,2503.65,2504.0,1893
2025-01-06 13:45:00+05:30,2504.0,2509.95,2500.0,2502.5,2226
2025-01-06 14:00:00+05:30,2502.5,2507.9,2475.05,2497.4,6712
2025-01-06 14:15:00+05:30,2497.4,2503.25,2491.25,2496.75,3549
2025-01-06 14:30:00+05:30,2496.75,2502.2,2495.0,2501.45,3441
2025-01-06 14:45:00+05:30,2501.45,2511.65,2485.0,2489.45,8069
2025-01-06 15:00:00+05:30,2491.95,2519.9,2491.95,2519.8,8763
2025-01-06 15:15:00+05:30,2519.7,2525.0,2513.0,2513.0,9986
2025-01-06 15:30:00+05:30,2513.0,2521.0,2510.15,2513.0,12502
2025-01-07 09:30:00+05:30,2514.85,2547.0,2514.8,2537.3,7132
2025-01-07 09:45:00+05:30,2537.3,2565.0,2533.25,2561.8,6721
2025-01-07 10:00:00+05:30,2561.8,2566.15,2536.6,2538.9,5466
2025-01-07 10:15:00+05:30,2540.0,2540.0,2523.3,2535.0,9948
2025-01-07 10:30:00+05:30,2535.0,2535.0,2516.55,2523.4,4119
2025-01-07 10:45:00+05:30,2523.4,2524.45,2519.65,2521.3,2066
2025-01-07 11:00:00+05:30,2521.3,2528.65,2520.1,2521.75,2301
2025-01-07 11:15:00+05:30,2522.65,2529.05,2520.75,2525.75,3957
2025-01-07 11:30:00+05:30,2523.6,2535.0,2521.55,2527.0,10952
2025-01-07 11:45:00+05:30,2527.0,2528.95,2523.1,2528.95,1298
2025-01-07 12:00:00+05:30,2526.5,2530.0,2524.75,2524.75,2556
2025-01-07 12:15:00+05:30,2524.4,2524.65,2520.0,2520.65,1828
2025-01-07 12:30:00+05:30,2523.55,2527.15,2518.0,2520.35,2757
2025-01-07 12:45:00+05:30,2520.35,2529.9,2520.35,2529.8,1435
2025-01-07 13:00:00+05:30,2529.8,2533.55,2523.25,2525.7,2265
2025-01-07 13:15:00+05:30,2526.35,2528.75,2525.7,2527.45,443
2025-01-07 13:30:00+05:30,2527.45,2530.0,2521.8,2529.8,1047
2025-01-07 13:45:00+05:30,2529.8,2537.95,2528.0,2537.95,3467
2025-01-07 14:00:00+05:30,2537.95,2537.95,2523.15,2525.0,2022
2025-01-07 14:15:00+05:30,2525.0,2528.05,2522.5,2525.95,671
2025-01-07 14:30:00+05:30,2525.95,2529.95,2525.0,2527.9,1438
2025-01-07 14:45:00+05:30,2527.95,2530.0,2520.0,2520.35,1816
2025-01-07 15:00:00+05:30,2520.55,2521.95,2503.0,2505.1,5214
2025-01-07 15:15:00+05:30,2506.05,2509.3,2492.05,2494.45,8261
2025-01-07 15:30:00+05:30,2494.45,2498.0,2491.0,2498.0,10991
2025-01-08 09:30:00+05:30,2496.2,2520.0,2476.1,2479.1,10100
2025-01-08 09:45:00+05:30,2475.75,2477.2,2456.6,2462.7,14880
2025-01-08 10:00:00+05:30,2462.75,2465.45,2451.0,2452.8,4171
2025-01-08 10:15:00+05:30,2453.1,2457.25,2445.05,2448.1,5184
2025-01-08 10:30:00+05:30,2449.9,2453.5,2438.6,2439.9,5923
2025-01-08 10:45:00+05:30,2440.8,2443.25,2428.75,2433.75,4912
2025-01-08 11:00:00+05:30,2433.75,2435.95,2424.95,2425.15,8346
2025-01-08 11:15:00+05:30,2425.15,2430.0,2425.15,2428.15,3425
2025-01-08 11:30:00+05:30,2428.15,2429.5,2420.05,2423.6,4760
2025-01-08 11:45:00+05:30,2423.6,2426.35,2412.05,2416.15,8929
2025-01-08 12:00:00+05:30,2416.15,2418.0,2410.0,2412.5,2109
2025-01-08 12:15:00+05:30,2412.5,2414.75,2394.05,2400.0,14625
2025-01-08 12:30:00+05:30,2400.0,2418.25,2395.0,2407.15,6271
2025-01-08 12:45:00+05:30,2407.15,2419.0,2396.75,2415.85,5958
2025-01-08 13:00:00+05:30,2415.85,2419.0,2409.5,2413.65,3666
2025-01-08 13:15:00+05:30,2413.65,2415.25,2406.0,2413.5,3204
2025-01-08 13:30:00+05:30,2413.5,2416.5,2407.0,2414.7,2238
2025-01-08 13:45:00+05:30,2414.7,2416.3,2410.0,2414.75,1772
2025-01-08 14:00:00+05:30,2414.75,2414.8,2392.2,2397.95,18831
2025-01-08 14:15:00+05:30,2399.55,2404.5,2395.35,2402.0,4341
2025-01-08 14:30:00+05:30,2403.3,2404.15,2394.0,2399.15,5764
2025-01-08 14:45:00+05:30,2399.2,2415.0,2395.3,2414.95,8920
2025-01-08 15:00:00+05:30,2414.95,2415.1,2410.55,2415.0,9464
2025-01-08 15:15:00+05:30,2415.0,2415.25,2403.0,2409.3,13357
2025-01-08 15:30:00+05:30,2409.3,2415.0,2403.5,2414.0,12877
2025-01-09 09:30:00+05:30,2425.15,2429.95,2378.8,2421.3,10334
2025-01-09 09:45:00+05:30,2421.3,2423.35,2402.95,2405.0,3048
2025-01-09 10:00:00+05:30,2405.0,2405.0,2371.3,2383.8,9556
2025-01-09 10:15:00+05:30,2386.35,2397.0,2382.15,2391.55,3638
2025-01-09 10:30:00+05:30,2391.25,2399.2,2391.1,2394.45,2128
2025-01-09 10:45:00+05:30,2394.45,2401.8,2391.1,2399.6,3845
2025-01-09 11:00:00+05:30,2396.85,2403.55,2386.25,2392.1,37391
2025-01-09 11:15:00+05:30,2392.1,2412.05,2385.45,2396.9,7984
2025-01-09 11:30:00+05:30,2396.9,2404.0,2393.0,2393.2,4521
2025-01-09 11:45:00+05:30,2393.2,2397.15,2390.0,2390.0,3829
2025-01-09 12:00:00+05:30,2390.0,2393.0,2390.0,2390.15,818
2025-01-09 12:15:00+05:30,2390.15,2392.6,2382.65,2382.9,1393
2025-01-09 12:30:00+05:30,2382.9,2393.0,2382.9,2391.95,2340
2025-01-09 12:45:00+05:30,2390.4,2400.0,2388.0,2396.45,10450
2025-01-09 13:00:00+05:30,2396.45,2404.0,2394.8,2400.05,6241
2025-01-09 13:15:00+05:30,2400.2,2403.25,2392.2,2393.85,8514
2025-01-09 13:30:00+05:30,2394.0,2395.5,2390.05,2391.65,2089
2025-01-09 13:45:00+05:30,2392.1,2396.1,2388.0,2390.0,13102
2025-01-09 14:00:00+05:30,2390.0,2396.65,2388.0,2390.0,117630
2025-01-09 14:15:00+05:30,2391.8,2400.0,2388.0,2388.1,13314
2025-01-09 14:30:00+05:30,2388.6,2395.2,2388.0,2389.9,4942
2025-01-09 14:45:00+05:30,2389.9,2390.0,2388.1,2388.85,1752
2025-01-09 15:00:00+05:30,2388.75,2390.0,2388.0,2388.95,7695
2025-01-09 15:15:00+05:30,2388.25,2390.0,2387.8,2388.35,6920
2025-01-09 15:30:00+05:30,2388.35,2390.0,2388.0,2388.0,13004
2025-01-10 09:30:00+05:30,2380.0,2389.7,2341.35,2344.4,8097
2025-01-10 09:45:00+05:30,2344.4,2351.4,2332.55,2345.5,12511
2025-01-10 10:00:00+05:30,2346.85,2350.8,2307.0,2308.0,15290
2025-01-10 10:15:00+05:30,2308.0,2332.0,2300.05,2328.8,16984
2025-01-10 10:30:00+05:30,2328.8,2332.9,2318.65,2320.0,6280
2025-01-10 10:45:00+05:30,2320.0,2332.7,2320.0,2331.2,3181
2025-01-10 11:00:00+05:30,2331.2,2333.0,2325.0,2328.95,1640
2025-01-10 11:15:00+05:30,2326.95,2337.0,2325.0,2327.6,1885
2025-01-10 11:30:00+05:30,2327.0,2332.65,2322.55,2326.55,2803
2025-01-10 11:45:00+05:30,2326.55,2331.6,2320.4,2320.4,4044
2025-01-10 12:00:00+05:30,2320.4,2321.95,2312.05,2315.35,3725
2025-01-10 12:15:00+05:30,2315.35,2316.55,2306.85,2313.7,2970
2025-01-10 12:30:00+05:30,2310.6,2318.95,2310.6,2316.25,2256
2025-01-10 12:45:00+05:30,2316.25,2316.25,2301.0,2312.3,1895
2025-01-10 13:00:00+05:30,2312.3,2313.2,2305.55,2307.6,1065
2025-01-10 13:15:00+05:30,2307.6,2311.3,2305.45,2306.05,1125
2025-01-10 13:30:00+05:30,2306.05,2310.25,2302.0,2303.15,1696
2025-01-10 13:45:00+05:30,2303.15,2303.15,2287.0,2300.0,10825
2025-01-10 14:00:00+05:30,2300.0,2300.6,2289.3,2290.4,4268
2025-01-10 14:15:00+05:30,2290.4,2300.0,2285.1,2286.55,4113
2025-01-10 14:30:00+05:30,2286.55,2290.95,2285.0,2287.6,2524
2025-01-10 14:45:00+05:30,2287.6,2299.0,2285.6,2290.2,3027
2025-01-10 15:00:00+05:30,2290.2,2300.15,2290.2,2298.25,10032
2025-01-10 15:15:00+05:30,2298.5,2299.85,2280.0,2280.0,14436
2025-01-10 15:30:00+05:30,2280.0,2282.85,2269.95,2280.0,21169
2025-01-13 09:30:00+05:30,2235.3,2235.3,2211.3,2224.0,27492
2025-01-13 09:45:00+05:30,2225.25,2253.55,2215.3,2235.0,15293
2025-01-13 10:00:00+05:30,2233.35,2240.0,2222.1,2226.0,6251
2025-01-13 10:15:00+05:30,2226.0,2235.6,2209.0,2228.55,12956
2025-01-13 10:30:00+05:30,2228.9,2235.0,2212.0,2223.05,7004
2025-01-13 10:45:00+05:30,2221.1,2227.8,2212.55,2224.6,4069
2025-01-13 11:00:00+05:30,2226.85,2238.2,2215.65,2224.75,8826
2025-01-13 11:15:00+05:30,2224.75,2228.7,2217.0,2218.9,2509
2025-01-13 11:30:00+05:30,2218.9,2222.4,2205.1,2206.5,3840
2025-01-13 11:45:00+05:30,2206.1,2208.0,2201.0,2201.25,3592
2025-01-13 12:00:00+05:30,2201.25,2204.0,2193.4,2200.0,4486
2025-01-13 12:15:00+05:30,2198.65,2200.0,2190.65,2194.05,2353
2025-01-13 12:30:00+05:30,2194.1,2198.0,2187.05,2192.55,3766
2025-01-13 12:45:00+05:30,2192.55,2196.2,2186.0,2192.6,2514
2025-01-13 13:00:00+05:30,2192.6,2193.95,2185.0,2187.45,2042
2025-01-13 13:15:00+05:30,2187.45,2191.2,2179.2,2182.7,3304
2025-01-13 13:30:00+05:30,2180.05,2189.9,2177.3,2187.9,2282
2025-01-13 13:45:00+05:30,2188.25,2193.25,2182.45,2185.4,2568
2025-01-13 14:00:00+05:30,2184.8,2185.7,2169.65,2182.3,14458
2025-01-13 14:15:00+05:30,2182.3,2185.5,2165.05,2172.65,33430
2025-01-13 14:30:00+05:30,2170.8,2175.7,2163.05,2165.15,6512
2025-01-13 14:45:00+05:30,2164.9,2165.0,2147.85,2160.65,17568
2025-01-13 15:00:00+05:30,2162.8,2165.95,2148.3,2159.25,27530
2025-01-13 15:15:00+05:30,2159.75,2175.0,2148.0,2164.95,25365
2025-01-13 15:30:00+05:30,2164.95,2170.7,2152.15,2165.0,22514
2025-01-14 09:30:00+05:30,2160.0,2178.9,2131.55,2166.7,52544
2025-01-14 09:45:00+05:30,2167.95,2180.0,2151.35,2159.05,27434
2025-01-14 10:00:00+05:30,2159.05,2159.05,2123.3,2123.3,12694
2025-01-14 10:15:00+05:30,2123.1,2128.35,2113.65,2125.4,17996
2025-01-14 10:30:00+05:30,2125.35,2125.65,2114.9,2121.5,9198
2025-01-14 10:45:00+05:30,2119.55,2131.7,2117.1,2123.3,6486
2025-01-14 11:00:00+05:30,2123.6,2149.0,2118.05,2145.0,15351
2025-01-14 11:15:00+05:30,2145.0,2157.55,2142.0,2156.95,36548
2025-01-14 11:30:00+05:30,2154.6,2202.75,2151.1,2198.8,18254
2025-01-14 11:45:00+05:30,2199.25,2208.55,2176.9,2182.75,29683
2025-01-14 12:00:00+05:30,2181.65,2189.3,2173.0,2178.8,9102
2025-01-14 12:15:00+05:30,2178.8,2195.45,2173.5,2185.05,14686
2025-01-14 12:30:00+05:30,2185.0,2187.05,2175.0,2175.0,8124
2025-01-14 12:45:00+05:30,2175.0,2195.9,2172.5,2184.15,13906
2025-01-14 13:00:00+05:30,2184.4,2186.0,2178.05,2181.0,9148
2025-01-14 13:15:00+05:30,2181.0,2181.0,2161.25,2162.25,15592
2025-01-14 13:30:00+05:30,2162.25,2162.6,2154.8,2159.9,7172
2025-01-14 13:45:00+05:30,2159.9,2163.1,2148.5,2159.75,12837
2025-01-14 14:00:00+05:30,2159.75,2160.0,2152.1,2157.95,7565
2025-01-14 14:15:00+05:30,2157.55,2163.7,2151.0,2159.75,8318
2025-01-14 14:30:00+05:30,2159.75,2162.4,2156.7,2159.95,7246
2025-01-14 14:45:00+05:30,2160.0,2160.0,2156.9,2159.75,5673
2025-01-14 15:00:00+05:30,2159.9,2164.8,2148.45,2149.75,13641
2025-01-14 15:15:00+05:30,2149.75,2159.4,2142.0,2156.35,21048
2025-01-14 15:30:00+05:30,2155.85,2160.0,2145.0,2160.0,32926
2025-01-15 09:30:00+05:30,2166.8,2230.0,2166.8,2184.55,28583
2025-01-15 09:45:00+05:30,2184.55,2187.75,2179.05,2182.0,12362
2025-01-15 10:00:00+05:30,2181.05,2183.0,2160.3,2166.4,6238
2025-01-15 10:15:00+05:30,2166.4,2171.95,2152.1,2159.25,5855
2025-01-15 10:30:00+05:30,2159.25,2171.1,2157.35,2166.4,7082
2025-01-15 10:45:00+05:30,2166.4,2180.55,2160.35,2177.55,8441
2025-01-15 11:00:00+05:30,2177.55,2190.0,2175.0,2187.0,5567
2025-01-15 11:15:00+05:30,2187.0,2190.0,2169.5,2172.85,5012
2025-01-15 11:30:00+05:30,2174.9,2181.05,2173.3,2177.95,3305
2025-01-15 11:45:00+05:30,2177.95,2180.9,2175.0,2180.9,2383
2025-01-15 12:00:00+05:30,2183.2,2199.6,2178.3,2198.0,3781
2025-01-15 12:15:00+05:30,2199.95,2200.0,2186.25,2187.0,8076
2025-01-15 12:30:00+05:30,2188.2,2188.45,2181.1,2185.8,2849
2025-01-15 12:45:00+05:30,2185.8,2195.65,2185.35,2195.6,3061
2025-01-15 13:00:00+05:30,2195.6,2202.2,2194.6,2202.2,8016
2025-01-15 13:15:00+05:30,2201.0,2206.0,2192.0,2194.3,7853
2025-01-15 13:30:00+05:30,2194.3,2196.55,2181.25,2182.95,4966
2025-01-15 13:45:00+05:30,2182.95,2205.2,2180.0,2198.05,15149
2025-01-15 14:00:00+05:30,2198.05,2198.7,2192.25,2195.9,2624
2025-01-15 14:15:00+05:30,2197.9,2200.0,2193.45,2199.2,5764
2025-01-15 14:30:00+05:30,2199.2,2200.0,2195.35,2198.95,4519
2025-01-15 14:45:00+05:30,2198.4,2211.1,2196.65,2204.7,29071
2025-01-15 15:00:00+05:30,2204.55,2204.55,2190.45,2201.55,13813
2025-01-15 15:15:00+05:30,2202.4,2216.0,2198.55,2206.0,23295
2025-01-15 15:30:00+05:30,2206.0,2215.0,2186.2,2202.0,28470
2025-01-16 09:30:00+05:30,2250.0,2256.0,2218.0,2219.0,18444
2025-01-16 09:45:00+05:30,2217.25,2221.3,2203.05,2214.3,12341
2025-01-16 10:00:00+05:30,2213.55,2213.55,2201.0,2201.1,5260
2025-01-16 10:15:00+05:30,2201.1,2202.0,2192.2,2197.95,4352
2025-01-16 10:30:00+05:30,2197.95,2207.0,2192.2,2207.0,6018
2025-01-16 10:45:00+05:30,2207.0,2213.0,2203.1,2206.7,4970
2025-01-16 11:00:00+05:30,2206.7,2212.0,2201.0,2208.5,5276
2025-01-16 11:15:00+05:30,2208.05,2208.75,2205.0,2207.7,2405
2025-01-16 11:30:00+05:30,2207.7,2208.15,2202.4,2205.15,2850
2025-01-16 11:45:00+05:30,2205.15,2210.0,2202.0,2209.0,2734
2025-01-16 12:00:00+05:30,2208.15,2209.0,2204.25,2205.1,1136
2025-01-16 12:15:00+05:30,2204.0,2208.05,2202.65,2203.45,1550
2025-01-16 12:30:00+05:30,2203.45,2207.9,2202.1,2204.0,1441
2025-01-16 12:45:00+05:30,2202.35,2210.0,2200.1,2208.3,72569
2025-01-16 13:00:00+05:30,2208.95,2208.95,2205.0,2205.3,2435
2025-01-16 13:15:00+05:30,2205.3,2205.45,2204.15,2205.45,2693
2025-01-16 13:30:00+05:30,2205.45,2225.95,2204.8,2208.7,6792
2025-01-16 13:45:00+05:30,2208.7,2209.45,2206.1,2208.0,1093
2025-01-16 14:00:00+05:30,2208.0,2210.9,2196.1,2198.45,2732
2025-01-16 14:15:00+05:30,2198.45,2205.0,2198.45,2201.5,2165
2025-01-16 14:30:00+05:30,2201.5,2211.0,2197.5,2207.85,6199
2025-01-16 14:45:00+05:30,2207.85,2210.55,2198.0,2200.0,7324
2025-01-16 15:00:00+05:30,2200.0,2201.4,2196.8,2199.9,3541
2025-01-16 15:15:00+05:30,2199.9,2201.4,2195.65,2199.0,9441
2025-01-16 15:30:00+05:30,2199.0,2200.0,2193.3,2199.95,11844
2025-01-17 09:30:00+05:30,2213.4,2213.4,2192.0,2196.6,6659
2025-01-17 09:45:00+05:30,2196.55,2198.55,2187.05,2192.45,4045
2025-01-17 10:00:00+05:30,2192.75,2208.75,2192.2,2198.9,7031
2025-01-17 10:15:00+05:30,2198.95,2202.9,2195.95,2199.35,2346
2025-01-17 10:30:00+05:30,2199.35,2212.95,2196.8,2211.25,2880
2025-01-17 10:45:00+05:30,2210.9,2226.45,2210.05,2225.1,5708
2025-01-17 11:00:00+05:30,2225.95,2228.45,2203.55,2208.35,4286
2025-01-17 11:15:00+05:30,2208.35,2217.5,2206.15,2212.15,3014
2025-01-17 11:30:00+05:30,2213.25,2216.0,2202.2,2206.1,2052
2025-01-17 11:45:00+05:30,2206.1,2211.3,2204.5,2209.15,1312
2025-01-17 12:00:00+05:30,2207.35,2210.35,2204.0,2208.0,1872
2025-01-17 12:15:00+05:30,2208.7,2228.0,2205.0,2224.25,3344
2025-01-17 12:30:00+05:30,2221.9,2228.65,2218.75,2228.65,4715
2025-01-17 12:45:00+05:30,2229.3,2239.0,2228.0,2239.0,7138
2025-01-17 13:00:00+05:30,2239.0,2246.95,2225.75,2225.75,9713
2025-01-17 13:15:00+05:30,2227.0,2229.9,2222.0,2226.7,4075
2025-01-17 13:30:00+05:30,2229.25,2229.25,2221.15,2226.45,1906
2025-01-17 13:45:00+05:30,2226.45,2231.1,2221.3,2230.65,4860
2025-01-17 14:00:00+05:30,2230.65,2232.9,2221.6,2225.0,5323
2025-01-17 14:15:00+05:30,2225.0,2238.25,2225.0,2229.7,3146
2025-01-17 14:30:00+05:30,2229.7,2232.55,2225.1,2230.95,3596
2025-01-17 14:45:00+05:30,2229.35,2235.15,2228.2,2233.95,4068
2025-01-17 15:00:00+05:30,2234.2,2262.95,2233.2,2262.75,11288
2025-01-17 15:15:00+05:30,2263.0,2282.75,2250.05,2273.4,34387
2025-01-17 15:30:00+05:30,2273.4,2309.0,2271.0,2301.0,54470
2025-01-20 09:30:00+05:30,2283.5,2355.0,2271.6,2288.7,15827
2025-01-20 09:45:00+05:30,2290.3,2299.85,2284.0,2289.45,3359
2025-01-20 10:00:00+05:30,2289.05,2290.3,2276.05,2278.15,3208
2025-01-20 10:15:00+05:30,2276.05,2289.6,2269.9,2288.65,3369
2025-01-20 10:30:00+05:30,2288.65,2295.5,2287.55,2293.95,2598
2025-01-20 10:45:00+05:30,2293.95,2298.5,2265.15,2269.65,5060
2025-01-20 11:00:00+05:30,2269.65,2275.95,2266.8,2269.75,2626
2025-01-20 11:15:00+05:30,2269.75,2277.95,2268.75,2275.45,2595
2025-01-20 11:30:00+05:30,2273.0,2287.4,2273.0,2286.35,2988
2025-01-20 11:45:00+05:30,2286.6,2288.45,2282.0,2283.9,2441
2025-01-20 12:00:00+05:30,2285.55,2324.95,2281.0,2312.1,10731
2025-01-20 12:15:00+05:30,2312.15,2324.9,2307.1,2324.0,6871
2025-01-20 12:30:00+05:30,2324.0,2329.3,2310.0,2327.8,5382
2025-01-20 12:45:00+05:30,2329.3,2331.8,2323.5,2327.05,5355
2025-01-20 13:00:00+05:30,2327.05,2338.6,2327.05,2334.0,3918
2025-01-20 13:15:00+05:30,2335.0,2348.45,2335.0,2342.6,8212
2025-01-20 13:30:00+05:30,2342.6,2342.6,2328.9,2335.15,5064
2025-01-20 13:45:00+05:30,2336.35,2336.7,2325.0,2326.9,4032
2025-01-20 14:00:00+05:30,2326.9,2352.0,2325.0,2351.95,5730
2025-01-20 14:15:00+05:30,2351.95,2364.0,2351.65,2358.9,10288
2025-01-20 14:30:00+05:30,2358.9,2365.0,2350.65,2353.0,5745
2025-01-20 14:45:00+05:30,2353.0,2358.85,2352.6,2353.0,3098
2025-01-20 15:00:00+05:30,2353.0,2362.1,2346.85,2349.95,13466
2025-01-20 15:15:00+05:30,2349.95,2354.1,2342.75,2349.95,26136
2025-01-20 15:30:00+05:30,2349.7,2355.0,2335.5,2340.0,24897
2025-01-21 09:30:00+05:30,2354.6,2358.1,2329.4,2330.0,10071
2025-01-21 09:45:00+05:30,2330.0,2334.85,2320.0,2328.4,6615
2025-01-21 10:00:00+05:30,2328.4,2333.75,2314.15,2314.95,2975
2025-01-21 10:15:00+05:30,2314.15,2323.65,2309.0,2317.2,5390
2025-01-21 10:30:00+05:30,2316.9,2316.9,2305.0,2307.2,2983
2025-01-21 10:45:00+05:30,2304.4,2311.9,2298.0,2310.2,12027
2025-01-21 11:00:00+05:30,2310.2,2315.0,2306.0,2307.7,1239
2025-01-21 11:15:00+05:30,2307.1,2311.5,2298.25,2300.0,3056
2025-01-21 11:30:00+05:30,2300.0,2303.4,2298.1,2300.35,6175
2025-01-21 11:45:00+05:30,2301.0,2303.85,2299.0,2301.65,4311
2025-01-21 12:00:00+05:30,2301.05,2306.3,2299.9,2299.9,6556
2025-01-21 12:15:00+05:30,2300.75,2307.0,2299.55,2300.0,3848
2025-01-21 12:30:00+05:30,2300.0,2301.75,2291.0,2292.85,20762
2025-01-21 12:45:00+05:30,2292.85,2295.45,2285.35,2289.2,2833
2025-01-21 13:00:00+05:30,2289.2,2291.1,2288.0,2289.45,1225
2025-01-21 13:15:00+05:30,2289.45,2293.4,2287.85,2289.15,2938
2025-01-21 13:30:00+05:30,2289.15,2290.0,2283.8,2289.25,1660
2025-01-21 13:45:00+05:30,2289.25,2290.0,2285.1,2289.1,705
2025-01-21 14:00:00+05:30,2289.1,2289.95,2275.65,2277.75,2103
2025-01-21 14:15:00+05:30,2276.05,2290.95,2275.8,2285.05,34208
2025-01-21 14:30:00+05:30,2285.05,2285.95,2283.0,2284.5,1011
2025-01-21 14:45:00+05:30,2284.5,2285.0,2282.8,2284.0,4867
2025-01-21 15:00:00+05:30,2284.0,2287.05,2281.5,2283.05,3635
2025-01-21 15:15:00+05:30,2286.65,2286.65,2282.7,2284.4,4434
2025-01-21 15:30:00+05:30,2283.05,2287.0,2283.0,2283.85,9716
2025-01-22 09:30:00+05:30,2284.75,2289.35,2230.0,2240.1,9793
2025-01-22 09:45:00+05:30,2240.55,2242.75,2226.0,2234.95,5461
2025-01-22 10:00:00+05:30,2234.95,2238.4,2228.7,2233.0,3304
2025-01-22 10:15:00+05:30,2232.35,2242.25,2228.5,2230.0,4669
2025-01-22 10:30:00+05:30,2230.0,2243.4,2228.9,2243.4,4958
2025-01-22 10:45:00+05:30,2242.7,2243.35,2237.9,2240.0,10330
2025-01-22 11:00:00+05:30,2240.0,2240.0,2230.55,2232.05,5594
2025-01-22 11:15:00+05:30,2230.6,2239.1,2206.55,2210.75,8170
2025-01-22 11:30:00+05:30,2210.75,2224.95,2208.3,2216.95,3667
2025-01-22 11:45:00+05:30,2216.95,2217.9,2201.0,2204.4,4022
2025-01-22 12:00:00+05:30,2204.4,2223.95,2202.4,2215.9,3729
2025-01-22 12:15:00+05:30,2215.9,2218.55,2204.4,2205.6,2008
2025-01-22 12:30:00+05:30,2205.6,2207.95,2197.45,2199.05,4117
2025-01-22 12:45:00+05:30,2201.5,2204.7,2190.2,2191.75,3266
2025-01-22 13:00:00+05:30,2191.55,2193.35,2185.0,2189.85,5356
2025-01-22 13:15:00+05:30,2188.15,2188.15,2174.95,2175.0,8613
2025-01-22 13:30:00+05:30,2175.05,2189.35,2170.0,2174.45,5001
2025-01-22 13:45:00+05:30,2173.65,2176.45,2166.0,2167.15,6186
2025-01-22 14:00:00+05:30,2167.15,2175.8,2162.25,2169.05,5668
2025-01-22 14:15:00+05:30,2168.95,2180.0,2167.6,2176.1,5155
2025-01-22 14:30:00+05:30,2176.5,2184.9,2175.4,2181.4,4893
2025-01-22 14:45:00+05:30,2181.3,2196.85,2176.05,2187.1,6972
2025-01-22 15:00:00+05:30,2187.1,2209.15,2183.1,2206.55,8910
2025-01-22 15:15:00+05:30,2209.45,2220.2,2185.55,2213.85,51273
2025-01-22 15:30:00+05:30,2213.85,2219.95,2195.0,2195.0,52654
2025-01-23 09:30:00+05:30,2197.0,2202.2,2176.55,2188.7,7134
2025-01-23 09:45:00+05:30,2188.7,2222.5,2185.5,2217.0,6662
2025-01-23 10:00:00+05:30,2217.0,2229.95,2211.6,2213.35,3585
2025-01-23 10:15:00+05:30,2213.35,2222.85,2211.7,2215.4,2352
2025-01-23 10:30:00+05:30,2217.05,2228.15,2209.0,2224.05,3122
2025-01-23 10:45:00+05:30,2225.2,2225.85,2220.4,2221.75,1472
2025-01-23 11:00:00+05:30,2221.75,2223.6,2212.55,2219.15,1648
2025-01-23 11:15:00+05:30,2219.15,2240.6,2219.15,2236.5,4476
2025-01-23 11:30:00+05:30,2236.35,2245.45,2233.95,2241.9,6974
2025-01-23 11:45:00+05:30,2241.9,2249.45,2236.55,2246.95,3192
2025-01-23 12:00:00+05:30,2245.25,2248.3,2238.0,2239.8,3853
2025-01-23 12:15:00+05:30,2239.8,2242.0,2238.0,2238.0,2845
2025-01-23 12:30:00+05:30,2238.0,2242.35,2237.05,2238.65,2460
2025-01-23 12:45:00+05:30,2238.65,2242.05,2238.4,2239.05,3106
2025-01-23 13:00:00+05:30,2239.55,2242.95,2238.6,2238.6,2712
2025-01-23 13:15:00+05:30,2238.6,2242.95,2237.15,2239.15,2753
2025-01-23 13:30:00+05:30,2240.0,2241.55,2236.05,2238.2,2930
2025-01-23 13:45:00+05:30,2239.0,2241.95,2238.2,2240.0,3305
2025-01-23 14:00:00+05:30,2240.0,2248.05,2237.85,2244.15,6536
2025-01-23 14:15:00+05:30,2243.45,2247.7,2243.35,2244.75,3296
2025-01-23 14:30:00+05:30,2244.75,2247.65,2234.6,2235.0,3759
2025-01-23 14:45:00+05:30,2235.0,2239.05,2233.05,2237.65,3217
2025-01-23 15:00:00+05:30,2235.4,2240.55,2225.65,2229.15,5346
2025-01-23 15:15:00+05:30,2229.15,2240.0,2226.5,2231.5,4534
2025-01-23 15:30:00+05:30,2229.95,2236.45,2225.0,2230.0,7307
2025-01-24 09:30:00+05:30,2250.4,2257.0,2216.9,2222.35,7871
2025-01-24 09:45:00+05:30,2220.05,2240.45,2220.05,2234.0,4358
2025-01-24 10:00:00+05:30,2234.0,2234.0,2215.85,2220.65,12627
2025-01-24 10:15:00+05:30,2222.0,2222.0,2211.05,2214.2,4682
2025-01-24 10:30:00+05:30,2214.2,2214.9,2201.15,2206.75,3010
2025-01-24 10:45:00+05:30,2206.75,2207.95,2197.9,2203.0,4806
2025-01-24 11:00:00+05:30,2203.0,2206.7,2202.5,2203.35,1200
2025-01-24 11:15:00+05:30,2206.1,2206.5,2200.55,2204.35,1102
2025-01-24 11:30:00+05:30,2204.35,2213.25,2204.3,2212.9,1229
2025-01-24 11:45:00+05:30,2213.25,2213.85,2208.1,2209.8,1558
2025-01-24 12:00:00+05:30,2209.8,2210.3,2199.0,2200.0,3093
2025-01-24 12:15:00+05:30,2200.0,2200.0,2197.0,2198.75,468
2025-01-24 12:30:00+05:30,2198.75,2216.95,2195.0,2208.05,4592
2025-01-24 12:45:00+05:30,2208.05,2209.7,2196.0,2199.0,1984
2025-01-24 13:00:00+05:30,2199.0,2213.25,2197.1,2199.8,3522
2025-01-24 13:15:00+05:30,2199.8,2207.1,2199.6,2203.9,4169
2025-01-24 13:30:00+05:30,2202.45,2205.5,2199.8,2205.5,3835
2025-01-24 13:45:00+05:30,2205.5,2205.5,2200.0,2201.55,3613
2025-01-24 14:00:00+05:30,2201.55,2203.95,2199.55,2201.3,6881
2025-01-24 14:15:00+05:30,2201.3,2203.65,2198.95,2199.9,5522
2025-01-24 14:30:00+05:30,2199.9,2204.85,2199.05,2202.15,3981
2025-01-24 14:45:00+05:30,2202.15,2205.05,2200.0,2201.4,4826
2025-01-24 15:00:00+05:30,2201.4,2213.8,2195.35,2213.0,17319
2025-01-24 15:15:00+05:30,2213.0,2213.25,2210.0,2210.55,9998
2025-01-24 15:30:00+05:30,2211.8,2212.0,2209.05,2210.1,10477
2025-01-27 09:30:00+05:30,2167.3,2187.4,2143.95,2149.75,14641
2025-01-27 09:45:00+05:30,2149.75,2153.95,2131.05,2143.8,8642
2025-01-27 10:00:00+05:30,2141.2,2149.7,2121.15,2125.15,7942
2025-01-27 10:15:00+05:30,2124.05,2129.6,2115.45,2119.1,5665
2025-01-27 10:30:00+05:30,2119.1,2119.1,2101.0,2102.0,6969
2025-01-27 10:45:00+05:30,2103.0,2105.25,2090.0,2101.8,7175
2025-01-27 11:00:00+05:30,2101.35,2111.0,2100.0,2100.2,37627
2025-01-27 11:15:00+05:30,2095.1,2105.6,2095.1,2100.2,5101
2025-01-27 11:30:00+05:30,2100.1,2109.1,2100.0,2106.75,2720
2025-01-27 11:45:00+05:30,2105.55,2109.95,2100.0,2101.0,10949
2025-01-27 12:00:00+05:30,2101.0,2111.95,2101.0,2109.55,3574
2025-01-27 12:15:00+05:30,2109.55,2115.0,2107.0,2108.1,3715
2025-01-27 12:30:00+05:30,2108.05,2115.0,2105.0,2106.75,17419
2025-01-27 12:45:00+05:30,2106.75,2108.8,2102.1,2105.75,2596
2025-01-27 13:00:00+05:30,2102.7,2104.45,2100.0,2100.85,15220
2025-01-27 13:15:00+05:30,2102.65,2120.75,2100.0,2112.2,8746
2025-01-27 13:30:00+05:30,2113.65,2116.35,2110.0,2111.4,3146
2025-01-27 13:45:00+05:30,2110.1,2113.75,2101.7,2102.7,10527
2025-01-27 14:00:00+05:30,2102.9,2105.95,2100.0,2100.45,5206
2025-01-27 14:15:00+05:30,2100.1,2106.9,2099.05,2104.4,11107
2025-01-27 14:30:00+05:30,2102.85,2106.3,2098.0,2100.8,14595
2025-01-27 14:45:00+05:30,2100.8,2102.65,2100.0,2100.75,4677
2025-01-27 15:00:00+05:30,2100.8,2137.3,2098.25,2131.65,36704
2025-01-27 15:15:00+05:30,2133.1,2153.3,2130.25,2141.8,28427
2025-01-27 15:30:00+05:30,2141.85,2152.65,2105.0,2105.0,15624
2025-01-28 09:30:00+05:30,2138.35,2152.4,2099.15,2104.05,13397
2025-01-28 09:45:00+05:30,2104.05,2106.85,2090.45,2092.0,5858
2025-01-28 10:00:00+05:30,2092.0,2103.5,2080.4,2094.25,7872
2025-01-28 10:15:00+05:30,2099.95,2102.05,2091.35,2095.9,5820
2025-01-28 10:30:00+05:30,2098.9,2103.9,2089.15,2101.75,4470
2025-01-28 10:45:00+05:30,2101.75,2103.3,2085.0,2098.75,8337
2025-01-28 11:00:00+05:30,2100.4,2100.4,2086.6,2097.05,4149
2025-01-28 11:15:00+05:30,2097.05,2098.9,2070.85,2073.95,4911
2025-01-28 11:30:00+05:30,2073.95,2076.35,2065.65,2075.7,4029
2025-01-28 11:45:00+05:30,2075.7,2076.55,2069.9,2074.25,3096
2025-01-28 12:00:00+05:30,2074.25,2079.45,2073.15,2076.2,21352
2025-01-28 12:15:00+05:30,2076.2,2077.6,2073.05,2075.8,11464
2025-01-28 12:30:00+05:30,2075.8,2081.75,2074.35,2079.25,12474
2025-01-28 12:45:00+05:30,2079.25,2105.8,2075.0,2104.6,11181
2025-01-28 13:00:00+05:30,2104.6,2122.6,2103.3,2114.15,7346
2025-01-28 13:15:00+05:30,2114.15,2128.05,2113.9,2118.65,7376
2025-01-28 13:30:00+05:30,2117.0,2124.4,2116.85,2120.15,6894
2025-01-28 13:45:00+05:30,2120.15,2124.75,2116.15,2123.5,5848
2025-01-28 14:00:00+05:30,2123.5,2125.0,2121.55,2122.7,3596
2025-01-28 14:15:00+05:30,2122.7,2126.25,2120.65,2125.8,4923
2025-01-28 14:30:00+05:30,2125.8,2128.5,2122.65,2127.5,4806
2025-01-28 14:45:00+05:30,2127.5,2129.0,2120.05,2123.0,5665
2025-01-28 15:00:00+05:30,2123.0,2125.5,2111.85,2122.0,10915
2025-01-28 15:15:00+05:30,2122.0,2122.65,2100.0,2110.65,12465
2025-01-28 15:30:00+05:30,2112.4,2127.1,2097.05,2120.0,21793
2025-01-29 09:30:00+05:30,2115.1,2138.65,2107.45,2119.0,5265
2025-01-29 09:45:00+05:30,2119.0,2131.5,2118.85,2129.7,1418
2025-01-29 10:00:00+05:30,2132.55,2150.05,2126.0,2140.35,7501
2025-01-29 10:15:00+05:30,2140.85,2154.3,2135.05,2150.55,7716
2025-01-29 10:30:00+05:30,2150.55,2167.6,2150.0,2156.45,6337
2025-01-29 10:45:00+05:30,2156.45,2167.75,2156.45,2165.35,3069
2025-01-29 11:00:00+05:30,2165.35,2180.0,2163.15,2176.95,4671
2025-01-29 11:15:00+05:30,2176.95,2190.6,2170.95,2187.0,4958
2025-01-29 11:30:00+05:30,2187.75,2199.0,2184.0,2189.3,9164
2025-01-29 11:45:00+05:30,2189.2,2212.35,2175.05,2188.85,18007
2025-01-29 12:00:00+05:30,2188.85,2209.35,2186.1,2208.25,10578
2025-01-29 12:15:00+05:30,2208.25,2211.0,2195.95,2206.2,5480
2025-01-29 12:30:00+05:30,2206.2,2209.95,2190.6,2193.2,6560
2025-01-29 12:45:00+05:30,2193.2,2202.55,2180.05,2183.2,7163
2025-01-29 13:00:00+05:30,2183.2,2189.2,2181.8,2186.85,4712
2025-01-29 13:15:00+05:30,2188.55,2190.3,2180.0,2182.25,3201
2025-01-29 13:30:00+05:30,2182.25,2187.15,2180.55,2181.3,2842
2025-01-29 13:45:00+05:30,2181.3,2184.05,2167.35,2175.95,5493
2025-01-29 14:00:00+05:30,2176.0,2180.0,2174.05,2178.25,3137
2025-01-29 14:15:00+05:30,2178.25,2180.75,2174.0,2177.35,3608
2025-01-29 14:30:00+05:30,2177.35,2204.0,2151.55,2169.6,124651
2025-01-29 14:45:00+05:30,2170.0,2185.0,2155.45,2166.0,90841
2025-01-29 15:00:00+05:30,2166.0,2175.3,2156.0,2166.35,14377
2025-01-29 15:15:00+05:30,2166.0,2172.85,2155.05,2155.25,15756
2025-01-29 15:30:00+05:30,2155.9,2162.15,2125.0,2150.0,31983
2025-01-30 09:30:00+05:30,2154.35,2243.25,2154.35,2208.6,59992
2025-01-30 09:45:00+05:30,2208.6,2210.3,2185.15,2198.75,14799
2025-01-30 10:00:00+05:30,2198.75,2201.75,2198.0,2199.7,6652
2025-01-30 10:15:00+05:30,2199.7,2207.0,2199.05,2200.0,5885
2025-01-30 10:30:00+05:30,2200.0,2200.0,2186.85,2186.85,2774
2025-01-30 10:45:00+05:30,2189.75,2195.0,2168.0,2178.0,3780
2025-01-30 11:00:00+05:30,2178.0,2182.0,2166.75,2170.6,3304
2025-01-30 11:15:00+05:30,2170.6,2199.8,2169.0,2195.85,11264
2025-01-30 11:30:00+05:30,2195.8,2199.05,2189.4,2195.15,2904
2025-01-30 11:45:00+05:30,2195.15,2195.15,2180.3,2183.55,2760
2025-01-30 12:00:00+05:30,2183.55,2187.95,2177.45,2187.35,2775
2025-01-30 12:15:00+05:30,2187.35,2187.75,2182.25,2186.35,1620
2025-01-30 12:30:00+05:30,2186.35,2188.0,2182.15,2186.15,2437
2025-01-30 12:45:00+05:30,2184.85,2197.95,2184.8,2197.65,3528
2025-01-30 13:00:00+05:30,2197.65,2197.65,2188.9,2194.1,2450
2025-01-30 13:15:00+05:30,2194.1,2201.35,2192.2,2199.95,20053
2025-01-30 13:30:00+05:30,2200.0,2200.85,2196.9,2199.95,12184
2025-01-30 13:45:00+05:30,2199.95,2209.4,2197.95,2200.0,10095
2025-01-30 14:00:00+05:30,2199.45,2201.15,2197.2,2199.95,8511
2025-01-30 14:15:00+05:30,2199.95,2225.45,2197.0,2200.0,13861
2025-01-30 14:30:00+05:30,2200.0,2201.2,2198.0,2200.0,7661
2025-01-30 14:45:00+05:30,2200.0,2200.9,2198.0,2200.0,11391
2025-01-30 15:00:00+05:30,2200.0,2200.9,2199.0,2200.0,8225
2025-01-30 15:15:00+05:30,2200.0,2200.0,2189.9,2199.0,7914
2025-01-30 15:30:00+05:30,2199.0,2200.0,2190.05,2196.85,15802
2025-01-31 09:30:00+05:30,2203.35,2222.0,2167.25,2170.35,8049
2025-01-31 09:45:00+05:30,2167.85,2190.55,2167.55,2189.65,6902
2025-01-31 10:00:00+05:30,2189.65,2206.45,2185.0,2197.9,8801
2025-01-31 10:15:00+05:30,2197.9,2198.05,2180.65,2182.45,2317
2025-01-31 10:30:00+05:30,2182.45,2189.95,2179.4,2184.5,2720
2025-01-31 10:45:00+05:30,2184.5,2184.65,2172.9,2176.8,3041
2025-01-31 11:00:00+05:30,2176.8,2179.35,2168.0,2169.85,4260
2025-01-31 11:15:00+05:30,2169.85,2177.0,2168.75,2174.75,3438
2025-01-31 11:30:00+05:30,2174.75,2178.2,2169.0,2177.8,4163
2025-01-31 11:45:00+05:30,2177.8,2182.7,2171.95,2182.0,1856
2025-01-31 12:00:00+05:30,2182.0,2190.8,2182.0,2190.0,4633
2025-01-31 12:15:00+05:30,2190.0,2190.0,2186.2,2189.85,2025
2025-01-31 12:30:00+05:30,2189.85,2190.0,2180.5,2181.7,2607
2025-01-31 12:45:00+05:30,2181.7,2189.0,2180.05,2188.8,1657
2025-01-31 13:00:00+05:30,2188.9,2189.0,2176.65,2183.4,1705
2025-01-31 13:15:00+05:30,2183.4,2186.7,2175.55,2178.15,2398
2025-01-31 13:30:00+05:30,2179.6,2185.0,2177.5,2181.0,1374
2025-01-31 13:45:00+05:30,2181.0,2186.9,2178.9,2180.45,1529
2025-01-31 14:00:00+05:30,2180.45,2188.0,2178.05,2185.45,3439
2025-01-31 14:15:00+05:30,2185.45,2187.0,2175.7,2186.25,4776
2025-01-31 14:30:00+05:30,2186.25,2186.5,2179.55,2183.5,1713
2025-01-31 14:45:00+05:30,2183.5,2189.85,2181.65,2188.0,4256
2025-01-31 15:00:00+05:30,2185.5,2187.6,2180.0,2181.65,3442
2025-01-31 15:15:00+05:30,2182.4,2187.0,2176.5,2178.2,11550
2025-01-31 15:30:00+05:30,2178.05,2180.25,2169.0,2171.2,9961
2025-02-01 09:30:00+05:30,2178.1,2237.8,2178.0,2207.9,8580
2025-02-01 09:45:00+05:30,2207.9,2215.85,2193.3,2193.5,2854
2025-02-01 10:00:00+05:30,2193.45,2197.2,2172.0,2179.9,5081
2025-02-01 10:15:00+05:30,2179.9,2183.25,2174.0,2175.75,1705
2025-02-01 10:30:00+05:30,2175.75,2177.7,2172.0,2176.9,1212
2025-02-01 10:45:00+05:30,2176.9,2177.05,2174.8,2176.5,259
2025-02-01 11:00:00+05:30,2176.5,2177.7,2174.0,2175.4,902
2025-02-01 11:15:00+05:30,2175.4,2179.8,2169.05,2179.5,2866
2025-02-01 11:30:00+05:30,2177.85,2185.85,2176.85,2184.0,1622
2025-02-01 11:45:00+05:30,2184.0,2184.0,2170.5,2172.05,820
2025-02-01 12:00:00+05:30,2172.05,2173.35,2130.6,2154.05,4219
2025-02-01 12:15:00+05:30,2154.05,2180.95,2154.05,2168.05,1372
2025-02-01 12:30:00+05:30,2168.05,2198.7,2167.85,2184.4,5720
2025-02-01 12:45:00+05:30,2184.4,2199.2,2180.85,2193.05,6230
2025-02-01 13:00:00+05:30,2193.05,2212.8,2192.75,2212.15,5532
2025-02-01 13:15:00+05:30,2213.15,2218.45,2199.2,2209.95,7353
2025-02-01 13:30:00+05:30,2212.55,2212.55,2200.0,2206.4,3016
2025-02-01 13:45:00+05:30,2208.7,2255.0,2206.45,2251.4,9805
2025-02-01 14:00:00+05:30,2257.1,2326.0,2250.0,2323.05,34141
2025-02-01 14:15:00+05:30,2329.95,2390.0,2323.0,2359.75,114753
2025-02-01 14:30:00+05:30,2360.0,2398.5,2357.75,2375.5,79133
2025-02-01 14:45:00+05:30,2375.45,2379.1,2360.0,2370.0,43396
2025-02-01 15:00:00+05:30,2370.0,2370.0,2338.5,2350.0,60082
2025-02-01 15:15:00+05:30,2350.0,2395.0,2346.8,2390.7,79542
2025-02-01 15:30:00+05:30,2388.45,2402.4,2362.9,2373.9,79352
2025-02-03 09:30:00+05:30,2370.0,2370.0,2271.6,2304.8,50133
2025-02-03 09:45:00+05:30,2305.7,2322.65,2295.6,2319.5,11482
2025-02-03 10:00:00+05:30,2319.5,2334.5,2310.1,2327.15,6476
2025-02-03 10:15:00+05:30,2328.95,2332.85,2320.0,2324.25,6895
2025-02-03 10:30:00+05:30,2324.25,2332.25,2315.1,2326.1,5063
2025-02-03 10:45:00+05:30,2326.1,2342.75,2325.3,2330.8,5219
2025-02-03 11:00:00+05:30,2330.8,2338.25,2327.25,2335.4,2117
2025-02-03 11:15:00+05:30,2335.4,2365.75,2335.15,2351.65,11930
2025-02-03 11:30:00+05:30,2352.9,2356.45,2328.4,2332.15,8731
2025-02-03 11:45:00+05:30,2332.15,2338.95,2329.45,2332.9,2628
2025-02-03 12:00:00+05:30,2332.9,2341.35,2331.0,2338.0,2088
2025-02-03 12:15:00+05:30,2338.0,2350.0,2335.5,2345.0,5946
2025-02-03 12:30:00+05:30,2343.75,2357.15,2335.85,2356.3,4469
2025-02-03 12:45:00+05:30,2357.15,2358.9,2338.45,2342.25,6955
2025-02-03 13:00:00+05:30,2342.3,2353.3,2341.15,2350.05,2471
2025-02-03 13:15:00+05:30,2350.05,2364.3,2349.65,2355.2,4532
2025-02-03 13:30:00+05:30,2355.5,2364.55,2340.5,2344.2,7185
2025-02-03 13:45:00+05:30,2344.05,2347.0,2342.1,2345.55,2115
2025-02-03 14:00:00+05:30,2346.8,2349.75,2338.3,2345.75,9301
2025-02-03 14:15:00+05:30,2345.75,2345.75,2337.6,2340.05,28729
2025-02-03 14:30:00+05:30,2340.0,2350.0,2340.0,2344.8,31058
2025-02-03 14:45:00+05:30,2347.0,2347.0,2341.0,2344.7,5301
2025-02-03 15:00:00+05:30,2344.7,2345.85,2339.7,2341.15,7971
2025-02-03 15:15:00+05:30,2341.15,2343.7,2340.0,2340.15,14917
2025-02-03 15:30:00+05:30,2340.95,2346.0,2332.0,2340.0,17220
2025-02-04 09:30:00+05:30,2353.25,2407.9,2350.0,2379.2,26194
2025-02-04 09:45:00+05:30,2379.2,2385.0,2367.4,2381.45,6206
2025-02-04 10:00:00+05:30,2381.45,2390.0,2380.85,2385.0,6403
2025-02-04 10:15:00+05:30,2384.65,2389.85,2366.0,2369.7,17042
2025-02-04 10:30:00+05:30,2368.9,2379.9,2368.9,2374.4,19393
2025-02-04 10:45:00+05:30,2374.0,2380.1,2370.8,2375.25,12283
2025-02-04 11:00:00+05:30,2377.3,2378.2,2355.25,2359.0,6547
2025-02-04 11:15:00+05:30,2359.0,2359.45,2335.2,2349.75,9092
2025-02-04 11:30:00+05:30,2349.75,2349.75,2325.0,2327.8,5471
2025-02-04 11:45:00+05:30,2327.8,2337.3,2327.5,2330.65,2756
2025-02-04 12:00:00+05:30,2330.65,2332.65,2325.15,2330.85,2942
2025-02-04 12:15:00+05:30,2330.85,2330.85,2313.05,2314.6,5260
2025-02-04 12:30:00+05:30,2313.5,2325.8,2312.65,2316.6,2815
2025-02-04 12:45:00+05:30,2316.6,2322.7,2310.6,2314.8,3766
2025-02-04 13:00:00+05:30,2314.8,2322.0,2309.2,2321.9,2946
2025-02-04 13:15:00+05:30,2321.9,2325.25,2307.2,2307.8,4249
2025-02-04 13:30:00+05:30,2307.55,2309.75,2302.5,2307.2,4429
2025-02-04 13:45:00+05:30,2307.2,2307.6,2301.65,2306.3,3416
2025-02-04 14:00:00+05:30,2306.3,2315.4,2304.7,2314.6,2590
2025-02-04 14:15:00+05:30,2314.5,2320.0,2304.1,2307.45,3656
2025-02-04 14:30:00+05:30,2307.55,2309.65,2296.0,2297.05,2521
2025-02-04 14:45:00+05:30,2297.05,2302.65,2297.0,2299.0,1824
2025-02-04 15:00:00+05:30,2300.0,2310.85,2297.0,2307.85,5168
2025-02-04 15:15:00+05:30,2308.0,2318.9,2303.5,2304.0,10678
2025-02-04 15:30:00+05:30,2304.0,2307.05,2291.0,2300.0,12299
2025-02-05 09:30:00+05:30,2300.0,2312.9,2273.3,2293.15,13293
2025-02-05 09:45:00+05:30,2293.15,2305.05,2293.15,2302.6,6953
2025-02-05 10:00:00+05:30,2302.65,2302.65,2294.5,2295.35,3613
2025-02-05 10:15:00+05:30,2295.35,2295.35,2282.3,2288.85,3743
2025-02-05 10:30:00+05:30,2288.85,2289.25,2282.4,2288.8,1268
2025-02-05 10:45:00+05:30,2289.0,2291.0,2286.6,2287.85,1269
2025-02-05 11:00:00+05:30,2287.85,2289.5,2285.0,2287.0,776
2025-02-05 11:15:00+05:30,2288.45,2296.0,2286.35,2296.0,3243
2025-02-05 11:30:00+05:30,2296.0,2299.0,2282.0,2283.15,2832
2025-02-05 11:45:00+05:30,2286.4,2291.0,2283.05,2290.0,2572
2025-02-05 12:00:00+05:30,2290.0,2295.0,2285.45,2292.7,1755
2025-02-05 12:15:00+05:30,2292.7,2309.0,2292.7,2304.75,9641
2025-02-05 12:30:00+05:30,2304.75,2307.0,2301.5,2306.0,2512
2025-02-05 12:45:00+05:30,2306.0,2306.45,2292.75,2294.7,10605
2025-02-05 13:00:00+05:30,2294.7,2300.25,2292.45,2300.0,1782
2025-02-05 13:15:00+05:30,2299.95,2300.9,2294.7,2300.0,1891
2025-02-05 13:30:00+05:30,2300.0,2300.4,2295.85,2299.8,1437
2025-02-05 13:45:00+05:30,2299.8,2301.15,2296.1,2298.25,1061
2025-02-05 14:00:00+05:30,2298.25,2300.3,2296.75,2300.3,804
2025-02-05 14:15:00+05:30,2300.3,2313.65,2298.05,2311.9,13697
2025-02-05 14:30:00+05:30,2312.0,2312.95,2292.85,2297.85,6071
2025-02-05 14:45:00+05:30,2297.85,2302.1,2295.95,2300.0,6544
2025-02-05 15:00:00+05:30,2300.0,2306.0,2294.65,2299.3,8250
2025-02-05 15:15:00+05:30,2299.3,2305.55,2297.95,2299.85,11201
2025-02-05 15:30:00+05:30,2299.9,2323.25,2299.15,2322.45,11814
2025-02-06 09:30:00+05:30,2304.35,2332.3,2281.85,2284.55,7125
2025-02-06 09:45:00+05:30,2284.55,2303.45,2279.05,2288.7,5995
2025-02-06 10:00:00+05:30,2288.7,2290.0,2281.9,2282.5,22676
2025-02-06 10:15:00+05:30,2282.5,2283.35,2273.0,2276.0,4480
2025-02-06 10:30:00+05:30,2279.6,2279.6,2272.05,2274.6,1646
2025-02-06 10:45:00+05:30,2274.6,2274.6,2268.0,2272.25,1480
2025-02-06 11:00:00+05:30,2272.25,2272.25,2265.55,2267.2,2057
2025-02-06 11:15:00+05:30,2267.2,2270.85,2267.2,2269.55,1277
2025-02-06 11:30:00+05:30,2269.55,2274.6,2268.05,2273.45,1024
2025-02-06 11:45:00+05:30,2273.45,2278.7,2270.95,2273.3,1856
2025-02-06 12:00:00+05:30,2275.15,2280.0,2267.1,2275.9,12305
2025-02-06 12:15:00+05:30,2275.9,2277.6,2270.1,2271.95,752
2025-02-06 12:30:00+05:30,2271.95,2272.15,2266.45,2266.45,1402
2025-02-06 12:45:00+05:30,2266.45,2269.2,2266.05,2268.3,772
2025-02-06 13:00:00+05:30,2268.3,2269.95,2265.55,2265.65,1087
2025-02-06 13:15:00+05:30,2265.65,2267.25,2260.4,2260.4,1523
2025-02-06 13:30:00+05:30,2260.4,2269.35,2260.4,2266.25,1852
2025-02-06 13:45:00+05:30,2266.25,2270.35,2263.0,2263.0,935
2025-02-06 14:00:00+05:30,2263.0,2271.65,2260.5,2268.95,2806
2025-02-06 14:15:00+05:30,2268.7,2269.7,2260.1,2265.2,2517
2025-02-06 14:30:00+05:30,2260.1,2260.1,2249.0,2252.0,20339
2025-02-06 14:45:00+05:30,2252.0,2272.5,2249.0,2270.55,11916
2025-02-06 15:00:00+05:30,2271.5,2271.75,2263.85,2267.05,5410
2025-02-06 15:15:00+05:30,2267.25,2267.45,2263.4,2265.0,11175
2025-02-06 15:30:00+05:30,2265.0,2265.0,2240.0,2260.0,16055
2025-02-07 09:30:00+05:30,2260.0,2265.6,2223.0,2230.75,5919
2025-02-07 09:45:00+05:30,2230.75,2237.7,2222.15,2231.7,2315
2025-02-07 10:00:00+05:30,2231.7,2238.95,2229.2,2235.05,1559
2025-02-07 10:15:00+05:30,2235.05,2240.0,2226.0,2234.85,1254
2025-02-07 10:30:00+05:30,2237.65,2258.0,2220.0,2251.6,5436
2025-02-07 10:45:00+05:30,2251.7,2257.25,2234.85,2246.5,4660
2025-02-07 11:00:00+05:30,2246.5,2249.4,2237.2,2249.4,1243
2025-02-07 11:15:00+05:30,2249.4,2257.45,2249.4,2254.75,4786
2025-02-07 11:30:00+05:30,2254.75,2260.0,2254.75,2258.05,1642
2025-02-07 11:45:00+05:30,2258.05,2260.0,2256.3,2258.85,648
2025-02-07 12:00:00+05:30,2258.85,2259.95,2244.55,2246.0,4970
2025-02-07 12:15:00+05:30,2246.0,2250.0,2240.45,2243.55,1176
2025-02-07 12:30:00+05:30,2243.55,2247.15,2235.0,2247.15,1031
2025-02-07 12:45:00+05:30,2247.15,2248.9,2244.15,2246.2,671
2025-02-07 13:00:00+05:30,2246.2,2248.0,2243.65,2243.95,681
2025-02-07 13:15:00+05:30,2243.95,2245.0,2240.5,2243.95,1198
2025-02-07 13:30:00+05:30,2243.95,2251.0,2243.95,2250.0,5744
2025-02-07 13:45:00+05:30,2249.85,2252.0,2245.8,2247.05,3144
2025-02-07 14:00:00+05:30,2247.05,2249.7,2244.5,2246.35,2562
2025-02-07 14:15:00+05:30,2246.35,2247.0,2242.75,2244.6,950
2025-02-07 14:30:00+05:30,2244.6,2248.0,2242.9,2248.0,2454
2025-02-07 14:45:00+05:30,2248.0,2252.0,2246.75,2251.85,4059
2025-02-07 15:00:00+05:30,2250.3,2251.8,2248.0,2250.0,4913
2025-02-07 15:15:00+05:30,2250.0,2250.0,2245.0,2246.95,7032
2025-02-07 15:30:00+05:30,2247.0,2247.0,2244.0,2246.0,7642
2025-02-10 09:30:00+05:30,2240.1,2257.4,2223.3,2225.1,5347
2025-02-10 09:45:00+05:30,2226.05,2229.45,2220.8,2221.0,1751
2025-02-10 10:00:00+05:30,2221.0,2235.2,2218.0,2222.55,2458
2025-02-10 10:15:00+05:30,2222.55,2223.8,2215.55,2217.9,1035
2025-02-10 10:30:00+05:30,2215.55,2220.8,2215.55,2217.3,773
2025-02-10 10:45:00+05:30,2217.3,2219.8,2203.05,2205.15,5032
2025-02-10 11:00:00+05:30,2205.15,2210.0,2204.3,2207.1,1107
2025-02-10 11:15:00+05:30,2206.1,2207.1,2198.6,2201.3,2962
2025-02-10 11:30:00+05:30,2201.3,2202.05,2194.7,2200.9,2998
2025-02-10 11:45:00+05:30,2201.95,2203.55,2199.0,2202.0,2141
2025-02-10 12:00:00+05:30,2202.0,2202.0,2188.05,2194.6,2290
2025-02-10 12:15:00+05:30,2194.6,2194.6,2174.0,2188.95,5303
2025-02-10 12:30:00+05:30,2189.85,2189.85,2178.4,2185.35,877
2025-02-10 12:45:00+05:30,2185.35,2189.85,2185.0,2188.75,628
2025-02-10 13:00:00+05:30,2188.75,2191.45,2174.0,2185.65,2083
2025-02-10 13:15:00+05:30,2183.5,2194.4,2179.85,2190.8,1062
2025-02-10 13:30:00+05:30,2190.8,2190.95,2182.0,2188.8,1212
2025-02-10 13:45:00+05:30,2188.8,2189.0,2176.7,2179.45,1448
2025-02-10 14:00:00+05:30,2179.45,2185.85,2176.95,2176.95,682
2025-02-10 14:15:00+05:30,2178.25,2178.6,2165.85,2168.45,2653
2025-02-10 14:30:00+05:30,2168.45,2171.1,2165.55,2170.85,1432
2025-02-10 14:45:00+05:30,2172.6,2181.0,2170.2,2171.8,2304
2025-02-10 15:00:00+05:30,2172.95,2213.35,2172.95,2212.8,14152
2025-02-10 15:15:00+05:30,2212.8,2215.0,2204.75,2214.5,12271
2025-02-10 15:30:00+05:30,2214.0,2215.0,2190.0,2190.0,9551
2025-02-11 09:30:00+05:30,2209.05,2209.05,2151.0,2154.65,10467
2025-02-11 09:45:00+05:30,2154.7,2160.55,2144.95,2154.4,4644
2025-02-11 10:00:00+05:30,2154.4,2156.5,2136.05,2140.3,5085
2025-02-11 10:15:00+05:30,2140.3,2147.0,2140.0,2143.05,1778
2025-02-11 10:30:00+05:30,2144.9,2150.15,2141.1,2149.55,2437
2025-02-11 10:45:00+05:30,2149.55,2151.55,2123.05,2127.1,6886
2025-02-11 11:00:00+05:30,2127.1,2133.0,2117.45,2123.15,3741
2025-02-11 11:15:00+05:30,2123.85,2127.35,2117.4,2121.85,2433
2025-02-11 11:30:00+05:30,2121.85,2125.9,2095.05,2099.1,9545
2025-02-11 11:45:00+05:30,2099.1,2114.15,2093.9,2112.75,3892
2025-02-11 12:00:00+05:30,2114.65,2139.0,2113.4,2127.8,6466
2025-02-11 12:15:00+05:30,2127.8,2138.85,2121.85,2137.45,8528
2025-02-11 12:30:00+05:30,2137.45,2137.45,2130.85,2132.6,1153
2025-02-11 12:45:00+05:30,2132.6,2134.65,2125.0,2129.75,2793
2025-02-11 13:00:00+05:30,2129.75,2130.55,2114.35,2115.5,4082
2025-02-11 13:15:00+05:30,2115.75,2116.55,2103.1,2104.95,5557
2025-02-11 13:30:00+05:30,2104.95,2123.5,2103.0,2114.6,8270
2025-02-11 13:45:00+05:30,2114.6,2115.0,2106.0,2111.15,3530
2025-02-11 14:00:00+05:30,2112.05,2115.4,2107.0,2108.75,2122
2025-02-11 14:15:00+05:30,2108.75,2110.3,2100.45,2103.95,5409
2025-02-11 14:30:00+05:30,2103.95,2106.85,2098.4,2103.6,3085
2025-02-11 14:45:00+05:30,2103.6,2155.2,2102.15,2148.65,27928
2025-02-11 15:00:00+05:30,2148.65,2173.6,2144.7,2173.6,9309
2025-02-11 15:15:00+05:30,2172.65,2228.75,2172.05,2215.65,35272
2025-02-11 15:30:00+05:30,2215.0,2218.0,2181.1,2188.3,24015
2025-02-12 09:30:00+05:30,2219.9,2226.5,2136.2,2138.55,12753
2025-02-12 09:45:00+05:30,2138.55,2150.6,2125.0,2138.6,11892
2025-02-12 10:00:00+05:30,2141.7,2148.15,2132.0,2134.1,6070
2025-02-12 10:15:00+05:30,2134.45,2142.85,2131.0,2137.5,3872
2025-02-12 10:30:00+05:30,2137.5,2150.9,2125.85,2147.05,6620
2025-02-12 10:45:00+05:30,2148.6,2154.5,2145.5,2146.75,5700
2025-02-12 11:00:00+05:30,2146.75,2152.15,2146.15,2146.3,2588
2025-02-12 11:15:00+05:30,2147.25,2150.0,2141.15,2147.3,2632
2025-02-12 11:30:00+05:30,2148.45,2154.4,2146.0,2152.0,2799
2025-02-12 11:45:00+05:30,2153.3,2155.15,2146.65,2154.25,1323
2025-02-12 12:00:00+05:30,2154.1,2158.8,2150.0,2158.0,4682
2025-02-12 12:15:00+05:30,2158.0,2194.4,2156.45,2191.8,9205
2025-02-12 12:30:00+05:30,2191.9,2194.3,2172.9,2175.05,7332
2025-02-12 12:45:00+05:30,2175.05,2185.15,2161.3,2162.95,5677
2025-02-12 13:00:00+05:30,2163.0,2184.3,2162.95,2176.15,4186
2025-02-12 13:15:00+05:30,2176.1,2198.5,2172.0,2187.3,9274
2025-02-12 13:30:00+05:30,2187.3,2197.45,2180.7,2189.35,6731
2025-02-12 13:45:00+05:30,2189.35,2191.25,2168.0,2171.15,7162
2025-02-12 14:00:00+05:30,2171.15,2179.5,2169.25,2172.55,6277
2025-02-12 14:15:00+05:30,2171.0,2180.65,2165.75,2180.3,6801
2025-02-12 14:30:00+05:30,2180.3,2185.0,2173.85,2184.65,6914
2025-02-12 14:45:00+05:30,2184.2,2204.95,2184.2,2204.95,14061
2025-02-12 15:00:00+05:30,2208.0,2252.4,2205.25,2250.0,41771
2025-02-12 15:15:00+05:30,2251.25,2264.45,2237.25,2250.4,32277
2025-02-12 15:30:00+05:30,2250.2,2254.05,2182.2,2190.0,28727
2025-02-13 09:30:00+05:30,2188.0,2194.7,2167.05,2174.0,17319
2025-02-13 09:45:00+05:30,2173.0,2188.0,2172.0,2178.0,6297
2025-02-13 10:00:00+05:30,2176.0,2192.7,2176.0,2180.25,7698
2025-02-13 10:15:00+05:30,2182.6,2185.3,2173.5,2185.0,6542
2025-02-13 10:30:00+05:30,2185.0,2189.8,2175.6,2177.95,3229
2025-02-13 10:45:00+05:30,2176.65,2185.7,2176.65,2179.35,5810
2025-02-13 11:00:00+05:30,2179.35,2181.55,2173.6,2177.25,2455
2025-02-13 11:15:00+05:30,2177.25,2179.25,2160.95,2169.35,7759
2025-02-13 11:30:00+05:30,2169.95,2174.05,2167.05,2172.25,2400
2025-02-13 11:45:00+05:30,2174.1,2174.5,2167.2,2170.75,3437
2025-02-13 12:00:00+05:30,2170.8,2173.95,2167.0,2168.25,34051
2025-02-13 12:15:00+05:30,2167.1,2168.05,2150.0,2150.05,12857
2025-02-13 12:30:00+05:30,2150.05,2155.95,2142.0,2146.85,8638
2025-02-13 12:45:00+05:30,2146.85,2161.5,2146.85,2158.3,4560
2025-02-13 13:00:00+05:30,2158.3,2160.9,2155.1,2156.0,2442
2025-02-13 13:15:00+05:30,2156.0,2156.95,2142.6,2145.0,4540
2025-02-13 13:30:00+05:30,2145.0,2154.5,2140.0,2145.45,8141
2025-02-13 13:45:00+05:30,2145.45,2146.55,2130.3,2136.15,7436
2025-02-13 14:00:00+05:30,2136.05,2136.05,2126.85,2129.85,6282
2025-02-13 14:15:00+05:30,2128.25,2137.25,2128.0,2130.6,7788
2025-02-13 14:30:00+05:30,2130.85,2131.0,2120.0,2123.35,8902
2025-02-13 14:45:00+05:30,2124.75,2138.35,2116.25,2134.0,10783
2025-02-13 15:00:00+05:30,2135.6,2153.05,2132.0,2143.0,11341
2025-02-13 15:15:00+05:30,2143.0,2143.0,2115.0,2116.25,11935
2025-02-13 15:30:00+05:30,2116.2,2131.5,2115.05,2126.95,27725
2025-02-14 09:30:00+05:30,2124.05,2139.85,2105.55,2109.0,13511
2025-02-14 09:45:00+05:30,2110.05,2126.95,2108.15,2116.45,4589
2025-02-14 10:00:00+05:30,2114.45,2118.35,2107.05,2115.8,6095
2025-02-14 10:15:00+05:30,2115.8,2125.0,2111.0,2113.35,2135
2025-02-14 10:30:00+05:30,2111.5,2120.55,2105.8,2106.25,1688
2025-02-14 10:45:00+05:30,2108.35,2108.35,2075.9,2077.2,8981
2025-02-14 11:00:00+05:30,2076.3,2089.9,2075.2,2084.2,4837
2025-02-14 11:15:00+05:30,2084.2,2087.0,2075.0,2082.0,2167
2025-02-14 11:30:00+05:30,2084.15,2085.8,2077.0,2081.95,1785
2025-02-14 11:45:00+05:30,2080.25,2087.9,2080.05,2085.0,2839
2025-02-14 12:00:00+05:30,2083.95,2085.85,2078.15,2083.05,1525
2025-02-14 12:15:00+05:30,2085.0,2085.0,2063.75,2067.1,6728
2025-02-14 12:30:00+05:30,2065.35,2068.0,2052.9,2054.5,4701
2025-02-14 12:45:00+05:30,2052.9,2056.7,2051.0,2053.05,2475
2025-02-14 13:00:00+05:30,2051.05,2053.25,2050.0,2051.1,2113
2025-02-14 13:15:00+05:30,2051.1,2051.1,2040.1,2048.15,3243
2025-02-14 13:30:00+05:30,2048.15,2060.0,2043.9,2047.1,3498
2025-02-14 13:45:00+05:30,2045.15,2052.95,2039.85,2047.7,4224
2025-02-14 14:00:00+05:30,2047.7,2088.2,2045.0,2074.55,18301
2025-02-14 14:15:00+05:30,2074.55,2074.55,2053.6,2055.55,3369
2025-02-14 14:30:00+05:30,2055.55,2072.5,2054.0,2069.95,2761
2025-02-14 14:45:00+05:30,2069.95,2114.75,2068.2,2114.2,8511
2025-02-14 15:00:00+05:30,2118.95,2118.95,2052.4,2063.75,8215
2025-02-14 15:15:00+05:30,2064.75,2069.4,2033.5,2034.55,11523
2025-02-14 15:30:00+05:30,2034.8,2048.9,2030.0,2037.05,13662
2025-02-17 09:30:00+05:30,2005.5,2040.95,1996.25,2013.4,20196
2025-02-17 09:45:00+05:30,2013.8,2013.8,1980.0,2009.15,12600
2025-02-17 10:00:00+05:30,2006.95,2008.05,1973.15,1985.3,9522
2025-02-17 10:15:00+05:30,1985.3,1992.0,1964.6,1966.0,9214
2025-02-17 10:30:00+05:30,1964.95,1977.5,1957.05,1965.85,9876
2025-02-17 10:45:00+05:30,1965.85,1988.3,1960.95,1978.8,6917
2025-02-17 11:00:00+05:30,1982.0,1985.75,1960.0,1961.8,6977
2025-02-17 11:15:00+05:30,1961.8,1966.7,1948.55,1951.55,12592
2025-02-17 11:30:00+05:30,1952.75,1956.0,1941.0,1944.85,10822
2025-02-17 11:45:00+05:30,1943.45,1946.7,1940.3,1945.4,6918
2025-02-17 12:00:00+05:30,1945.4,1947.7,1938.0,1939.2,5205
2025-02-17 12:15:00+05:30,1939.15,1944.45,1928.0,1932.0,8110
2025-02-17 12:30:00+05:30,1929.05,1938.0,1928.3,1935.85,6984
2025-02-17 12:45:00+05:30,1933.5,1945.85,1922.4,1926.55,11291
2025-02-17 13:00:00+05:30,1927.75,1944.55,1923.0,1935.5,206537
2025-02-17 13:15:00+05:30,1938.0,1968.9,1936.45,1939.6,25777
2025-02-17 13:30:00+05:30,1938.05,1942.3,1911.0,1914.05,65083
2025-02-17 13:45:00+05:30,1915.05,1924.3,1902.2,1921.5,71057
2025-02-17 14:00:00+05:30,1921.2,1930.7,1905.0,1911.55,49646
2025-02-17 14:15:00+05:30,1915.2,1917.3,1904.05,1905.3,24815
2025-02-17 14:30:00+05:30,1905.3,1917.6,1905.0,1912.55,24947
2025-02-17 14:45:00+05:30,1912.55,1934.95,1910.15,1925.9,16912
2025-02-17 15:00:00+05:30,1924.9,1959.75,1924.35,1950.75,32870
2025-02-17 15:15:00+05:30,1951.95,1953.0,1946.05,1950.05,30041
2025-02-17 15:30:00+05:30,1950.0,1958.05,1947.7,1950.0,21747
2025-02-18 09:30:00+05:30,1925.0,1934.05,1902.15,1905.25,30414
2025-02-18 09:45:00+05:30,1905.25,1925.0,1905.25,1915.0,8306
2025-02-18 10:00:00+05:30,1915.95,1939.85,1915.0,1929.1,14328
2025-02-18 10:15:00+05:30,1929.95,1950.4,1920.15,1926.75,41649
2025-02-18 10:30:00+05:30,1925.05,1930.0,1921.0,1925.05,28462
2025-02-18 10:45:00+05:30,1924.75,1933.8,1922.6,1932.25,36579
2025-02-18 11:00:00+05:30,1932.25,1932.25,1926.35,1927.0,5852
2025-02-18 11:15:00+05:30,1927.0,1930.55,1924.55,1929.4,3272
2025-02-18 11:30:00+05:30,1929.4,1929.95,1925.45,1929.0,3343
2025-02-18 11:45:00+05:30,1929.35,1929.35,1922.0,1925.35,10821
2025-02-18 12:00:00+05:30,1926.75,1927.0,1921.05,1925.35,4199
2025-02-18 12:15:00+05:30,1925.0,1927.5,1922.8,1926.75,9365
2025-02-18 12:30:00+05:30,1926.75,1927.5,1922.8,1925.9,18065
2025-02-18 12:45:00+05:30,1925.85,1927.5,1922.0,1924.75,4031
2025-02-18 13:00:00+05:30,1924.75,1926.8,1916.3,1918.0,11943
2025-02-18 13:15:00+05:30,1918.0,1925.0,1909.25,1918.15,30346
2025-02-18 13:30:00+05:30,1918.95,1925.0,1917.8,1922.8,8737
2025-02-18 13:45:00+05:30,1921.8,1925.0,1896.0,1897.95,24181
2025-02-18 14:00:00+05:30,1899.65,1907.7,1885.0,1891.75,57075
2025-02-18 14:15:00+05:30,1891.4,1891.4,1868.0,1873.25,13475
2025-02-18 14:30:00+05:30,1874.5,1884.5,1865.1,1875.1,16537
2025-02-18 14:45:00+05:30,1876.05,1883.95,1868.45,1880.35,30929
2025-02-18 15:00:00+05:30,1880.35,1887.0,1876.6,1882.8,60549
2025-02-18 15:15:00+05:30,1882.6,1900.0,1881.75,1899.05,29950
2025-02-18 15:30:00+05:30,1899.0,1899.45,1875.55,1881.1,38090
2025-02-19 09:30:00+05:30,1869.7,1880.35,1845.5,1875.55,29203
2025-02-19 09:45:00+05:30,1873.85,1885.0,1872.5,1882.8,9007
2025-02-19 10:00:00+05:30,1882.8,1936.7,1881.3,1931.3,87229
2025-02-19 10:15:00+05:30,1931.35,1959.9,1931.35,1952.6,38354
2025-02-19 10:30:00+05:30,1952.6,1981.45,1950.0,1978.2,15986
2025-02-19 10:45:00+05:30,1978.2,1992.0,1977.15,1987.0,14091
2025-02-19 11:00:00+05:30,1987.0,1988.5,1954.75,1972.8,15204
2025-02-19 11:15:00+05:30,1973.3,1992.8,1973.0,1992.35,52390
2025-02-19 11:30:00+05:30,1992.35,2008.8,1990.0,2006.3,16484
2025-02-19 11:45:00+05:30,2007.2,2008.05,1992.0,1992.0,29363
2025-02-19 12:00:00+05:30,1992.45,2003.8,1986.5,2000.8,11809
2025-02-19 12:15:00+05:30,2000.35,2011.45,2000.05,2007.9,6201
2025-02-19 12:30:00+05:30,2007.9,2026.6,2006.35,2020.95,26217
2025-02-19 12:45:00+05:30,2022.0,2025.0,2000.45,2005.35,32281
2025-02-19 13:00:00+05:30,2004.85,2006.25,1999.95,2001.0,14480
2025-02-19 13:15:00+05:30,2001.0,2005.85,1995.85,2002.5,17258
2025-02-19 13:30:00+05:30,2002.5,2019.9,2000.0,2018.45,14385
2025-02-19 13:45:00+05:30,2018.45,2020.7,2010.75,2011.7,54995
2025-02-19 14:00:00+05:30,2011.7,2014.85,2010.0,2010.25,4088
2025-02-19 14:15:00+05:30,2010.25,2017.6,2010.2,2014.05,6762
2025-02-19 14:30:00+05:30,2014.45,2024.45,2010.0,2012.05,45947
2025-02-19 14:45:00+05:30,2012.0,2017.75,2010.0,2011.65,12306
2025-02-19 15:00:00+05:30,2010.6,2014.9,2010.5,2014.9,10691
2025-02-19 15:15:00+05:30,2014.9,2025.0,2010.7,2018.7,18686
2025-02-19 15:30:00+05:30,2018.05,2022.6,2011.2,2018.6,16361
2025-02-20 09:30:00+05:30,2013.0,2035.6,1991.2,2015.7,13549
2025-02-20 09:45:00+05:30,2015.85,2075.85,2015.85,2071.95,16681
2025-02-20 10:00:00+05:30,2073.85,2097.9,2054.05,2096.7,38398
2025-02-20 10:15:00+05:30,2093.15,2107.45,2085.6,2100.15,45614
2025-02-20 10:30:00+05:30,2099.5,2124.0,2095.7,2121.85,51164
2025-02-20 10:45:00+05:30,2119.8,2122.65,2103.0,2112.45,59633
2025-02-20 11:00:00+05:30,2112.45,2114.8,2103.3,2112.15,30396
2025-02-20 11:15:00+05:30,2110.95,2114.0,2106.0,2108.0,16881
2025-02-20 11:30:00+05:30,2106.5,2109.7,2096.5,2106.35,32015
2025-02-20 11:45:00+05:30,2106.35,2110.0,2101.3,2108.9,16944
2025-02-20 12:00:00+05:30,2108.9,2108.9,2087.5,2090.9,21169
2025-02-20 12:15:00+05:30,2089.95,2099.85,2085.55,2094.6,10504
2025-02-20 12:30:00+05:30,2094.85,2106.0,2092.8,2102.5,45047
2025-02-20 12:45:00+05:30,2103.8,2127.8,2103.45,2124.0,26007
2025-02-20 13:00:00+05:30,2124.0,2144.0,2122.1,2140.35,52753
2025-02-20 13:15:00+05:30,2140.35,2157.35,2140.0,2151.15,55158
2025-02-20 13:30:00+05:30,2151.0,2155.65,2142.05,2145.1,39591
2025-02-20 13:45:00+05:30,2145.1,2153.5,2139.75,2151.1,24493
2025-02-20 14:00:00+05:30,2150.25,2164.65,2150.0,2160.0,22782
2025-02-20 14:15:00+05:30,2162.0,2184.95,2160.0,2177.45,89601
2025-02-20 14:30:00+05:30,2177.45,2179.15,2155.05,2162.0,77364
2025-02-20 14:45:00+05:30,2162.0,2169.3,2154.75,2162.75,51620
2025-02-20 15:00:00+05:30,2162.75,2188.8,2162.75,2182.05,71212
2025-02-20 15:15:00+05:30,2181.0,2219.4,2180.0,2200.2,148352
2025-02-20 15:30:00+05:30,2200.05,2214.0,2137.05,2139.0,145835
2025-02-21 09:30:00+05:30,2151.8,2159.4,2131.8,2147.1,29599
2025-02-21 09:45:00+05:30,2147.1,2148.25,2115.05,2120.4,26977
2025-02-21 10:00:00+05:30,2120.45,2125.0,2111.15,2114.25,21591
2025-02-21 10:15:00+05:30,2114.25,2140.95,2108.0,2115.0,26581
2025-02-21 10:30:00+05:30,2115.0,2117.85,2092.0,2101.5,23751
2025-02-21 10:45:00+05:30,2102.0,2113.1,2095.0,2107.8,11842
2025-02-21 11:00:00+05:30,2107.3,2129.9,2105.5,2127.0,16315
2025-02-21 11:15:00+05:30,2127.0,2132.15,2123.5,2126.15,10478
2025-02-21 11:30:00+05:30,2126.15,2128.8,2125.0,2125.65,3966
2025-02-21 11:45:00+05:30,2126.8,2138.5,2125.0,2134.35,13537
2025-02-21 12:00:00+05:30,2134.35,2134.6,2125.0,2125.55,6962
2025-02-21 12:15:00+05:30,2125.45,2127.45,2125.0,2125.55,3306
2025-02-21 12:30:00+05:30,2125.55,2127.1,2125.0,2125.5,5221
2025-02-21 12:45:00+05:30,2125.85,2127.4,2125.0,2125.0,3102
2025-02-21 13:00:00+05:30,2125.0,2127.9,2116.25,2124.35,21834
2025-02-21 13:15:00+05:30,2124.35,2125.0,2110.85,2122.0,8912
2025-02-21 13:30:00+05:30,2122.0,2123.85,2110.05,2112.5,7124
2025-02-21 13:45:00+05:30,2112.0,2114.55,2103.9,2104.35,8068
2025-02-21 14:00:00+05:30,2104.35,2105.85,2083.95,2089.35,17873
2025-02-21 14:15:00+05:30,2086.55,2090.5,2077.0,2085.65,21278
2025-02-21 14:30:00+05:30,2085.6,2091.45,2076.4,2080.65,13590
2025-02-21 14:45:00+05:30,2081.65,2090.0,2079.7,2086.0,11573
2025-02-21 15:00:00+05:30,2085.55,2111.7,2080.0,2091.55,40246
2025-02-21 15:15:00+05:30,2092.3,2108.4,2089.55,2098.05,60243
2025-02-21 15:30:00+05:30,2098.0,2102.0,2092.0,2099.95,27296
2025-02-24 09:30:00+05:30,2097.0,2097.0,2036.1,2057.65,16955
2025-02-24 09:45:00+05:30,2057.65,2059.0,2046.05,2053.75,5987
2025-02-24 10:00:00+05:30,2053.75,2075.0,2050.35,2063.95,11658
2025-02-24 10:15:00+05:30,2063.85,2068.4,2055.5,2060.0,5144
2025-02-24 10:30:00+05:30,2059.9,2061.95,2049.55,2053.25,6597
2025-02-24 10:45:00+05:30,2051.45,2061.65,2050.85,2057.7,3589
2025-02-24 11:00:00+05:30,2056.85,2064.05,2055.15,2056.45,4042
2025-02-24 11:15:00+05:30,2056.45,2057.05,2046.6,2048.3,3362
2025-02-24 11:30:00+05:30,2048.0,2055.95,2047.6,2055.45,3806
2025-02-24 11:45:00+05:30,2055.1,2057.1,2050.0,2053.3,4078
2025-02-24 12:00:00+05:30,2053.35,2056.75,2049.1,2050.7,3233
2025-02-24 12:15:00+05:30,2050.7,2050.7,2043.0,2045.05,3789
2025-02-24 12:30:00+05:30,2043.05,2048.25,2036.4,2038.7,4367
2025-02-24 12:45:00+05:30,2038.7,2041.35,2030.25,2030.85,5122
2025-02-24 13:00:00+05:30,2030.25,2033.85,2028.0,2032.15,3849
2025-02-24 13:15:00+05:30,2029.55,2043.85,2029.0,2034.8,6575
2025-02-24 13:30:00+05:30,2034.15,2034.75,2020.25,2025.0,10051
2025-02-24 13:45:00+05:30,2025.0,2042.3,2024.0,2034.25,10053
2025-02-24 14:00:00+05:30,2032.0,2040.45,2030.75,2032.85,7240
2025-02-24 14:15:00+05:30,2031.75,2038.75,2030.05,2036.3,4018
2025-02-24 14:30:00+05:30,2035.25,2037.3,2027.15,2027.9,7100
2025-02-24 14:45:00+05:30,2025.6,2034.55,2025.6,2030.7,6359
2025-02-24 15:00:00+05:30,2031.6,2048.9,2030.55,2043.0,13345
2025-02-24 15:15:00+05:30,2043.0,2044.95,2032.0,2035.5,8121
2025-02-24 15:30:00+05:30,2034.6,2039.1,2030.0,2037.0,12245
2025-02-25 09:30:00+05:30,2022.0,2074.0,2022.0,2049.6,19873
2025-02-25 09:45:00+05:30,2046.35,2074.45,2046.35,2067.9,7799
2025-02-25 10:00:00+05:30,2067.9,2075.0,2055.55,2072.65,7058
2025-02-25 10:15:00+05:30,2072.7,2073.8,2062.65,2071.85,4499
2025-02-25 10:30:00+05:30,2071.85,2073.0,2054.7,2058.4,4743
2025-02-25 10:45:00+05:30,2058.4,2062.05,2051.15,2054.2,3946
2025-02-25 11:00:00+05:30,2053.8,2055.8,2047.0,2051.25,3662
2025-02-25 11:15:00+05:30,2051.25,2054.55,2042.0,2043.45,3296
2025-02-25 11:30:00+05:30,2043.65,2049.95,2042.2,2048.95,2758
2025-02-25 11:45:00+05:30,2048.95,2050.2,2046.05,2049.75,957
2025-02-25 12:00:00+05:30,2049.8,2063.95,2047.65,2054.3,5897
2025-02-25 12:15:00+05:30,2054.3,2066.65,2051.0,2064.25,3427
2025-02-25 12:30:00+05:30,2064.1,2066.95,2057.45,2061.7,2278
2025-02-25 12:45:00+05:30,2062.9,2065.8,2061.2,2062.6,1653
2025-02-25 13:00:00+05:30,2062.6,2063.0,2059.25,2060.75,755
2025-02-25 13:15:00+05:30,2060.75,2062.05,2058.9,2061.85,1987
2025-02-25 13:30:00+05:30,2061.7,2061.7,2056.3,2059.85,1409
2025-02-25 13:45:00+05:30,2060.0,2062.05,2056.55,2061.1,1244
2025-02-25 14:00:00+05:30,2061.1,2061.65,2055.8,2057.5,1099
2025-02-25 14:15:00+05:30,2057.5,2057.65,2042.0,2045.0,6766
2025-02-25 14:30:00+05:30,2045.0,2053.95,2045.0,2051.8,3257
2025-02-25 14:45:00+05:30,2051.8,2052.9,2044.0,2045.0,2287
2025-02-25 15:00:00+05:30,2045.0,2045.9,2030.7,2033.0,14238
2025-02-25 15:15:00+05:30,2031.4,2054.4,2028.15,2049.5,10622
2025-02-25 15:30:00+05:30,2049.2,2063.5,2047.5,2063.1,10896
2025-02-27 09:30:00+05:30,2055.85,2073.0,2052.9,2063.8,9598
2025-02-27 09:45:00+05:30,2063.8,2066.8,2047.15,2053.0,5694
2025-02-27 10:00:00+05:30,2053.0,2054.75,2043.5,2048.15,6170
2025-02-27 10:15:00+05:30,2048.15,2051.7,2042.8,2049.8,3940
2025-02-27 10:30:00+05:30,2049.85,2054.6,2046.7,2049.75,4500
2025-02-27 10:45:00+05:30,2049.8,2059.1,2049.35,2055.5,4603
2025-02-27 11:00:00+05:30,2055.6,2058.8,2052.95,2055.6,3718
2025-02-27 11:15:00+05:30,2055.35,2065.0,2054.7,2060.75,5019
2025-02-27 11:30:00+05:30,2060.75,2062.75,2056.6,2058.9,2681
2025-02-27 11:45:00+05:30,2058.4,2063.2,2056.55,2060.75,3295
2025-02-27 12:00:00+05:30,2060.75,2066.85,2060.0,2061.5,3729
2025-02-27 12:15:00+05:30,2062.05,2062.05,2035.0,2039.9,9833
2025-02-27 12:30:00+05:30,2039.9,2052.25,2039.9,2045.9,3605
2025-02-27 12:45:00+05:30,2045.9,2050.0,2041.75,2048.6,2176
2025-02-27 13:00:00+05:30,2048.7,2049.3,2044.0,2048.8,2045
2025-02-27 13:15:00+05:30,2048.95,2049.2,2041.05,2044.05,2914
2025-02-27 13:30:00+05:30,2044.0,2044.0,2032.6,2039.4,3193
2025-02-27 13:45:00+05:30,2039.75,2044.85,2038.65,2042.65,1956
2025-02-27 14:00:00+05:30,2042.65,2051.95,2041.2,2048.4,4513
2025-02-27 14:15:00+05:30,2048.4,2050.05,2043.55,2048.85,2090
2025-02-27 14:30:00+05:30,2048.85,2051.0,2043.4,2049.45,4588
2025-02-27 14:45:00+05:30,2049.45,2057.3,2039.25,2056.25,4230
2025-02-27 15:00:00+05:30,2055.0,2064.65,2053.05,2057.1,7646
2025-02-27 15:15:00+05:30,2057.6,2099.05,2056.1,2087.7,36160
2025-02-27 15:30:00+05:30,2088.65,2110.0,2066.0,2068.8,39445
2025-02-28 09:30:00+05:30,2054.05,2074.2,2037.75,2050.05,9392
2025-02-28 09:45:00+05:30,2049.1,2049.5,2024.35,2030.8,7379
2025-02-28 10:00:00+05:30,2030.7,2034.0,2012.35,2018.75,6482
2025-02-28 10:15:00+05:30,2020.8,2024.45,2014.0,2016.35,5627
2025-02-28 10:30:00+05:30,2016.35,2027.8,2014.55,2023.55,3136
2025-02-28 10:45:00+05:30,2023.8,2039.5,2021.55,2039.0,3218
2025-02-28 11:00:00+05:30,2039.0,2042.0,2034.9,2040.55,4210
2025-02-28 11:15:00+05:30,2040.5,2054.65,2040.5,2052.85,4671
2025-02-28 11:30:00+05:30,2052.85,2053.55,2033.05,2035.2,7424
2025-02-28 11:45:00+05:30,2036.45,2039.95,2014.65,2021.75,6300
2025-02-28 12:00:00+05:30,2020.0,2022.0,1999.5,2016.55,16313
2025-02-28 12:15:00+05:30,2017.0,2020.0,2009.7,2011.0,5439
2025-02-28 12:30:00+05:30,2011.0,2018.5,2008.6,2017.15,3388
2025-02-28 12:45:00+05:30,2017.4,2018.0,1996.0,2003.7,6978
2025-02-28 13:00:00+05:30,2004.3,2011.95,2001.05,2005.3,4910
2025-02-28 13:15:00+05:30,2005.3,2014.0,2005.3,2009.85,3404
2025-02-28 13:30:00+05:30,2009.65,2014.0,2005.0,2013.75,3714
2025-02-28 13:45:00+05:30,2012.65,2014.9,2000.0,2002.0,5976
2025-02-28 14:00:00+05:30,2002.0,2014.95,2001.05,2008.85,6517
2025-02-28 14:15:00+05:30,2008.0,2024.0,2007.15,2023.95,6362
2025-02-28 14:30:00+05:30,2023.9,2029.0,2018.55,2021.2,4560
2025-02-28 14:45:00+05:30,2022.4,2035.6,2020.5,2035.45,5720
2025-02-28 15:00:00+05:30,2035.35,2110.0,2032.0,2108.65,20848
2025-02-28 15:15:00+05:30,2108.65,2109.9,2061.0,2084.0,42204
2025-02-28 15:30:00+05:30,2084.05,2084.05,2039.35,2049.2,20789
2025-03-03 09:30:00+05:30,2073.05,2081.5,2017.55,2021.45,14604
2025-03-03 09:45:00+05:30,2020.45,2028.25,2011.15,2013.95,8432
2025-03-03 10:00:00+05:30,2013.95,2021.65,2002.35,2010.6,5690
2025-03-03 10:15:00+05:30,2010.6,2010.75,1987.4,1994.8,8919
2025-03-03 10:30:00+05:30,1994.5,2012.65,1992.35,2012.4,6355
2025-03-03 10:45:00+05:30,2012.4,2014.0,1997.0,2007.9,3845
2025-03-03 11:00:00+05:30,2009.05,2016.75,2003.0,2015.55,2454
2025-03-03 11:15:00+05:30,2016.0,2027.7,2004.0,2019.7,10574
2025-03-03 11:30:00+05:30,2019.85,2023.2,2018.4,2020.3,2148
2025-03-03 11:45:00+05:30,2020.3,2023.25,2018.6,2020.95,2881
2025-03-03 12:00:00+05:30,2020.95,2022.8,2018.2,2020.3,2956
2025-03-03 12:15:00+05:30,2020.35,2023.8,2019.1,2023.05,1578
2025-03-03 12:30:00+05:30,2023.05,2030.65,2020.7,2027.15,2596
2025-03-03 12:45:00+05:30,2026.6,2033.6,2023.55,2029.0,5361
2025-03-03 13:00:00+05:30,2031.3,2038.0,2028.85,2035.1,2385
2025-03-03 13:15:00+05:30,2035.1,2041.7,2030.2,2038.75,1327
2025-03-03 13:30:00+05:30,2038.75,2045.15,2035.1,2037.0,1871
2025-03-03 13:45:00+05:30,2037.0,2037.05,2025.25,2031.35,4125
2025-03-03 14:00:00+05:30,2031.35,2035.4,2022.45,2023.65,3102
2025-03-03 14:15:00+05:30,2023.65,2028.4,2020.0,2024.3,4479
2025-03-03 14:30:00+05:30,2024.3,2030.1,2020.35,2024.35,2396
2025-03-03 14:45:00+05:30,2024.35,2028.5,2022.0,2026.85,1554
2025-03-03 15:00:00+05:30,2026.9,2063.6,2026.9,2061.1,12933
2025-03-03 15:15:00+05:30,2060.1,2078.05,2060.1,2074.7,15544
2025-03-03 15:30:00+05:30,2074.75,2074.75,2036.4,2039.9,10397
2025-03-04 09:30:00+05:30,2044.7,2044.7,2003.05,2028.7,10281
2025-03-04 09:45:00+05:30,2028.7,2065.1,2028.6,2061.7,13476
2025-03-04 10:00:00+05:30,2061.7,2073.35,2061.7,2073.0,4054
2025-03-04 10:15:00+05:30,2073.1,2078.0,2064.05,2069.6,5384
2025-03-04 10:30:00+05:30,2069.6,2073.5,2061.25,2061.25,1629
2025-03-04 10:45:00+05:30,2060.6,2070.8,2058.75,2069.95,1067
2025-03-04 11:00:00+05:30,2069.95,2081.15,2067.3,2067.5,4123
2025-03-04 11:15:00+05:30,2067.5,2073.65,2061.0,2065.85,1184
2025-03-04 11:30:00+05:30,2063.5,2065.95,2062.0,2063.55,1001
2025-03-04 11:45:00+05:30,2063.55,2069.6,2060.6,2067.0,1987
2025-03-04 12:00:00+05:30,2067.0,2075.0,2059.45,2072.0,2081
2025-03-04 12:15:00+05:30,2072.0,2072.15,2065.85,2069.7,1177
2025-03-04 12:30:00+05:30,2069.7,2069.7,2060.25,2064.35,1093
2025-03-04 12:45:00+05:30,2064.4,2068.45,2056.9,2058.5,1166
2025-03-04 13:00:00+05:30,2058.5,2067.35,2054.9,2054.9,1626
2025-03-04 13:15:00+05:30,2054.9,2056.0,2044.95,2047.5,3351
2025-03-04 13:30:00+05:30,2047.5,2063.5,2045.8,2054.55,8992
2025-03-04 13:45:00+05:30,2054.55,2056.0,2049.75,2056.0,6898
2025-03-04 14:00:00+05:30,2054.05,2055.2,2049.05,2052.9,12941
2025-03-04 14:15:00+05:30,2052.9,2054.0,2050.1,2052.0,10172
2025-03-04 14:30:00+05:30,2052.0,2054.5,2040.05,2043.35,10088
2025-03-04 14:45:00+05:30,2045.35,2049.0,2044.15,2047.85,1832
2025-03-04 15:00:00+05:30,2046.75,2052.0,2045.55,2050.0,7095
2025-03-04 15:15:00+05:30,2049.9,2060.0,2048.55,2049.0,42711
2025-03-04 15:30:00+05:30,2049.0,2050.0,2042.0,2045.0,17287
2025-03-05 09:30:00+05:30,2042.9,2059.6,2030.25,2059.55,7343
2025-03-05 09:45:00+05:30,2059.45,2082.0,2047.85,2081.2,8996
2025-03-05 10:00:00+05:30,2081.2,2083.5,2072.0,2072.0,6875
2025-03-05 10:15:00+05:30,2072.0,2074.0,2070.35,2070.85,10996
2025-03-05 10:30:00+05:30,2070.85,2075.0,2070.25,2071.4,6083
2025-03-05 10:45:00+05:30,2071.45,2093.35,2070.45,2084.8,7533
2025-03-05 11:00:00+05:30,2083.3,2083.3,2073.15,2075.0,16076
2025-03-05 11:15:00+05:30,2075.0,2077.45,2075.0,2075.0,1710
2025-03-05 11:30:00+05:30,2074.7,2077.4,2074.4,2075.0,2369
2025-03-05 11:45:00+05:30,2075.0,2078.0,2055.75,2061.75,7563
2025-03-05 12:00:00+05:30,2061.75,2073.45,2060.65,2067.9,3920
2025-03-05 12:15:00+05:30,2067.9,2084.05,2067.9,2079.7,2053
2025-03-05 12:30:00+05:30,2079.7,2081.65,2073.1,2075.85,2300
2025-03-05 12:45:00+05:30,2075.85,2079.9,2073.75,2076.75,2378
2025-03-05 13:00:00+05:30,2076.75,2081.7,2075.15,2078.05,1355
2025-03-05 13:15:00+05:30,2078.0,2079.95,2072.95,2075.2,1468
2025-03-05 13:30:00+05:30,2075.2,2077.75,2074.1,2075.3,1019
2025-03-05 13:45:00+05:30,2076.7,2084.95,2075.0,2080.6,4405
2025-03-05 14:00:00+05:30,2080.6,2090.0,2073.55,2075.0,4141
2025-03-05 14:15:00+05:30,2075.0,2076.25,2072.45,2075.0,2869
2025-03-05 14:30:00+05:30,2074.05,2075.8,2073.15,2075.0,3538
2025-03-05 14:45:00+05:30,2074.5,2083.9,2073.65,2074.35,8869
2025-03-05 15:00:00+05:30,2075.0,2100.0,2073.65,2097.8,17339
2025-03-05 15:15:00+05:30,2098.0,2110.0,2095.05,2108.75,12994
2025-03-05 15:30:00+05:30,2107.9,2112.0,2090.0,2090.0,10986
2025-03-06 09:30:00+05:30,2121.85,2127.85,2105.0,2119.15,16312
2025-03-06 09:45:00+05:30,2119.15,2142.0,2111.0,2133.1,13328
2025-03-06 10:00:00+05:30,2133.1,2138.8,2130.0,2135.35,8031
2025-03-06 10:15:00+05:30,2135.35,2138.7,2130.3,2135.4,2250
2025-03-06 10:30:00+05:30,2135.4,2138.1,2130.5,2138.1,1603
2025-03-06 10:45:00+05:30,2138.1,2152.45,2135.25,2147.85,8428
2025-03-06 11:00:00+05:30,2147.25,2147.3,2141.8,2141.9,2557
2025-03-06 11:15:00+05:30,2141.9,2163.65,2141.55,2150.65,9270
2025-03-06 11:30:00+05:30,2150.65,2150.7,2130.0,2132.5,4573
2025-03-06 11:45:00+05:30,2132.2,2167.55,2132.15,2167.0,7126
2025-03-06 12:00:00+05:30,2166.5,2177.55,2163.05,2176.6,7941
2025-03-06 12:15:00+05:30,2174.9,2178.85,2158.35,2160.65,6279
2025-03-06 12:30:00+05:30,2160.65,2168.85,2158.55,2166.2,1767
2025-03-06 12:45:00+05:30,2166.2,2167.8,2160.65,2166.8,1563
2025-03-06 13:00:00+05:30,2166.55,2166.9,2160.75,2163.8,1986
2025-03-06 13:15:00+05:30,2163.7,2180.55,2163.0,2170.25,6797
2025-03-06 13:30:00+05:30,2170.25,2179.0,2166.7,2174.95,2731
2025-03-06 13:45:00+05:30,2175.05,2179.4,2172.6,2172.95,2936
2025-03-06 14:00:00+05:30,2172.95,2182.0,2170.45,2174.95,7733
2025-03-06 14:15:00+05:30,2174.95,2179.0,2174.65,2178.5,1816
2025-03-06 14:30:00+05:30,2178.5,2216.4,2175.05,2211.7,34225
2025-03-06 14:45:00+05:30,2210.3,2221.35,2206.9,2216.35,28848
2025-03-06 15:00:00+05:30,2215.1,2240.45,2206.25,2210.0,61195
2025-03-06 15:15:00+05:30,2210.0,2213.8,2207.8,2210.65,40019
2025-03-06 15:30:00+05:30,2210.0,2212.85,2180.0,2196.0,35596
2025-03-07 09:30:00+05:30,2209.25,2209.25,2187.65,2204.8,8501
2025-03-07 09:45:00+05:30,2201.65,2203.0,2192.4,2198.45,7244
2025-03-07 10:00:00+05:30,2198.45,2199.65,2180.0,2183.2,8331
2025-03-07 10:15:00+05:30,2183.15,2191.45,2182.65,2185.5,2310
2025-03-07 10:30:00+05:30,2185.9,2195.65,2182.9,2188.55,4830
2025-03-07 10:45:00+05:30,2188.55,2194.45,2186.45,2190.6,4406
2025-03-07 11:00:00+05:30,2189.65,2193.0,2186.0,2188.45,2603
2025-03-07 11:15:00+05:30,2188.45,2198.0,2187.15,2195.25,1712
2025-03-07 11:30:00+05:30,2196.6,2213.0,2195.45,2210.5,7176
2025-03-07 11:45:00+05:30,2210.5,2219.6,2209.7,2216.0,9668
2025-03-07 12:00:00+05:30,2216.0,2218.45,2205.2,2216.25,11964
2025-03-07 12:15:00+05:30,2216.3,2217.65,2212.85,2215.7,4450
2025-03-07 12:30:00+05:30,2215.7,2229.25,2212.8,2225.9,11187
2025-03-07 12:45:00+05:30,2225.7,2246.95,2220.0,2245.75,21370
2025-03-07 13:00:00+05:30,2245.75,2260.0,2241.9,2256.5,33574
2025-03-07 13:15:00+05:30,2256.5,2257.8,2254.45,2255.2,10399
2025-03-07 13:30:00+05:30,2255.0,2256.45,2229.85,2232.4,13271
2025-03-07 13:45:00+05:30,2232.4,2239.6,2211.25,2232.0,19140
2025-03-07 14:00:00+05:30,2232.0,2232.0,2215.0,2223.9,13099
2025-03-07 14:15:00+05:30,2223.9,2230.8,2223.9,2226.1,7678
2025-03-07 14:30:00+05:30,2226.1,2233.95,2215.0,2223.55,5582
2025-03-07 14:45:00+05:30,2223.6,2225.3,2220.05,2225.0,8763
2025-03-07 15:00:00+05:30,2225.0,2225.65,2221.5,2224.85,6948
2025-03-07 15:15:00+05:30,2224.85,2224.85,2184.8,2187.1,24642
2025-03-07 15:30:00+05:30,2187.1,2195.0,2180.0,2189.0,17549
2025-03-10 09:30:00+05:30,2194.8,2215.0,2188.75,2201.9,7724
2025-03-10 09:45:00+05:30,2201.9,2209.65,2194.0,2196.4,7028
2025-03-10 10:00:00+05:30,2198.85,2207.45,2192.55,2194.55,5094
2025-03-10 10:15:00+05:30,2194.55,2194.55,2181.2,2192.05,2985
2025-03-10 10:30:00+05:30,2192.05,2192.95,2175.85,2178.8,3865
2025-03-10 10:45:00+05:30,2180.25,2185.65,2179.1,2182.7,937
2025-03-10 11:00:00+05:30,2182.7,2198.7,2181.2,2196.8,2229
2025-03-10 11:15:00+05:30,2196.8,2199.0,2191.55,2196.7,3177
2025-03-10 11:30:00+05:30,2196.7,2204.7,2195.6,2201.0,2964
2025-03-10 11:45:00+05:30,2201.0,2206.45,2200.5,2204.0,1639
2025-03-10 12:00:00+05:30,2204.0,2205.25,2200.0,2201.7,1162
2025-03-10 12:15:00+05:30,2201.7,2203.65,2200.0,2202.3,742
2025-03-10 12:30:00+05:30,2202.55,2203.05,2190.85,2194.0,1355
2025-03-10 12:45:00+05:30,2194.0,2199.7,2192.0,2198.9,957
2025-03-10 13:00:00+05:30,2198.9,2199.4,2196.95,2198.5,386
2025-03-10 13:15:00+05:30,2198.5,2199.6,2191.15,2191.15,2145
2025-03-10 13:30:00+05:30,2192.65,2198.75,2186.0,2197.5,2113
2025-03-10 13:45:00+05:30,2197.5,2203.75,2189.25,2193.6,3028
2025-03-10 14:00:00+05:30,2193.6,2200.0,2186.55,2192.5,5300
2025-03-10 14:15:00+05:30,2192.9,2196.0,2187.55,2187.6,2684
2025-03-10 14:30:00+05:30,2187.6,2188.2,2178.0,2184.2,7742
2025-03-10 14:45:00+05:30,2182.25,2185.95,2178.2,2182.4,3097
2025-03-10 15:00:00+05:30,2182.4,2193.6,2182.4,2192.7,3220
2025-03-10 15:15:00+05:30,2192.0,2197.8,2189.8,2197.3,5484
2025-03-10 15:30:00+05:30,2197.2,2199.85,2177.35,2183.75,8887
2025-03-11 09:30:00+05:30,2150.0,2185.0,2144.9,2181.05,10613
2025-03-11 09:45:00+05:30,2182.95,2186.55,2165.1,2181.3,5453
2025-03-11 10:00:00+05:30,2183.6,2183.6,2167.3,2179.0,3312
2025-03-11 10:15:00+05:30,2178.8,2183.0,2168.6,2176.15,2289
2025-03-11 10:30:00+05:30,2176.15,2177.85,2169.0,2171.65,1050
2025-03-11 10:45:00+05:30,2171.7,2177.5,2162.0,2177.4,2050
2025-03-11 11:00:00+05:30,2175.55,2186.6,2173.6,2185.5,1589
2025-03-11 11:15:00+05:30,2185.5,2189.0,2180.0,2183.4,1155
2025-03-11 11:30:00+05:30,2183.4,2194.0,2175.0,2188.95,4252
2025-03-11 11:45:00+05:30,2188.95,2188.95,2182.6,2185.8,1023
2025-03-11 12:00:00+05:30,2185.75,2186.4,2175.6,2182.05,1487
2025-03-11 12:15:00+05:30,2182.05,2182.1,2176.0,2180.55,841
2025-03-11 12:30:00+05:30,2180.5,2184.85,2179.35,2180.3,782
2025-03-11 12:45:00+05:30,2178.5,2187.5,2178.5,2186.4,2313
2025-03-11 13:00:00+05:30,2186.4,2186.9,2175.4,2178.65,6335
2025-03-11 13:15:00+05:30,2178.65,2179.75,2168.0,2174.55,3534
2025-03-11 13:30:00+05:30,2174.55,2179.0,2171.45,2178.6,1051
2025-03-11 13:45:00+05:30,2178.5,2179.95,2171.75,2178.75,3740
2025-03-11 14:00:00+05:30,2178.75,2184.5,2178.75,2181.85,1157
2025-03-11 14:15:00+05:30,2179.45,2184.0,2178.75,2179.85,820
2025-03-11 14:30:00+05:30,2179.8,2184.0,2177.3,2180.0,6766
2025-03-11 14:45:00+05:30,2180.6,2182.0,2177.3,2178.2,2967
2025-03-11 15:00:00+05:30,2178.2,2180.95,2177.0,2180.95,4447
2025-03-11 15:15:00+05:30,2180.95,2183.95,2179.0,2182.0,15043
2025-03-11 15:30:00+05:30,2182.0,2192.9,2171.0,2180.0,11216
2025-03-12 09:30:00+05:30,2194.15,2200.0,2154.5,2163.2,8605
2025-03-12 09:45:00+05:30,2164.65,2170.35,2160.05,2164.15,2006
2025-03-12 10:00:00+05:30,2164.15,2167.35,2159.0,2159.5,2005
2025-03-12 10:15:00+05:30,2159.5,2161.8,2157.25,2160.0,1284
2025-03-12 10:30:00+05:30,2160.0,2167.65,2158.4,2165.0,892
2025-03-12 10:45:00+05:30,2165.5,2169.3,2163.2,2169.3,1193
2025-03-12 11:00:00+05:30,2169.0,2169.1,2160.0,2162.2,959
2025-03-12 11:15:00+05:30,2163.8,2167.35,2162.9,2163.0,746
2025-03-12 11:30:00+05:30,2163.0,2165.0,2158.6,2160.05,698
2025-03-12 11:45:00+05:30,2160.05,2161.65,2155.0,2159.8,1216
2025-03-12 12:00:00+05:30,2159.8,2170.5,2155.0,2161.1,2765
2025-03-12 12:15:00+05:30,2161.1,2166.85,2161.1,2164.05,502
2025-03-12 12:30:00+05:30,2164.05,2168.0,2161.95,2165.0,586
2025-03-12 12:45:00+05:30,2165.0,2166.0,2157.05,2160.25,1337
2025-03-12 13:00:00+05:30,2160.25,2165.1,2158.65,2158.65,789
2025-03-12 13:15:00+05:30,2158.65,2161.25,2157.55,2159.35,244
2025-03-12 13:30:00+05:30,2159.35,2166.0,2159.35,2165.65,633
2025-03-12 13:45:00+05:30,2165.65,2168.15,2155.0,2156.45,2280
2025-03-12 14:00:00+05:30,2156.45,2164.2,2156.45,2161.0,1301
2025-03-12 14:15:00+05:30,2161.1,2168.0,2159.5,2166.4,1675
2025-03-12 14:30:00+05:30,2166.4,2178.45,2165.0,2178.45,8496
2025-03-12 14:45:00+05:30,2178.4,2178.85,2173.5,2173.5,2454
2025-03-12 15:00:00+05:30,2173.45,2197.0,2173.4,2191.8,10373
2025-03-12 15:15:00+05:30,2192.55,2200.0,2187.6,2195.0,8830
2025-03-12 15:30:00+05:30,2194.75,2194.95,2147.6,2163.0,22626
2025-03-13 09:30:00+05:30,2163.05,2182.95,2151.6,2159.9,5988
2025-03-13 09:45:00+05:30,2162.05,2164.85,2159.95,2161.35,588
2025-03-13 10:00:00+05:30,2161.35,2164.65,2159.2,2163.5,882
2025-03-13 10:15:00+05:30,2163.6,2200.75,2163.45,2200.0,6618
2025-03-13 10:30:00+05:30,2200.0,2217.85,2197.3,2214.05,7268
2025-03-13 10:45:00+05:30,2223.05,2226.95,2198.6,2200.0,8989
2025-03-13 11:00:00+05:30,2200.0,2205.85,2197.75,2197.75,4047
2025-03-13 11:15:00+05:30,2197.75,2203.55,2197.75,2200.0,2290
2025-03-13 11:30:00+05:30,2200.0,2201.05,2197.3,2200.0,4089
2025-03-13 11:45:00+05:30,2200.0,2208.0,2197.05,2208.0,26783
2025-03-13 12:00:00+05:30,2208.05,2210.0,2199.2,2202.05,2548
2025-03-13 12:15:00+05:30,2201.65,2203.3,2199.05,2203.0,856
2025-03-13 12:30:00+05:30,2203.0,2205.7,2200.55,2201.6,1370
2025-03-13 12:45:00+05:30,2202.55,2207.95,2200.5,2201.85,1349
2025-03-13 13:00:00+05:30,2201.85,2204.1,2185.25,2185.25,20395
2025-03-13 13:15:00+05:30,2185.25,2185.25,2160.0,2169.05,25451
2025-03-13 13:30:00+05:30,2169.05,2180.0,2163.45,2176.95,3054
2025-03-13 13:45:00+05:30,2176.95,2193.1,2169.6,2191.5,4412
2025-03-13 14:00:00+05:30,2191.5,2192.85,2190.0,2191.55,2406
2025-03-13 14:15:00+05:30,2190.05,2191.55,2190.0,2190.45,3077
2025-03-13 14:30:00+05:30,2190.45,2191.4,2189.9,2190.0,2891
2025-03-13 14:45:00+05:30,2190.0,2190.55,2189.9,2190.0,2794
2025-03-13 15:00:00+05:30,2190.0,2193.95,2190.0,2193.0,5699
2025-03-13 15:15:00+05:30,2191.9,2194.25,2190.0,2191.95,7366
2025-03-13 15:30:00+05:30,2191.95,2192.9,2190.0,2190.0,13379
2025-03-17 09:30:00+05:30,2190.0,2235.0,2182.0,2213.0,18887
2025-03-17 09:45:00+05:30,2213.0,2236.9,2203.05,2232.6,19539
2025-03-17 10:00:00+05:30,2232.45,2238.3,2219.2,2233.55,12145
2025-03-17 10:15:00+05:30,2233.55,2234.65,2230.0,2230.3,5494
2025-03-17 10:30:00+05:30,2230.3,2231.85,2227.05,2227.65,4238
2025-03-17 10:45:00+05:30,2227.3,2228.2,2210.0,2214.85,2932
2025-03-17 11:00:00+05:30,2214.95,2225.0,2213.0,2221.5,2413
2025-03-17 11:15:00+05:30,2223.35,2242.3,2222.0,2240.0,7847
2025-03-17 11:30:00+05:30,2240.0,2251.45,2231.6,2234.85,9286
2025-03-17 11:45:00+05:30,2234.85,2240.95,2232.0,2235.0,1634
2025-03-17 12:00:00+05:30,2235.0,2235.0,2228.25,2229.4,2841
2025-03-17 12:15:00+05:30,2229.35,2233.7,2228.1,2229.25,1783
2025-03-17 12:30:00+05:30,2229.25,2230.8,2228.1,2228.35,699
2025-03-17 12:45:00+05:30,2228.5,2228.5,2216.15,2220.75,2836
2025-03-17 13:00:00+05:30,2222.15,2222.15,2215.2,2216.65,944
2025-03-17 13:15:00+05:30,2216.65,2216.9,2213.1,2214.5,2384
2025-03-17 13:30:00+05:30,2214.1,2216.6,2214.1,2215.5,823
2025-03-17 13:45:00+05:30,2215.5,2218.65,2214.15,2218.0,1841
2025-03-17 14:00:00+05:30,2218.0,2223.6,2218.0,2223.6,1797
2025-03-17 14:15:00+05:30,2223.6,2225.55,2220.05,2223.0,2934
2025-03-17 14:30:00+05:30,2223.0,2225.3,2219.5,2221.65,3586
2025-03-17 14:45:00+05:30,2221.65,2221.75,2215.0,2215.65,3518
2025-03-17 15:00:00+05:30,2215.65,2222.2,2215.0,2219.85,1702
2025-03-17 15:15:00+05:30,2219.85,2223.6,2216.0,2220.1,5021
2025-03-17 15:30:00+05:30,2219.8,2220.45,2202.65,2212.95,8778
2025-03-18 09:30:00+05:30,2214.35,2231.95,2210.0,2222.35,8467
2025-03-18 09:45:00+05:30,2223.3,2224.8,2207.3,2218.95,3898
2025-03-18 10:00:00+05:30,2218.95,2220.5,2213.05,2217.0,2321
2025-03-18 10:15:00+05:30,2217.0,2225.35,2214.6,2222.9,3327
2025-03-18 10:30:00+05:30,2222.9,2224.0,2214.55,2222.9,2276
2025-03-18 10:45:00+05:30,2222.9,2239.0,2222.0,2232.95,5319
2025-03-18 11:00:00+05:30,2232.95,2235.05,2225.9,2228.5,2937
2025-03-18 11:15:00+05:30,2228.0,2230.6,2225.15,2227.2,1836
2025-03-18 11:30:00+05:30,2226.6,2231.0,2213.8,2217.6,4183
2025-03-18 11:45:00+05:30,2217.6,2223.0,2215.25,2217.95,1160
2025-03-18 12:00:00+05:30,2218.0,2222.4,2217.75,2219.9,971
2025-03-18 12:15:00+05:30,2219.9,2221.2,2217.1,2220.0,410
2025-03-18 12:30:00+05:30,2220.0,2230.0,2218.0,2223.4,2115
2025-03-18 12:45:00+05:30,2223.4,2233.0,2220.65,2230.7,7422
2025-03-18 13:00:00+05:30,2230.65,2231.05,2226.85,2230.55,3167
2025-03-18 13:15:00+05:30,2230.4,2233.0,2229.35,2233.0,2547
2025-03-18 13:30:00+05:30,2232.9,2233.35,2230.0,2232.75,2755
2025-03-18 13:45:00+05:30,2232.75,2233.35,2230.15,2231.05,2736
2025-03-18 14:00:00+05:30,2232.7,2233.5,2230.55,2233.0,2651
2025-03-18 14:15:00+05:30,2232.9,2234.5,2231.25,2234.45,4925
2025-03-18 14:30:00+05:30,2232.75,2235.0,2231.6,2234.95,3559
2025-03-18 14:45:00+05:30,2233.5,2250.0,2232.65,2244.7,12657
2025-03-18 15:00:00+05:30,2243.0,2255.0,2243.0,2249.15,17900
2025-03-18 15:15:00+05:30,2250.65,2251.9,2243.0,2247.8,7056
2025-03-18 15:30:00+05:30,2247.8,2251.0,2241.05,2250.0,15451
2025-03-19 09:30:00+05:30,2260.0,2260.0,2235.3,2246.35,11324
2025-03-19 09:45:00+05:30,2244.2,2248.9,2240.7,2244.3,6781
2025-03-19 10:00:00+05:30,2244.3,2245.85,2235.5,2242.5,4740
2025-03-19 10:15:00+05:30,2242.45,2243.3,2232.2,2235.0,3185
2025-03-19 10:30:00+05:30,2235.0,2245.65,2234.6,2242.4,3286
2025-03-19 10:45:00+05:30,2243.8,2264.9,2243.1,2254.95,19729
2025-03-19 11:00:00+05:30,2255.15,2257.45,2250.35,2254.75,3893
2025-03-19 11:15:00+05:30,2254.75,2260.4,2253.4,2259.55,3060
2025-03-19 11:30:00+05:30,2259.55,2259.55,2255.45,2259.3,2352
2025-03-19 11:45:00+05:30,2259.3,2260.0,2256.25,2258.35,2008
2025-03-19 12:00:00+05:30,2258.35,2259.95,2253.05,2256.4,4298
2025-03-19 12:15:00+05:30,2256.4,2260.0,2255.65,2258.0,1838
2025-03-19 12:30:00+05:30,2258.0,2258.0,2253.75,2257.05,1018
2025-03-19 12:45:00+05:30,2257.05,2266.5,2256.85,2262.35,4595
2025-03-19 13:00:00+05:30,2262.35,2273.05,2260.1,2268.25,6399
2025-03-19 13:15:00+05:30,2268.25,2274.45,2257.25,2259.65,7263
2025-03-19 13:30:00+05:30,2258.4,2260.15,2255.15,2257.65,1289
2025-03-19 13:45:00+05:30,2257.65,2259.95,2242.0,2244.9,4683
2025-03-19 14:00:00+05:30,2244.9,2252.6,2244.0,2249.9,3917
2025-03-19 14:15:00+05:30,2248.85,2259.2,2248.75,2253.75,4676
2025-03-19 14:30:00+05:30,2253.75,2257.95,2250.7,2257.35,1521
2025-03-19 14:45:00+05:30,2257.35,2276.6,2255.2,2276.1,11604
2025-03-19 15:00:00+05:30,2276.1,2285.0,2272.55,2276.45,10078
2025-03-19 15:15:00+05:30,2275.75,2278.4,2274.05,2275.0,8992
2025-03-19 15:30:00+05:30,2275.1,2275.15,2262.85,2270.9,30226
2025-03-20 09:30:00+05:30,2285.0,2305.85,2278.2,2286.85,11578
2025-03-20 09:45:00+05:30,2286.85,2290.75,2285.0,2286.0,3414
2025-03-20 10:00:00+05:30,2286.0,2286.75,2272.3,2284.0,4357
2025-03-20 10:15:00+05:30,2283.85,2283.85,2260.9,2267.6,6147
2025-03-20 10:30:00+05:30,2267.6,2278.25,2267.6,2275.55,1461
2025-03-20 10:45:00+05:30,2275.55,2282.0,2272.0,2275.9,1255
2025-03-20 11:00:00+05:30,2274.9,2287.95,2268.4,2273.5,3681
2025-03-20 11:15:00+05:30,2273.5,2281.4,2270.55,2272.95,1233
2025-03-20 11:30:00+05:30,2272.95,2274.4,2269.0,2272.0,917
2025-03-20 11:45:00+05:30,2272.0,2275.5,2269.0,2269.55,1154
2025-03-20 12:00:00+05:30,2269.55,2280.0,2269.3,2270.5,3082
2025-03-20 12:15:00+05:30,2270.5,2275.4,2268.05,2273.2,1931
2025-03-20 12:30:00+05:30,2273.2,2277.6,2272.6,2277.3,845
2025-03-20 12:45:00+05:30,2277.3,2282.7,2273.4,2280.45,1731
2025-03-20 13:00:00+05:30,2280.45,2280.45,2274.6,2276.3,511
2025-03-20 13:15:00+05:30,2278.15,2287.45,2275.5,2280.85,2845
2025-03-20 13:30:00+05:30,2280.1,2284.0,2279.55,2283.15,1421
2025-03-20 13:45:00+05:30,2283.15,2286.7,2281.0,2285.25,2163
2025-03-20 14:00:00+05:30,2286.2,2287.5,2283.0,2283.45,2095
2025-03-20 14:15:00+05:30,2283.45,2284.95,2281.2,2281.2,1989
2025-03-20 14:30:00+05:30,2281.2,2284.6,2280.0,2280.05,2404
2025-03-20 14:45:00+05:30,2281.65,2285.95,2280.1,2282.2,6356
2025-03-20 15:00:00+05:30,2283.2,2289.0,2282.0,2289.0,7673
2025-03-20 15:15:00+05:30,2289.45,2292.0,2285.0,2285.0,12526
2025-03-20 15:30:00+05:30,2284.2,2287.0,2242.0,2242.0,11260
2025-03-21 09:30:00+05:30,2285.0,2298.7,2279.0,2292.55,4074
2025-03-21 09:45:00+05:30,2292.55,2293.65,2276.15,2276.15,3927
2025-03-21 10:00:00+05:30,2275.15,2277.0,2262.2,2266.0,5445
2025-03-21 10:15:00+05:30,2266.0,2266.85,2256.25,2259.8,4601
2025-03-21 10:30:00+05:30,2259.8,2262.9,2257.25,2261.55,2442
2025-03-21 10:45:00+05:30,2263.25,2268.5,2253.55,2259.0,6107
2025-03-21 11:00:00+05:30,2259.75,2263.35,2259.7,2260.95,1668
2025-03-21 11:15:00+05:30,2260.95,2264.0,2260.1,2260.3,3562
2025-03-21 11:30:00+05:30,2260.3,2262.0,2260.0,2262.0,1323
2025-03-21 11:45:00+05:30,2262.25,2266.5,2261.15,2262.95,5199
2025-03-21 12:00:00+05:30,2262.95,2265.0,2262.0,2262.2,1749
2025-03-21 12:15:00+05:30,2262.55,2265.0,2262.05,2263.6,1066
2025-03-21 12:30:00+05:30,2263.8,2263.95,2262.05,2263.75,1069
2025-03-21 12:45:00+05:30,2263.7,2265.0,2262.3,2263.5,1637
2025-03-21 13:00:00+05:30,2263.5,2265.9,2262.35,2262.6,1529
2025-03-21 13:15:00+05:30,2263.85,2266.0,2262.35,2262.35,1938
2025-03-21 13:30:00+05:30,2262.35,2262.75,2256.0,2258.95,1792
2025-03-21 13:45:00+05:30,2258.95,2262.8,2256.0,2258.05,2373
2025-03-21 14:00:00+05:30,2259.2,2260.55,2251.65,2256.85,4197
2025-03-21 14:15:00+05:30,2256.8,2266.5,2255.5,2263.8,4098
2025-03-21 14:30:00+05:30,2263.75,2266.45,2260.1,2260.15,2135
2025-03-21 14:45:00+05:30,2261.15,2266.5,2259.9,2263.6,2140
2025-03-21 15:00:00+05:30,2263.65,2284.85,2261.05,2283.1,10726
2025-03-21 15:15:00+05:30,2283.1,2318.7,2282.7,2311.75,32686
2025-03-21 15:30:00+05:30,2312.6,2331.0,2279.0,2300.0,31831
2025-03-24 09:30:00+05:30,2307.7,2342.0,2302.55,2318.2,11441
2025-03-24 09:45:00+05:30,2319.2,2319.2,2289.0,2306.65,10070
2025-03-24 10:00:00+05:30,2309.35,2322.25,2303.3,2322.0,3068
2025-03-24 10:15:00+05:30,2319.45,2325.0,2316.05,2324.95,3310
2025-03-24 10:30:00+05:30,2324.95,2332.9,2311.0,2311.7,6436
2025-03-24 10:45:00+05:30,2311.7,2317.95,2306.95,2316.8,2696
2025-03-24 11:00:00+05:30,2316.8,2324.75,2313.15,2320.0,132161
2025-03-24 11:15:00+05:30,2320.0,2320.0,2313.65,2316.0,2301
2025-03-24 11:30:00+05:30,2316.0,2318.15,2301.05,2305.35,23135
2025-03-24 11:45:00+05:30,2305.35,2306.45,2301.05,2301.05,1384
2025-03-24 12:00:00+05:30,2301.05,2304.45,2294.5,2295.5,4639
2025-03-24 12:15:00+05:30,2295.5,2299.0,2295.05,2298.8,2188
2025-03-24 12:30:00+05:30,2298.8,2298.9,2288.4,2289.0,2585
2025-03-24 12:45:00+05:30,2289.0,2289.75,2285.15,2286.1,3598
2025-03-24 13:00:00+05:30,2286.1,2290.6,2286.0,2290.4,1333
2025-03-24 13:15:00+05:30,2288.45,2294.9,2288.4,2293.5,1076
2025-03-24 13:30:00+05:30,2293.5,2307.65,2293.5,2306.15,3491
2025-03-24 13:45:00+05:30,2306.4,2317.9,2302.1,2302.5,2480
2025-03-24 14:00:00+05:30,2302.45,2304.45,2296.6,2302.85,2924
2025-03-24 14:15:00+05:30,2302.85,2324.9,2297.0,2323.0,5656
2025-03-24 14:30:00+05:30,2322.7,2324.9,2312.1,2320.5,3806
2025-03-24 14:45:00+05:30,2320.5,2334.85,2316.5,2325.05,10521
2025-03-24 15:00:00+05:30,2325.05,2331.95,2318.5,2320.1,4780
2025-03-24 15:15:00+05:30,2320.1,2322.1,2295.0,2304.65,9139
2025-03-24 15:30:00+05:30,2305.95,2305.95,2290.0,2292.05,7187
2025-03-25 09:30:00+05:30,2290.0,2338.7,2290.0,2297.05,15342
2025-03-25 09:45:00+05:30,2297.05,2340.0,2291.0,2339.4,21994
2025-03-25 10:00:00+05:30,2339.0,2355.95,2335.5,2348.95,14732
2025-03-25 10:15:00+05:30,2348.95,2349.9,2338.4,2338.4,8391
2025-03-25 10:30:00+05:30,2338.4,2342.0,2328.9,2337.55,7724
2025-03-25 10:45:00+05:30,2335.2,2336.85,2323.0,2325.75,5535
2025-03-25 11:00:00+05:30,2325.75,2346.85,2325.1,2346.85,5057
2025-03-25 11:15:00+05:30,2342.7,2350.0,2340.5,2346.3,12778
2025-03-25 11:30:00+05:30,2346.3,2352.25,2338.5,2342.95,8069
2025-03-25 11:45:00+05:30,2343.2,2349.2,2336.65,2339.5,6354
2025-03-25 12:00:00+05:30,2339.5,2343.25,2328.1,2335.0,8488
2025-03-25 12:15:00+05:30,2335.0,2338.6,2331.3,2333.75,8532
2025-03-25 12:30:00+05:30,2334.8,2335.0,2331.0,2333.1,3203
2025-03-25 12:45:00+05:30,2333.0,2335.0,2330.45,2332.9,3098
2025-03-25 13:00:00+05:30,2332.85,2335.0,2330.1,2333.4,3046
2025-03-25 13:15:00+05:30,2333.4,2335.25,2330.55,2334.65,2366
2025-03-25 13:30:00+05:30,2334.65,2335.0,2328.05,2334.55,2538
2025-03-25 13:45:00+05:30,2334.55,2335.4,2330.0,2335.0,3949
2025-03-25 14:00:00+05:30,2335.0,2335.25,2331.5,2335.0,5535
2025-03-25 14:15:00+05:30,2335.0,2353.75,2332.0,2352.35,6378
2025-03-25 14:30:00+05:30,2352.35,2370.6,2332.0,2336.0,21300
2025-03-25 14:45:00+05:30,2336.0,2338.6,2325.45,2335.45,67711
2025-03-25 15:00:00+05:30,2335.45,2342.35,2333.85,2338.1,10820
2025-03-25 15:15:00+05:30,2338.45,2345.95,2333.0,2335.75,25720
2025-03-25 15:30:00+05:30,2336.85,2338.25,2312.6,2322.2,28520
2025-03-26 09:30:00+05:30,2332.0,2332.0,2302.85,2307.2,7545
2025-03-26 09:45:00+05:30,2307.65,2326.45,2301.0,2301.0,8948
2025-03-26 10:00:00+05:30,2301.0,2306.95,2295.15,2304.8,4746
2025-03-26 10:15:00+05:30,2304.8,2332.0,2301.0,2328.65,3821
2025-03-26 10:30:00+05:30,2330.95,2339.9,2326.95,2328.85,5370
2025-03-26 10:45:00+05:30,2330.75,2335.45,2317.4,2325.35,3883
2025-03-26 11:00:00+05:30,2325.4,2340.0,2323.85,2339.4,6735
2025-03-26 11:15:00+05:30,2339.45,2348.85,2330.2,2334.9,7513
2025-03-26 11:30:00+05:30,2334.95,2335.0,2319.25,2325.0,4127
2025-03-26 11:45:00+05:30,2325.0,2325.0,2321.0,2324.45,2556
2025-03-26 12:00:00+05:30,2324.5,2325.0,2319.7,2323.65,3114
2025-03-26 12:15:00+05:30,2321.6,2332.7,2315.25,2330.9,4070
2025-03-26 12:30:00+05:30,2330.95,2331.3,2326.45,2330.35,10106
2025-03-26 12:45:00+05:30,2330.35,2331.45,2328.15,2331.45,6895
2025-03-26 13:00:00+05:30,2330.05,2331.2,2325.75,2330.0,6625
2025-03-26 13:15:00+05:30,2330.0,2330.8,2326.55,2330.35,3341
2025-03-26 13:30:00+05:30,2328.85,2331.4,2327.2,2330.9,11061
2025-03-26 13:45:00+05:30,2330.8,2331.8,2327.6,2329.35,8700
2025-03-26 14:00:00+05:30,2329.35,2330.1,2325.3,2325.3,3643
2025-03-26 14:15:00+05:30,2327.85,2330.4,2327.55,2330.0,3997
2025-03-26 14:30:00+05:30,2330.0,2331.65,2328.05,2329.9,9035
2025-03-26 14:45:00+05:30,2329.95,2331.9,2323.5,2330.45,6085
2025-03-26 15:00:00+05:30,2330.0,2343.55,2329.0,2343.0,15600
2025-03-26 15:15:00+05:30,2343.0,2369.0,2335.0,2361.0,20088
2025-03-26 15:30:00+05:30,2363.65,2365.0,2334.0,2334.0,18279
2025-03-27 09:30:00+05:30,2334.0,2344.05,2322.0,2330.05,6102
2025-03-27 09:45:00+05:30,2330.05,2349.85,2327.0,2345.8,3799
2025-03-27 10:00:00+05:30,2345.8,2348.3,2338.2,2341.95,1677
2025-03-27 10:15:00+05:30,2341.95,2348.95,2339.1,2346.0,1269
2025-03-27 10:30:00+05:30,2346.0,2360.75,2345.85,2360.75,4172
2025-03-27 10:45:00+05:30,2359.05,2364.4,2357.9,2362.5,2137
2025-03-27 11:00:00+05:30,2362.5,2368.0,2360.55,2364.75,2252
2025-03-27 11:15:00+05:30,2362.8,2379.5,2358.2,2379.0,4707
2025-03-27 11:30:00+05:30,2377.0,2380.0,2370.05,2370.05,5626
2025-03-27 11:45:00+05:30,2370.05,2375.85,2370.05,2371.25,2266
2025-03-27 12:00:00+05:30,2371.25,2375.0,2364.85,2366.8,4309
2025-03-27 12:15:00+05:30,2366.8,2377.55,2366.8,2373.85,4114
2025-03-27 12:30:00+05:30,2373.85,2374.0,2349.5,2349.5,7209
2025-03-27 12:45:00+05:30,2350.8,2352.0,2348.1,2350.1,2710
2025-03-27 13:00:00+05:30,2350.1,2351.05,2347.0,2348.7,3439
2025-03-27 13:15:00+05:30,2348.7,2350.0,2345.0,2349.95,2456
2025-03-27 13:30:00+05:30,2348.5,2350.05,2347.45,2349.7,4142
2025-03-27 13:45:00+05:30,2349.7,2350.0,2343.0,2345.0,2458
2025-03-27 14:00:00+05:30,2345.0,2346.55,2342.0,2342.2,1410
2025-03-27 14:15:00+05:30,2344.3,2350.0,2343.75,2348.0,4962
2025-03-27 14:30:00+05:30,2349.45,2350.0,2345.6,2350.0,1658
2025-03-27 14:45:00+05:30,2350.0,2391.0,2348.2,2390.0,18656
2025-03-27 15:00:00+05:30,2390.0,2395.0,2386.15,2392.0,12723
2025-03-27 15:15:00+05:30,2389.9,2390.9,2357.15,2369.25,16484
2025-03-27 15:30:00+05:30,2372.4,2389.0,2367.45,2382.0,11765
2025-03-28 09:30:00+05:30,2375.35,2399.0,2352.6,2355.45,7602
2025-03-28 09:45:00+05:30,2355.45,2372.45,2341.9,2372.45,23319
2025-03-28 10:00:00+05:30,2371.05,2382.1,2355.15,2379.5,4267
2025-03-28 10:15:00+05:30,2379.5,2379.5,2363.0,2366.05,3259
2025-03-28 10:30:00+05:30,2366.05,2369.35,2360.65,2367.2,1327
2025-03-28 10:45:00+05:30,2368.85,2372.0,2363.1,2363.1,3045
2025-03-28 11:00:00+05:30,2363.1,2367.3,2358.1,2363.4,4884
2025-03-28 11:15:00+05:30,2363.4,2365.6,2357.0,2357.0,1350
2025-03-28 11:30:00+05:30,2357.0,2358.6,2355.0,2356.4,2100
2025-03-28 11:45:00+05:30,2356.4,2358.6,2346.95,2348.9,1853
2025-03-28 12:00:00+05:30,2348.9,2355.1,2346.15,2347.05,6038
2025-03-28 12:15:00+05:30,2347.05,2348.1,2342.1,2344.8,2198
2025-03-28 12:30:00+05:30,2344.85,2345.0,2341.1,2343.0,1363
2025-03-28 12:45:00+05:30,2343.0,2344.85,2340.05,2343.35,2088
2025-03-28 13:00:00+05:30,2343.35,2345.0,2339.85,2343.65,1863
2025-03-28 13:15:00+05:30,2343.65,2344.85,2335.45,2340.0,2439
2025-03-28 13:30:00+05:30,2340.0,2344.45,2337.05,2343.65,1184
2025-03-28 13:45:00+05:30,2343.65,2343.65,2335.0,2337.25,2805
2025-03-28 14:00:00+05:30,2337.25,2338.05,2333.0,2333.0,1217
2025-03-28 14:15:00+05:30,2333.0,2342.25,2331.35,2341.85,1740
2025-03-28 14:30:00+05:30,2341.0,2345.0,2338.55,2345.0,1587
2025-03-28 14:45:00+05:30,2343.15,2359.85,2331.15,2334.4,18300
2025-03-28 15:00:00+05:30,2340.3,2404.35,2340.3,2403.0,35161
2025-03-28 15:15:00+05:30,2404.0,2450.0,2401.35,2426.0,49275
2025-03-28 15:30:00+05:30,2426.3,2438.6,2425.0,2425.0,26908
2025-04-01 09:30:00+05:30,2429.05,2461.1,2395.8,2405.9,17153
2025-04-01 09:45:00+05:30,2405.9,2420.85,2386.55,2390.15,11420
2025-04-01 10:00:00+05:30,2390.15,2406.9,2389.0,2392.9,6827
2025-04-01 10:15:00+05:30,2392.9,2397.45,2390.15,2391.5,66928
2025-04-01 10:30:00+05:30,2391.5,2397.0,2381.0,2382.5,6410
2025-04-01 10:45:00+05:30,2382.5,2387.7,2380.2,2386.0,5990
2025-04-01 11:00:00+05:30,2386.0,2391.9,2380.2,2381.0,5944
2025-04-01 11:15:00+05:30,2382.85,2384.25,2370.5,2370.95,7030
2025-04-01 11:30:00+05:30,2370.95,2378.8,2369.0,2373.45,2920
2025-04-01 11:45:00+05:30,2373.45,2373.45,2362.55,2367.95,3956
2025-04-01 12:00:00+05:30,2367.95,2370.1,2353.25,2354.2,7222
2025-04-01 12:15:00+05:30,2354.2,2359.35,2350.0,2359.35,5670
2025-04-01 12:30:00+05:30,2359.35,2359.35,2350.2,2350.5,4444
2025-04-01 12:45:00+05:30,2350.5,2359.35,2350.5,2352.5,4805
2025-04-01 13:00:00+05:30,2352.5,2390.25,2351.95,2382.0,357338
2025-04-01 13:15:00+05:30,2383.8,2384.0,2373.1,2374.7,2695
2025-04-01 13:30:00+05:30,2374.7,2375.0,2355.0,2365.5,5553
2025-04-01 13:45:00+05:30,2366.85,2366.85,2361.0,2364.1,2946
2025-04-01 14:00:00+05:30,2363.7,2367.8,2360.0,2360.0,2605
2025-04-01 14:15:00+05:30,2360.0,2434.4,2360.0,2396.9,27239
2025-04-01 14:30:00+05:30,2392.25,2393.55,2372.15,2372.15,13497
2025-04-01 14:45:00+05:30,2373.45,2374.5,2351.0,2351.95,11947
2025-04-01 15:00:00+05:30,2350.3,2355.05,2334.75,2338.3,15225
2025-04-01 15:15:00+05:30,2337.45,2354.05,2325.55,2338.15,16805
2025-04-01 15:30:00+05:30,2337.6,2349.45,2305.05,2345.0,42118
2025-04-02 09:30:00+05:30,2330.0,2349.9,2311.35,2337.75,11970
2025-04-02 09:45:00+05:30,2337.75,2353.95,2334.0,2350.95,5113
2025-04-02 10:00:00+05:30,2350.95,2350.95,2341.15,2343.85,3863
2025-04-02 10:15:00+05:30,2342.3,2357.4,2341.5,2342.6,5448
2025-04-02 10:30:00+05:30,2342.6,2345.55,2333.05,2337.5,1975
2025-04-02 10:45:00+05:30,2337.5,2338.0,2332.0,2336.5,2588
2025-04-02 11:00:00+05:30,2336.5,2350.0,2336.5,2346.8,1257
2025-04-02 11:15:00+05:30,2347.0,2358.45,2342.15,2353.6,2840
2025-04-02 11:30:00+05:30,2353.6,2373.55,2350.05,2373.55,6706
2025-04-02 11:45:00+05:30,2373.55,2388.95,2367.9,2380.2,6514
2025-04-02 12:00:00+05:30,2380.2,2392.9,2380.2,2392.9,5118
2025-04-02 12:15:00+05:30,2392.9,2397.0,2392.8,2395.6,6410
2025-04-02 12:30:00+05:30,2396.45,2401.0,2375.35,2381.85,11217
2025-04-02 12:45:00+05:30,2381.85,2382.25,2368.0,2370.95,3838
2025-04-02 13:00:00+05:30,2370.95,2376.9,2367.55,2375.0,4357
2025-04-02 13:15:00+05:30,2375.0,2377.45,2372.05,2375.0,2392
2025-04-02 13:30:00+05:30,2375.0,2378.2,2372.5,2374.75,2445
2025-04-02 13:45:00+05:30,2375.0,2375.4,2372.1,2375.0,1742
2025-04-02 14:00:00+05:30,2375.0,2378.2,2372.85,2375.0,2574
2025-04-02 14:15:00+05:30,2374.5,2376.2,2373.05,2374.45,1874
2025-04-02 14:30:00+05:30,2374.45,2376.1,2372.3,2374.35,2630
2025-04-02 14:45:00+05:30,2374.6,2381.95,2373.15,2374.3,6084
2025-04-02 15:00:00+05:30,2375.0,2388.65,2371.8,2379.6,5152
2025-04-02 15:15:00+05:30,2377.5,2385.6,2363.0,2370.0,13107
2025-04-02 15:30:00+05:30,2369.95,2370.0,2361.05,2370.0,8773
2025-04-03 09:30:00+05:30,2340.0,2377.05,2321.0,2372.15,6506
2025-04-03 09:45:00+05:30,2372.4,2389.65,2359.5,2374.75,4988
2025-04-03 10:00:00+05:30,2374.8,2374.8,2355.55,2367.6,2612
2025-04-03 10:15:00+05:30,2367.6,2374.8,2367.45,2372.35,1204
2025-04-03 10:30:00+05:30,2374.0,2374.55,2365.05,2369.4,1148
2025-04-03 10:45:00+05:30,2367.4,2370.7,2365.2,2369.3,856
2025-04-03 11:00:00+05:30,2369.3,2369.3,2360.0,2363.7,3218
2025-04-03 11:15:00+05:30,2363.7,2363.7,2346.1,2347.65,2806
2025-04-03 11:30:00+05:30,2347.65,2348.3,2343.05,2345.85,2033
2025-04-03 11:45:00+05:30,2345.85,2351.2,2345.45,2349.5,986
2025-04-03 12:00:00+05:30,2349.5,2359.45,2347.55,2349.3,15842
2025-04-03 12:15:00+05:30,2349.3,2354.95,2347.55,2354.95,2262
2025-04-03 12:30:00+05:30,2354.95,2354.95,2351.15,2351.15,158
2025-04-03 12:45:00+05:30,2353.6,2356.15,2351.05,2352.1,874
2025-04-03 13:00:00+05:30,2352.1,2352.1,2346.8,2348.5,969
2025-04-03 13:15:00+05:30,2348.5,2350.0,2348.0,2350.0,1204
2025-04-03 13:30:00+05:30,2350.0,2350.85,2346.8,2350.85,457
2025-04-03 13:45:00+05:30,2350.85,2351.8,2348.9,2349.55,1419
2025-04-03 14:00:00+05:30,2349.55,2353.45,2349.55,2350.9,639
2025-04-03 14:15:00+05:30,2350.9,2361.85,2350.9,2358.55,1735
2025-04-03 14:30:00+05:30,2358.8,2360.85,2356.55,2359.7,1600
2025-04-03 14:45:00+05:30,2359.7,2370.0,2356.05,2365.5,9180
2025-04-03 15:00:00+05:30,2363.55,2369.0,2361.25,2366.9,5122
2025-04-03 15:15:00+05:30,2366.9,2375.5,2360.0,2368.8,10123
2025-04-03 15:30:00+05:30,2368.4,2370.0,2360.0,2364.95,8379
2025-04-04 09:30:00+05:30,2353.85,2372.8,2333.0,2349.75,11730
2025-04-04 09:45:00+05:30,2349.75,2364.3,2349.75,2354.2,3998
2025-04-04 10:00:00+05:30,2354.2,2354.2,2332.0,2336.95,4503
2025-04-04 10:15:00+05:30,2337.0,2337.0,2313.0,2313.0,7540
2025-04-04 10:30:00+05:30,2314.95,2318.3,2307.0,2308.5,2664
2025-04-04 10:45:00+05:30,2307.05,2330.0,2300.0,2329.0,18175
2025-04-04 11:00:00+05:30,2329.0,2330.0,2323.45,2329.0,1992
2025-04-04 11:15:00+05:30,2329.0,2339.0,2323.1,2334.85,6779
2025-04-04 11:30:00+05:30,2334.85,2339.2,2328.8,2335.55,23111
2025-04-04 11:45:00+05:30,2335.55,2338.0,2334.8,2337.0,690
2025-04-04 12:00:00+05:30,2337.0,2338.0,2335.15,2336.0,1044
2025-04-04 12:15:00+05:30,2336.0,2343.55,2335.35,2340.75,1851
2025-04-04 12:30:00+05:30,2340.75,2342.4,2339.15,2339.15,416
2025-04-04 12:45:00+05:30,2339.15,2340.55,2335.95,2335.95,516
2025-04-04 13:00:00+05:30,2335.95,2338.7,2335.0,2335.75,2164
2025-04-04 13:15:00+05:30,2335.75,2338.95,2335.25,2335.95,5713
2025-04-04 13:30:00+05:30,2335.95,2338.9,2335.2,2335.55,3611
2025-04-04 13:45:00+05:30,2335.55,2337.75,2334.0,2334.0,3887
2025-04-04 14:00:00+05:30,2334.0,2338.85,2333.0,2335.1,6230
2025-04-04 14:15:00+05:30,2335.1,2336.45,2335.0,2336.0,4540
2025-04-04 14:30:00+05:30,2335.1,2337.5,2329.45,2333.0,9028
2025-04-04 14:45:00+05:30,2334.9,2337.65,2333.0,2335.0,9403
2025-04-04 15:00:00+05:30,2335.0,2343.15,2335.0,2335.0,7384
2025-04-04 15:15:00+05:30,2335.0,2349.85,2335.0,2339.05,11645
2025-04-04 15:30:00+05:30,2339.25,2342.35,2335.5,2339.0,12080
2025-04-07 09:30:00+05:30,2200.0,2269.95,2200.0,2260.15,27877
2025-04-07 09:45:00+05:30,2261.2,2271.7,2231.05,2238.2,16184
2025-04-07 10:00:00+05:30,2238.2,2244.15,2230.0,2240.6,13088
2025-04-07 10:15:00+05:30,2240.6,2257.6,2226.85,2233.45,6337
2025-04-07 10:30:00+05:30,2233.45,2241.3,2221.0,2240.95,10005
2025-04-07 10:45:00+05:30,2240.95,2243.15,2230.45,2242.4,2451
2025-04-07 11:00:00+05:30,2242.3,2248.0,2233.8,2241.85,2633
2025-04-07 11:15:00+05:30,2241.4,2248.0,2240.95,2247.5,2647
2025-04-07 11:30:00+05:30,2247.5,2248.0,2237.05,2243.65,2303
2025-04-07 11:45:00+05:30,2243.65,2245.35,2239.95,2241.6,2177
2025-04-07 12:00:00+05:30,2241.6,2243.45,2231.2,2233.6,1463
2025-04-07 12:15:00+05:30,2233.6,2242.6,2231.2,2242.0,2870
2025-04-07 12:30:00+05:30,2242.0,2246.2,2239.0,2241.1,4887
2025-04-07 12:45:00+05:30,2242.3,2245.1,2240.95,2241.15,1033
2025-04-07 13:00:00+05:30,2242.4,2248.0,2229.0,2229.0,14870
2025-04-07 13:15:00+05:30,2229.8,2229.95,2221.0,2224.05,3907
2025-04-07 13:30:00+05:30,2225.3,2233.45,2219.0,2233.35,3798
2025-04-07 13:45:00+05:30,2233.45,2247.95,2231.3,2244.95,4622
2025-04-07 14:00:00+05:30,2246.35,2248.0,2240.1,2242.75,1935
2025-04-07 14:15:00+05:30,2242.75,2247.25,2237.95,2241.2,1791
2025-04-07 14:30:00+05:30,2241.8,2246.4,2239.05,2244.25,1782
2025-04-07 14:45:00+05:30,2245.75,2248.0,2242.0,2244.9,3364
2025-04-07 15:00:00+05:30,2246.55,2248.55,2237.25,2247.8,5133
2025-04-07 15:15:00+05:30,2247.7,2248.05,2245.1,2245.85,19400
2025-04-07 15:30:00+05:30,2245.85,2248.0,2240.0,2246.0,23713
2025-04-08 09:30:00+05:30,2248.15,2333.45,2248.15,2317.05,11043
2025-04-08 09:45:00+05:30,2317.05,2334.9,2314.45,2326.55,3961
2025-04-08 10:00:00+05:30,2322.0,2322.85,2305.85,2305.85,8506
2025-04-08 10:15:00+05:30,2305.85,2305.85,2285.3,2288.0,11303
2025-04-08 10:30:00+05:30,2287.0,2298.25,2285.7,2295.85,8580
2025-04-08 10:45:00+05:30,2295.95,2309.0,2290.05,2293.95,8480
2025-04-08 11:00:00+05:30,2293.5,2300.6,2290.05,2295.15,6329
2025-04-08 11:15:00+05:30,2294.6,2315.0,2294.35,2305.2,5455
2025-04-08 11:30:00+05:30,2304.85,2339.15,2304.7,2336.95,12541
2025-04-08 11:45:00+05:30,2338.85,2339.1,2322.9,2325.35,7919
2025-04-08 12:00:00+05:30,2323.95,2326.0,2318.7,2324.0,5621
2025-04-08 12:15:00+05:30,2323.4,2325.35,2320.1,2325.35,4695
2025-04-08 12:30:00+05:30,2325.2,2325.2,2320.6,2324.95,5561
2025-04-08 12:45:00+05:30,2324.7,2328.0,2317.15,2324.1,9929
2025-04-08 13:00:00+05:30,2323.9,2325.0,2319.75,2323.1,5281
2025-04-08 13:15:00+05:30,2322.7,2325.3,2318.1,2324.9,4141
2025-04-08 13:30:00+05:30,2324.4,2338.5,2320.2,2321.65,13901
2025-04-08 13:45:00+05:30,2321.2,2329.25,2320.25,2324.2,8119
2025-04-08 14:00:00+05:30,2324.0,2325.0,2310.2,2318.2,6741
2025-04-08 14:15:00+05:30,2319.2,2324.1,2314.75,2323.0,5738
2025-04-08 14:30:00+05:30,2323.4,2327.3,2321.85,2324.3,7693
2025-04-08 14:45:00+05:30,2324.5,2331.95,2321.9,2330.55,9912
2025-04-08 15:00:00+05:30,2329.25,2349.0,2325.2,2332.3,20624
2025-04-08 15:15:00+05:30,2333.8,2334.1,2322.0,2322.0,6303
2025-04-08 15:30:00+05:30,2320.0,2330.0,2313.55,2328.0,13454
2025-04-09 09:30:00+05:30,2323.3,2347.75,2310.65,2323.1,16254
2025-04-09 09:45:00+05:30,2323.1,2323.25,2310.05,2318.85,5885
2025-04-09 10:00:00+05:30,2318.85,2321.95,2314.85,2317.35,1462
2025-04-09 10:15:00+05:30,2317.35,2317.75,2307.55,2308.95,2624
2025-04-09 10:30:00+05:30,2308.95,2316.8,2308.95,2311.3,1572
2025-04-09 10:45:00+05:30,2311.3,2315.6,2309.9,2313.45,944
2025-04-09 11:00:00+05:30,2313.45,2316.5,2312.6,2314.75,414
2025-04-09 11:15:00+05:30,2314.75,2316.0,2310.65,2315.5,1177
2025-04-09 11:30:00+05:30,2315.5,2315.5,2311.7,2314.0,477
2025-04-09 11:45:00+05:30,2314.0,2314.55,2311.1,2312.3,515
2025-04-09 12:00:00+05:30,2312.3,2314.8,2310.0,2313.65,769
2025-04-09 12:15:00+05:30,2313.65,2315.1,2310.0,2315.1,3271
2025-04-09 12:30:00+05:30,2315.1,2320.9,2313.8,2319.95,3304
2025-04-09 12:45:00+05:30,2319.95,2326.45,2318.75,2322.25,3255
2025-04-09 13:00:00+05:30,2322.25,2324.95,2319.5,2323.6,1954
2025-04-09 13:15:00+05:30,2323.6,2325.5,2321.2,2323.35,1615
2025-04-09 13:30:00+05:30,2323.45,2325.55,2320.3,2324.0,996
2025-04-09 13:45:00+05:30,2324.0,2324.0,2315.0,2321.0,708
2025-04-09 14:00:00+05:30,2321.0,2321.0,2317.8,2320.0,436
2025-04-09 14:15:00+05:30,2320.35,2323.95,2318.7,2322.6,1219
2025-04-09 14:30:00+05:30,2322.6,2323.75,2319.6,2321.05,1527
2025-04-09 14:45:00+05:30,2321.05,2322.4,2319.4,2321.0,1107
2025-04-09 15:00:00+05:30,2321.0,2323.45,2317.45,2319.7,2063
2025-04-09 15:15:00+05:30,2319.7,2325.95,2316.9,2318.65,7624
2025-04-09 15:30:00+05:30,2319.75,2323.05,2315.65,2316.6,7452
2025-04-11 09:30:00+05:30,2367.25,2375.05,2338.4,2355.9,9617
2025-04-11 09:45:00+05:30,2357.65,2360.9,2349.0,2356.2,4753
2025-04-11 10:00:00+05:30,2354.5,2377.0,2353.9,2368.0,5434
2025-04-11 10:15:00+05:30,2368.0,2377.7,2368.0,2373.9,5647
2025-04-11 10:30:00+05:30,2373.9,2375.0,2369.75,2374.45,5994
2025-04-11 10:45:00+05:30,2374.45,2382.0,2371.15,2373.6,5584
2025-04-11 11:00:00+05:30,2373.6,2374.45,2365.0,2369.4,4812
2025-04-11 11:15:00+05:30,2369.25,2373.2,2367.15,2370.2,3255
2025-04-11 11:30:00+05:30,2369.8,2371.25,2360.0,2365.0,6455
2025-04-11 11:45:00+05:30,2365.0,2368.0,2362.35,2365.0,3675
2025-04-11 12:00:00+05:30,2365.0,2369.9,2364.0,2366.65,4675
2025-04-11 12:15:00+05:30,2366.25,2373.3,2364.0,2365.2,5629
2025-04-11 12:30:00+05:30,2365.2,2367.7,2364.6,2365.05,3951
2025-04-11 12:45:00+05:30,2365.05,2368.95,2364.05,2366.0,6424
2025-04-11 13:00:00+05:30,2366.0,2366.0,2360.0,2364.85,4749
2025-04-11 13:15:00+05:30,2364.85,2366.2,2364.0,2365.25,3051
2025-04-11 13:30:00+05:30,2364.75,2366.7,2363.15,2363.15,4256
2025-04-11 13:45:00+05:30,2363.15,2365.0,2362.5,2364.5,1716
2025-04-11 14:00:00+05:30,2364.5,2366.5,2363.0,2364.95,2890
2025-04-11 14:15:00+05:30,2362.65,2365.0,2362.6,2365.0,6041
2025-04-11 14:30:00+05:30,2365.0,2365.35,2363.0,2364.95,4915
2025-04-11 14:45:00+05:30,2364.95,2365.65,2350.65,2359.85,5800
2025-04-11 15:00:00+05:30,2360.0,2363.1,2357.2,2360.0,7099
2025-04-11 15:15:00+05:30,2359.05,2362.8,2358.05,2359.8,17131
2025-04-11 15:30:00+05:30,2359.35,2362.5,2352.0,2359.95,12570
2025-04-15 09:30:00+05:30,2371.3,2394.9,2351.1,2389.9,14269
2025-04-15 09:45:00+05:30,2389.9,2394.9,2375.8,2385.0,8580
2025-04-15 10:00:00+05:30,2385.0,2387.8,2378.5,2383.0,4800
2025-04-15 10:15:00+05:30,2383.0,2423.9,2383.0,2415.9,24332
2025-04-15 10:30:00+05:30,2415.9,2422.0,2404.0,2405.6,8074
2025-04-15 10:45:00+05:30,2405.6,2409.2,2387.2,2391.5,12276
2025-04-15 11:00:00+05:30,2391.5,2405.0,2391.5,2395.8,4537
2025-04-15 11:15:00+05:30,2395.8,2399.9,2380.5,2381.9,5901
2025-04-15 11:30:00+05:30,2382.0,2389.0,2380.4,2387.4,3688
2025-04-15 11:45:00+05:30,2387.4,2394.2,2383.4,2393.9,17494
2025-04-15 12:00:00+05:30,2392.5,2393.6,2384.8,2389.3,3959
2025-04-15 12:15:00+05:30,2390.7,2393.8,2388.2,2391.4,3553
2025-04-15 12:30:00+05:30,2392.3,2397.9,2390.4,2395.7,4722
2025-04-15 12:45:00+05:30,2397.1,2397.4,2392.0,2393.6,3851
2025-04-15 13:00:00+05:30,2393.6,2395.5,2391.5,2395.5,2768
2025-04-15 13:15:00+05:30,2394.1,2397.2,2392.4,2396.7,2073
2025-04-15 13:30:00+05:30,2396.7,2399.9,2388.0,2396.5,74733
2025-04-15 13:45:00+05:30,2396.4,2420.8,2393.9,2420.8,78915
2025-04-15 14:00:00+05:30,2420.8,2420.8,2399.2,2409.6,81479
2025-04-15 14:15:00+05:30,2408.9,2429.3,2408.9,2416.4,20385
2025-04-15 14:30:00+05:30,2416.4,2417.4,2410.7,2411.8,5246
2025-04-15 14:45:00+05:30,2410.8,2418.9,2408.1,2417.0,5474
2025-04-15 15:00:00+05:30,2417.1,2424.5,2414.9,2420.8,13926
2025-04-15 15:15:00+05:30,2422.3,2425.0,2412.2,2412.6,17895
2025-04-15 15:30:00+05:30,2414.6,2417.3,2404.2,2415.0,29151
2025-04-16 09:30:00+05:30,2410.0,2443.2,2403.3,2415.5,21912
2025-04-16 09:45:00+05:30,2415.5,2427.0,2412.8,2422.5,3634
2025-04-16 10:00:00+05:30,2424.5,2424.5,2416.8,2421.0,1454
2025-04-16 10:15:00+05:30,2421.0,2421.0,2407.0,2409.9,6184
2025-04-16 10:30:00+05:30,2409.9,2410.7,2403.5,2409.0,5714
2025-04-16 10:45:00+05:30,2409.0,2410.2,2406.1,2408.0,1104
2025-04-16 11:00:00+05:30,2408.0,2410.8,2406.3,2408.4,2405
2025-04-16 11:15:00+05:30,2408.4,2410.0,2408.1,2409.8,1550
2025-04-16 11:30:00+05:30,2409.8,2410.0,2408.0,2409.8,2398
2025-04-16 11:45:00+05:30,2409.8,2411.1,2406.0,2408.9,7095
2025-04-16 12:00:00+05:30,2408.9,2410.0,2407.3,2410.0,2332
2025-04-16 12:15:00+05:30,2410.0,2410.0,2407.2,2410.0,6765
2025-04-16 12:30:00+05:30,2410.0,2410.0,2409.7,2410.0,6007
2025-04-16 12:45:00+05:30,2410.0,2429.0,2409.0,2422.8,13945
2025-04-16 13:00:00+05:30,2423.4,2452.0,2422.8,2452.0,43255
2025-04-16 13:15:00+05:30,2452.0,2460.0,2445.0,2448.6,8987
2025-04-16 13:30:00+05:30,2448.6,2459.3,2437.7,2437.7,12803
2025-04-16 13:45:00+05:30,2439.5,2444.0,2430.9,2436.2,7301
2025-04-16 14:00:00+05:30,2436.8,2440.8,2430.0,2435.6,6625
2025-04-16 14:15:00+05:30,2433.1,2439.1,2433.1,2436.2,2428
2025-04-16 14:30:00+05:30,2436.2,2439.1,2432.1,2432.1,2194
2025-04-16 14:45:00+05:30,2432.1,2440.0,2431.0,2436.3,5416
2025-04-16 15:00:00+05:30,2436.3,2440.0,2434.5,2439.6,5485
2025-04-16 15:15:00+05:30,2440.0,2440.0,2436.1,2439.0,9042
2025-04-16 15:30:00+05:30,2438.0,2439.5,2426.0,2433.9,8579
2025-04-17 09:30:00+05:30,2428.0,2459.6,2420.0,2426.5,9419
2025-04-17 09:45:00+05:30,2427.4,2443.8,2427.4,2438.2,2319
2025-04-17 10:00:00+05:30,2438.2,2441.8,2435.5,2439.1,3343
2025-04-17 10:15:00+05:30,2439.1,2439.1,2431.0,2433.6,1964
2025-04-17 10:30:00+05:30,2433.6,2441.2,2432.0,2439.5,1622
2025-04-17 10:45:00+05:30,2439.5,2448.2,2439.5,2448.0,3402
2025-04-17 11:00:00+05:30,2448.0,2455.0,2445.1,2453.6,5285
2025-04-17 11:15:00+05:30,2452.5,2460.0,2452.0,2456.2,2574
2025-04-17 11:30:00+05:30,2456.2,2468.4,2455.8,2465.4,7744
2025-04-17 11:45:00+05:30,2465.4,2480.8,2465.2,2475.1,15024
2025-04-17 12:00:00+05:30,2475.1,2481.0,2466.0,2481.0,5107
2025-04-17 12:15:00+05:30,2481.0,2487.8,2475.6,2483.0,5134
2025-04-17 12:30:00+05:30,2483.0,2496.0,2465.0,2470.0,24778
2025-04-17 12:45:00+05:30,2469.2,2471.2,2464.3,2467.5,5907
2025-04-17 13:00:00+05:30,2467.5,2485.0,2466.3,2484.9,4560
2025-04-17 13:15:00+05:30,2484.9,2489.8,2478.5,2485.0,2903
2025-04-17 13:30:00+05:30,2485.0,2493.5,2482.0,2491.0,4204
2025-04-17 13:45:00+05:30,2490.1,2494.0,2486.0,2493.8,4028
2025-04-17 14:00:00+05:30,2493.8,2494.0,2481.0,2485.0,3159
2025-04-17 14:15:00+05:30,2483.4,2486.9,2474.7,2477.8,4376
2025-04-17 14:30:00+05:30,2477.1,2478.3,2446.4,2464.1,11755
2025-04-17 14:45:00+05:30,2462.7,2471.0,2462.1,2465.8,3809
2025-04-17 15:00:00+05:30,2465.8,2477.5,2465.8,2473.4,4620
2025-04-17 15:15:00+05:30,2473.4,2473.4,2460.4,2464.7,8471
2025-04-17 15:30:00+05:30,2464.7,2464.8,2449.9,2460.0,11554
2025-04-21 09:30:00+05:30,2460.3,2506.0,2460.0,2474.5,15911
2025-04-21 09:45:00+05:30,2474.5,2475.0,2462.9,2468.7,4026
2025-04-21 10:00:00+05:30,2468.7,2468.7,2455.0,2460.0,4758
2025-04-21 10:15:00+05:30,2462.2,2463.6,2456.0,2458.8,2903
2025-04-21 10:30:00+05:30,2457.2,2458.6,2450.3,2453.3,4948
2025-04-21 10:45:00+05:30,2453.3,2460.0,2452.0,2458.9,3393
2025-04-21 11:00:00+05:30,2460.0,2464.5,2454.4,2461.8,3041
2025-04-21 11:15:00+05:30,2461.5,2461.8,2456.3,2460.1,2189
2025-04-21 11:30:00+05:30,2460.1,2460.1,2451.1,2455.8,3655
2025-04-21 11:45:00+05:30,2455.8,2459.0,2454.3,2458.9,1350
2025-04-21 12:00:00+05:30,2458.9,2464.0,2456.0,2459.6,4382
2025-04-21 12:15:00+05:30,2459.0,2463.1,2456.0,2456.0,2803
2025-04-21 12:30:00+05:30,2456.0,2462.0,2455.5,2460.1,1795
2025-04-21 12:45:00+05:30,2460.1,2461.5,2455.5,2457.8,2888
2025-04-21 13:00:00+05:30,2457.8,2466.6,2456.7,2457.5,6827
2025-04-21 13:15:00+05:30,2459.3,2461.7,2457.5,2459.5,4168
2025-04-21 13:30:00+05:30,2459.5,2462.0,2455.6,2456.1,3823
2025-04-21 13:45:00+05:30,2456.1,2456.8,2442.9,2445.8,6475
2025-04-21 14:00:00+05:30,2445.8,2445.8,2437.7,2439.8,7448
2025-04-21 14:15:00+05:30,2439.8,2442.5,2438.0,2439.0,2073
2025-04-21 14:30:00+05:30,2439.0,2440.7,2410.4,2413.5,10068
2025-04-21 14:45:00+05:30,2412.1,2441.9,2410.2,2439.3,13915
2025-04-21 15:00:00+05:30,2439.3,2452.0,2436.0,2436.3,14123
2025-04-21 15:15:00+05:30,2436.2,2439.0,2430.5,2435.0,11790
2025-04-21 15:30:00+05:30,2435.0,2440.0,2432.5,2436.1,11577
2025-04-22 09:30:00+05:30,2460.8,2469.0,2440.6,2467.0,15763
2025-04-22 09:45:00+05:30,2469.1,2487.0,2465.8,2479.3,10077
2025-04-22 10:00:00+05:30,2477.0,2482.8,2461.8,2469.4,7899
2025-04-22 10:15:00+05:30,2469.4,2470.0,2458.0,2459.1,7072
2025-04-22 10:30:00+05:30,2460.4,2467.1,2458.0,2459.6,9047
2025-04-22 10:45:00+05:30,2459.6,2461.8,2459.6,2459.8,7620
2025-04-22 11:00:00+05:30,2459.8,2461.5,2458.2,2459.0,2451
2025-04-22 11:15:00+05:30,2459.0,2461.1,2457.4,2459.4,2530
2025-04-22 11:30:00+05:30,2459.4,2461.5,2456.9,2456.9,3630
2025-04-22 11:45:00+05:30,2456.6,2500.0,2456.0,2497.6,34801
2025-04-22 12:00:00+05:30,2498.3,2500.5,2480.5,2486.1,31664
2025-04-22 12:15:00+05:30,2486.1,2490.2,2471.5,2482.2,25471
2025-04-22 12:30:00+05:30,2482.2,2492.0,2472.3,2487.0,27799
2025-04-22 12:45:00+05:30,2486.3,2512.0,2480.0,2496.5,31592
2025-04-22 13:00:00+05:30,2496.5,2497.8,2488.8,2495.1,4653
2025-04-22 13:15:00+05:30,2495.1,2495.1,2477.0,2482.0,12874
2025-04-22 13:30:00+05:30,2482.0,2493.6,2482.0,2489.0,5511
2025-04-22 13:45:00+05:30,2489.0,2497.0,2487.0,2494.6,7822
2025-04-22 14:00:00+05:30,2494.6,2501.6,2489.6,2493.3,15763
2025-04-22 14:15:00+05:30,2492.3,2495.0,2487.0,2489.4,9798
2025-04-22 14:30:00+05:30,2489.4,2504.4,2487.7,2501.2,20859
2025-04-22 14:45:00+05:30,2502.0,2520.0,2497.8,2508.5,21959
2025-04-22 15:00:00+05:30,2508.5,2518.0,2504.1,2518.0,14867
2025-04-22 15:15:00+05:30,2516.9,2519.6,2510.6,2514.8,14047
2025-04-22 15:30:00+05:30,2515.0,2517.0,2500.3,2512.9,22975
2025-04-23 09:30:00+05:30,2520.0,2521.2,2494.9,2497.6,16149
2025-04-23 09:45:00+05:30,2498.4,2499.7,2491.0,2498.6,5356
2025-04-23 10:00:00+05:30,2499.8,2507.9,2490.1,2491.7,8677
2025-04-23 10:15:00+05:30,2491.7,2494.1,2479.5,2479.5,3926
2025-04-23 10:30:00+05:30,2479.5,2490.0,2476.0,2488.4,2838
2025-04-23 10:45:00+05:30,2489.4,2492.9,2481.3,2483.5,6998
2025-04-23 11:00:00+05:30,2483.5,2483.7,2466.7,2476.9,4908
2025-04-23 11:15:00+05:30,2476.9,2493.0,2476.5,2491.9,5923
2025-04-23 11:30:00+05:30,2491.9,2494.3,2487.2,2490.0,3769
2025-04-23 11:45:00+05:30,2490.0,2499.7,2487.1,2487.1,6355
2025-04-23 12:00:00+05:30,2487.3,2492.1,2485.5,2488.4,3465
2025-04-23 12:15:00+05:30,2489.0,2490.0,2487.2,2490.0,1122
2025-04-23 12:30:00+05:30,2489.6,2508.0,2489.6,2494.3,13686
2025-04-23 12:45:00+05:30,2494.1,2497.2,2488.1,2488.9,2883
2025-04-23 13:00:00+05:30,2488.9,2492.4,2488.5,2490.0,1501
2025-04-23 13:15:00+05:30,2490.0,2491.7,2489.1,2489.6,757
2025-04-23 13:30:00+05:30,2489.6,2492.9,2489.0,2490.0,1386
2025-04-23 13:45:00+05:30,2490.0,2490.0,2485.0,2486.3,1889
2025-04-23 14:00:00+05:30,2486.3,2491.3,2485.7,2488.8,2463
2025-04-23 14:15:00+05:30,2488.8,2492.3,2487.3,2490.0,2458
2025-04-23 14:30:00+05:30,2490.0,2490.7,2485.2,2489.4,1663
2025-04-23 14:45:00+05:30,2489.4,2490.0,2482.8,2484.1,2447
2025-04-23 15:00:00+05:30,2484.1,2492.0,2484.1,2491.4,2602
2025-04-23 15:15:00+05:30,2490.0,2502.0,2488.1,2490.0,11471
2025-04-23 15:30:00+05:30,2490.0,2492.1,2484.0,2490.0,16075
2025-04-24 09:30:00+05:30,2490.9,2490.9,2463.4,2466.0,8421
2025-04-24 09:45:00+05:30,2465.7,2480.8,2463.1,2468.9,13631
2025-04-24 10:00:00+05:30,2468.9,2496.4,2468.8,2490.8,6528
2025-04-24 10:15:00+05:30,2491.1,2497.9,2485.3,2494.6,7746
2025-04-24 10:30:00+05:30,2494.6,2504.0,2492.1,2496.4,5137
2025-04-24 10:45:00+05:30,2496.4,2500.0,2494.7,2495.2,3091
2025-04-24 11:00:00+05:30,2496.8,2498.7,2487.0,2498.7,2111
2025-04-24 11:15:00+05:30,2496.1,2498.6,2488.8,2489.1,2656
2025-04-24 11:30:00+05:30,2489.1,2493.4,2489.1,2490.2,2755
2025-04-24 11:45:00+05:30,2491.8,2495.0,2489.7,2490.3,5592
2025-04-24 12:00:00+05:30,2490.3,2492.8,2489.5,2492.4,3923
2025-04-24 12:15:00+05:30,2490.0,2493.0,2489.0,2490.0,3913
2025-04-24 12:30:00+05:30,2490.0,2492.6,2489.6,2490.0,2199
2025-04-24 12:45:00+05:30,2490.0,2492.0,2481.7,2487.9,3646
2025-04-24 13:00:00+05:30,2487.9,2492.2,2487.3,2489.5,1520
2025-04-24 13:15:00+05:30,2489.5,2490.0,2482.0,2485.9,2550
2025-04-24 13:30:00+05:30,2484.0,2486.4,2475.0,2481.3,4394
2025-04-24 13:45:00+05:30,2483.3,2485.6,2476.0,2476.3,1396
2025-04-24 14:00:00+05:30,2476.3,2479.0,2460.5,2467.5,8383
2025-04-24 14:15:00+05:30,2469.6,2476.0,2466.6,2468.0,4696
2025-04-24 14:30:00+05:30,2468.0,2476.7,2467.4,2472.1,3238
2025-04-24 14:45:00+05:30,2472.0,2475.5,2464.8,2466.4,4231
2025-04-24 15:00:00+05:30,2467.2,2470.1,2464.9,2468.2,3040
2025-04-24 15:15:00+05:30,2468.6,2474.1,2466.0,2469.7,5450
2025-04-24 15:30:00+05:30,2471.1,2475.0,2465.8,2469.0,10683
2025-04-25 09:30:00+05:30,2465.0,2465.0,2432.3,2440.4,18038
2025-04-25 09:45:00+05:30,2440.4,2442.3,2410.0,2410.1,11857
2025-04-25 10:00:00+05:30,2410.1,2410.5,2376.5,2390.4,20894
2025-04-25 10:15:00+05:30,2389.8,2397.7,2375.0,2394.4,8401
2025-04-25 10:30:00+05:30,2395.6,2396.4,2375.0,2375.0,8302
2025-04-25 10:45:00+05:30,2375.9,2378.1,2350.2,2367.5,7992
2025-04-25 11:00:00+05:30,2366.7,2388.3,2358.9,2386.6,9507
2025-04-25 11:15:00+05:30,2386.4,2397.8,2377.1,2391.2,9360
2025-04-25 11:30:00+05:30,2389.3,2391.0,2377.0,2388.9,2869
2025-04-25 11:45:00+05:30,2388.9,2389.6,2372.4,2378.1,2135
2025-04-25 12:00:00+05:30,2378.1,2387.4,2376.2,2383.9,2036
2025-04-25 12:15:00+05:30,2383.8,2405.0,2380.6,2405.0,5426
2025-04-25 12:30:00+05:30,2404.8,2410.8,2401.5,2404.5,4261
2025-04-25 12:45:00+05:30,2404.0,2424.5,2402.7,2413.0,7488
2025-04-25 13:00:00+05:30,2413.0,2426.7,2407.3,2423.0,7112
2025-04-25 13:15:00+05:30,2422.8,2432.0,2420.0,2432.0,4324
2025-04-25 13:30:00+05:30,2432.0,2443.5,2428.5,2437.4,9242
2025-04-25 13:45:00+05:30,2438.2,2452.5,2431.2,2435.0,8176
2025-04-25 14:00:00+05:30,2432.1,2440.0,2431.4,2440.0,2791
2025-04-25 14:15:00+05:30,2438.6,2440.7,2420.4,2424.2,3668
2025-04-25 14:30:00+05:30,2425.0,2426.1,2421.2,2424.1,5126
2025-04-25 14:45:00+05:30,2425.0,2425.7,2420.4,2425.6,3466
2025-04-25 15:00:00+05:30,2425.0,2444.3,2420.7,2435.5,6265
2025-04-25 15:15:00+05:30,2433.6,2454.7,2433.6,2435.9,8112
2025-04-25 15:30:00+05:30,2435.2,2447.0,2425.0,2425.0,9321
2025-04-28 09:30:00+05:30,2441.8,2446.2,2418.2,2431.7,5906
2025-04-28 09:45:00+05:30,2431.7,2459.4,2431.7,2448.5,5257
2025-04-28 10:00:00+05:30,2448.5,2460.0,2447.0,2456.4,2814
2025-04-28 10:15:00+05:30,2456.4,2468.0,2456.4,2463.6,3146
2025-04-28 10:30:00+05:30,2463.6,2463.6,2449.1,2451.8,2010
2025-04-28 10:45:00+05:30,2451.8,2452.7,2446.1,2451.9,2222
2025-04-28 11:00:00+05:30,2451.9,2456.8,2449.2,2452.0,997
2025-04-28 11:15:00+05:30,2452.0,2453.6,2447.8,2449.3,1245
2025-04-28 11:30:00+05:30,2447.6,2450.0,2444.4,2447.0,642
2025-04-28 11:45:00+05:30,2447.0,2449.0,2445.0,2446.1,249
2025-04-28 12:00:00+05:30,2446.1,2449.3,2440.5,2440.5,4220
2025-04-28 12:15:00+05:30,2440.0,2442.3,2433.7,2438.7,984
2025-04-28 12:30:00+05:30,2437.1,2449.7,2436.1,2446.0,1827
2025-04-28 12:45:00+05:30,2450.8,2455.8,2443.3,2453.9,2630
2025-04-28 13:00:00+05:30,2453.9,2453.9,2448.1,2453.0,2720
2025-04-28 13:15:00+05:30,2452.2,2454.0,2445.0,2450.0,6184
2025-04-28 13:30:00+05:30,2450.0,2454.0,2440.5,2452.1,7023
2025-04-28 13:45:00+05:30,2452.1,2462.2,2450.5,2458.1,2020
2025-04-28 14:00:00+05:30,2459.8,2464.0,2458.0,2458.2,2548
2025-04-28 14:15:00+05:30,2458.3,2462.2,2456.5,2456.5,781
2025-04-28 14:30:00+05:30,2456.5,2467.9,2456.5,2465.0,5280
2025-04-28 14:45:00+05:30,2462.4,2465.9,2462.4,2465.0,1640
2025-04-28 15:00:00+05:30,2465.0,2479.0,2463.7,2468.2,6259
2025-04-28 15:15:00+05:30,2468.1,2471.0,2463.0,2470.5,8106
2025-04-28 15:30:00+05:30,2469.9,2474.0,2463.0,2474.0,10121
2025-04-29 09:30:00+05:30,2489.0,2490.0,2470.1,2476.4,7245
2025-04-29 09:45:00+05:30,2475.0,2489.0,2475.0,2481.2,3969
2025-04-29 10:00:00+05:30,2481.2,2488.2,2470.0,2478.6,9690
2025-04-29 10:15:00+05:30,2476.3,2478.8,2465.0,2470.0,8535
2025-04-29 10:30:00+05:30,2468.0,2470.0,2465.2,2466.2,875
2025-04-29 10:45:00+05:30,2466.2,2469.9,2466.2,2469.4,1652
2025-04-29 11:00:00+05:30,2469.4,2470.0,2467.3,2469.6,711
2025-04-29 11:15:00+05:30,2469.6,2474.5,2468.3,2472.0,3127
2025-04-29 11:30:00+05:30,2470.1,2475.1,2468.9,2469.8,2962
2025-04-29 11:45:00+05:30,2469.8,2470.0,2467.0,2470.0,2032
2025-04-29 12:00:00+05:30,2470.0,2470.0,2463.0,2463.0,1376
2025-04-29 12:15:00+05:30,2463.0,2469.9,2460.0,2465.5,2245
2025-04-29 12:30:00+05:30,2465.5,2465.9,2457.6,2457.8,4419
2025-04-29 12:45:00+05:30,2457.8,2466.2,2457.8,2466.2,1514
2025-04-29 13:00:00+05:30,2466.2,2469.9,2465.5,2468.8,2407
2025-04-29 13:15:00+05:30,2468.7,2472.2,2465.5,2465.5,4729
2025-04-29 13:30:00+05:30,2465.5,2477.9,2464.9,2471.9,16174
2025-04-29 13:45:00+05:30,2471.9,2475.2,2467.4,2467.4,3370
2025-04-29 14:00:00+05:30,2469.8,2487.0,2465.4,2486.4,49300
2025-04-29 14:15:00+05:30,2486.4,2505.5,2486.4,2497.6,13749
2025-04-29 14:30:00+05:30,2497.6,2503.5,2494.0,2496.0,3899
2025-04-29 14:45:00+05:30,2496.0,2505.3,2482.5,2487.5,15505
2025-04-29 15:00:00+05:30,2487.5,2491.8,2484.8,2488.0,7204
2025-04-29 15:15:00+05:30,2487.9,2490.6,2486.7,2487.0,6861
2025-04-29 15:30:00+05:30,2487.0,2490.0,2484.5,2489.0,8649
2025-04-30 09:30:00+05:30,2475.8,2482.0,2437.6,2453.3,17547
2025-04-30 09:45:00+05:30,2453.3,2464.7,2451.7,2459.3,4258
2025-04-30 10:00:00+05:30,2459.3,2475.9,2457.2,2470.0,2769
2025-04-30 10:15:00+05:30,2470.0,2473.1,2454.4,2456.7,5234
2025-04-30 10:30:00+05:30,2456.7,2460.1,2450.4,2450.4,2993
2025-04-30 10:45:00+05:30,2450.4,2454.6,2445.0,2451.1,3144
2025-04-30 11:00:00+05:30,2451.1,2453.5,2450.6,2451.0,1109
2025-04-30 11:15:00+05:30,2451.0,2455.2,2448.6,2448.6,2107
2025-04-30 11:30:00+05:30,2450.7,2450.7,2446.0,2447.1,7356
2025-04-30 11:45:00+05:30,2447.1,2448.0,2443.0,2444.3,1939
2025-04-30 12:00:00+05:30,2444.3,2453.8,2443.1,2452.0,2442
2025-04-30 12:15:00+05:30,2453.0,2461.1,2452.0,2455.8,3120
2025-04-30 12:30:00+05:30,2455.7,2460.0,2452.0,2457.6,1872
2025-04-30 12:45:00+05:30,2457.6,2462.9,2452.0,2461.6,5230
2025-04-30 13:00:00+05:30,2461.6,2462.4,2453.8,2461.5,2226
2025-04-30 13:15:00+05:30,2461.5,2462.4,2457.2,2459.6,1521
2025-04-30 13:30:00+05:30,2459.6,2462.0,2453.0,2455.6,1717
2025-04-30 13:45:00+05:30,2455.6,2462.8,2455.0,2459.5,1809
2025-04-30 14:00:00+05:30,2459.5,2462.0,2451.8,2455.4,2502
2025-04-30 14:15:00+05:30,2456.5,2459.0,2452.8,2458.8,2654
2025-04-30 14:30:00+05:30,2458.8,2458.8,2450.0,2450.5,6401
2025-04-30 14:45:00+05:30,2451.3,2460.0,2450.2,2454.9,17217
2025-04-30 15:00:00+05:30,2454.9,2456.7,2450.0,2453.6,5745
2025-04-30 15:15:00+05:30,2453.6,2464.0,2452.0,2457.0,10457
2025-04-30 15:30:00+05:30,2456.7,2462.3,2438.0,2441.0,13478
2025-05-02 09:30:00+05:30,2455.7,2469.8,2406.9,2431.6,11498
2025-05-02 09:45:00+05:30,2433.4,2436.0,2425.2,2429.3,3758
2025-05-02 10:00:00+05:30,2429.3,2433.7,2427.1,2432.2,2064
2025-05-02 10:15:00+05:30,2433.4,2437.9,2425.0,2433.9,2468
2025-05-02 10:30:00+05:30,2432.1,2434.8,2423.4,2432.9,3440
2025-05-02 10:45:00+05:30,2432.9,2432.9,2420.3,2425.7,2961
2025-05-02 11:00:00+05:30,2425.7,2428.5,2422.0,2428.4,3681
2025-05-02 11:15:00+05:30,2428.3,2431.7,2423.5,2429.2,2744
2025-05-02 11:30:00+05:30,2429.2,2452.4,2423.0,2451.9,4634
2025-05-02 11:45:00+05:30,2452.3,2456.9,2425.0,2434.8,4753
2025-05-02 12:00:00+05:30,2434.8,2440.0,2426.8,2440.0,3634
2025-05-02 12:15:00+05:30,2439.0,2440.9,2427.3,2431.0,1941
2025-05-02 12:30:00+05:30,2431.0,2431.0,2424.1,2425.6,2100
2025-05-02 12:45:00+05:30,2426.9,2427.8,2425.0,2425.7,1203
2025-05-02 13:00:00+05:30,2425.7,2437.1,2425.7,2437.0,1597
2025-05-02 13:15:00+05:30,2437.0,2440.0,2434.9,2434.9,3342
2025-05-02 13:30:00+05:30,2434.9,2437.9,2434.9,2437.1,854
2025-05-02 13:45:00+05:30,2437.9,2446.5,2435.4,2441.9,4048
2025-05-02 14:00:00+05:30,2441.9,2450.0,2438.1,2447.1,2897
2025-05-02 14:15:00+05:30,2447.1,2449.9,2440.0,2445.7,2036
2025-05-02 14:30:00+05:30,2445.7,2449.7,2444.3,2446.4,2369
2025-05-02 14:45:00+05:30,2446.4,2451.6,2442.9,2449.5,4063
2025-05-02 15:00:00+05:30,2449.5,2456.9,2447.1,2448.7,7533
2025-05-02 15:15:00+05:30,2448.7,2450.0,2438.7,2444.7,18549
2025-05-02 15:30:00+05:30,2444.9,2450.0,2437.4,2445.2,12752
2025-05-05 09:30:00+05:30,2475.0,2523.0,2464.5,2505.5,29904
2025-05-05 09:45:00+05:30,2505.5,2531.1,2492.3,2527.4,36074
2025-05-05 10:00:00+05:30,2527.4,2541.8,2518.9,2540.4,20625
2025-05-05 10:15:00+05:30,2540.4,2545.0,2521.4,2545.0,13952
2025-05-05 10:30:00+05:30,2543.8,2543.8,2534.0,2537.0,17660
2025-05-05 10:45:00+05:30,2535.0,2536.9,2525.0,2525.7,8714
2025-05-05 11:00:00+05:30,2528.1,2538.0,2513.9,2527.2,16691
2025-05-05 11:15:00+05:30,2527.2,2529.1,2511.0,2511.0,9800
2025-05-05 11:30:00+05:30,2511.0,2532.2,2510.2,2522.4,7645
2025-05-05 11:45:00+05:30,2522.0,2524.8,2520.1,2523.6,3516
2025-05-05 12:00:00+05:30,2523.9,2523.9,2507.5,2510.0,6372
2025-05-05 12:15:00+05:30,2508.6,2514.0,2508.6,2510.7,4152
2025-05-05 12:30:00+05:30,2510.7,2519.7,2507.0,2507.0,4890
2025-05-05 12:45:00+05:30,2505.7,2507.0,2494.4,2500.6,8658
2025-05-05 13:00:00+05:30,2500.0,2507.5,2500.0,2505.8,1780
2025-05-05 13:15:00+05:30,2505.8,2506.4,2501.2,2501.2,3187
2025-05-05 13:30:00+05:30,2501.2,2507.3,2500.0,2507.3,3352
2025-05-05 13:45:00+05:30,2507.3,2507.3,2504.1,2507.0,2358
2025-05-05 14:00:00+05:30,2507.0,2517.9,2505.0,2515.2,6588
2025-05-05 14:15:00+05:30,2515.9,2521.2,2514.9,2516.9,5062
2025-05-05 14:30:00+05:30,2516.9,2519.0,2509.2,2512.5,5192
2025-05-05 14:45:00+05:30,2512.5,2529.0,2512.5,2529.0,10377
2025-05-05 15:00:00+05:30,2529.0,2535.0,2525.0,2528.6,11993
2025-05-05 15:15:00+05:30,2529.9,2540.5,2529.9,2536.8,14405
2025-05-05 15:30:00+05:30,2535.0,2540.0,2514.9,2523.0,19511
2025-05-06 09:30:00+05:30,2523.0,2543.6,2504.2,2521.1,20915
2025-05-06 09:45:00+05:30,2521.1,2554.7,2518.8,2551.2,14243
2025-05-06 10:00:00+05:30,2551.2,2567.5,2544.4,2545.8,17568
2025-05-06 10:15:00+05:30,2545.8,2555.0,2543.9,2547.0,4794
2025-05-06 10:30:00+05:30,2547.0,2548.1,2539.6,2544.3,11395
2025-05-06 10:45:00+05:30,2542.4,2549.9,2540.3,2548.5,3667
2025-05-06 11:00:00+05:30,2548.5,2550.0,2545.3,2548.7,2638
2025-05-06 11:15:00+05:30,2548.7,2550.0,2545.2,2545.2,3630
2025-05-06 11:30:00+05:30,2545.2,2546.0,2544.4,2545.2,3059
2025-05-06 11:45:00+05:30,2546.0,2547.3,2537.0,2545.9,8882
2025-05-06 12:00:00+05:30,2545.2,2546.9,2545.1,2545.2,2513
2025-05-06 12:15:00+05:30,2546.5,2548.9,2544.4,2545.2,2299
2025-05-06 12:30:00+05:30,2545.2,2550.0,2545.0,2545.6,6842
2025-05-06 12:45:00+05:30,2545.6,2547.9,2544.4,2545.2,4167
2025-05-06 13:00:00+05:30,2545.4,2545.4,2530.0,2538.1,13044
2025-05-06 13:15:00+05:30,2540.7,2542.3,2535.0,2538.4,9266
2025-05-06 13:30:00+05:30,2538.8,2542.8,2530.9,2538.7,11652
2025-05-06 13:45:00+05:30,2538.7,2542.9,2536.1,2540.5,7933
2025-05-06 14:00:00+05:30,2540.5,2543.5,2538.5,2541.7,11767
2025-05-06 14:15:00+05:30,2540.0,2543.0,2533.8,2534.7,13810
2025-05-06 14:30:00+05:30,2534.7,2536.5,2522.2,2525.6,14414
2025-05-06 14:45:00+05:30,2525.9,2536.0,2522.4,2535.6,12381
2025-05-06 15:00:00+05:30,2535.6,2542.9,2534.3,2539.2,16143
2025-05-06 15:15:00+05:30,2540.0,2543.5,2537.2,2539.1,14907
2025-05-06 15:30:00+05:30,2539.1,2540.9,2517.9,2531.4,19831
2025-05-07 09:30:00+05:30,2539.9,2665.0,2533.2,2556.5,352936
2025-05-07 09:45:00+05:30,2555.1,2569.9,2505.5,2523.3,86320
2025-05-07 10:00:00+05:30,2522.1,2523.3,2483.0,2502.5,45011
2025-05-07 10:15:00+05:30,2503.0,2503.0,2456.0,2456.0,47537
2025-05-07 10:30:00+05:30,2456.1,2461.1,2443.4,2449.5,39972
2025-05-07 10:45:00+05:30,2453.0,2469.8,2451.7,2468.3,23896
2025-05-07 11:00:00+05:30,2468.3,2468.3,2445.3,2448.0,21036
2025-05-07 11:15:00+05:30,2448.3,2460.0,2447.5,2459.4,27007
2025-05-07 11:30:00+05:30,2459.4,2460.2,2446.1,2448.3,44555
2025-05-07 11:45:00+05:30,2448.3,2455.0,2447.4,2450.0,17275
2025-05-07 12:00:00+05:30,2450.0,2450.0,2445.0,2449.9,11238
2025-05-07 12:15:00+05:30,2449.9,2450.0,2428.1,2432.7,26131
2025-05-07 12:30:00+05:30,2432.7,2438.8,2425.0,2436.0,23027
2025-05-07 12:45:00+05:30,2433.9,2438.0,2433.7,2435.1,11192
2025-05-07 13:00:00+05:30,2435.2,2437.1,2427.2,2432.0,13804
2025-05-07 13:15:00+05:30,2431.9,2447.9,2426.0,2444.6,16826
2025-05-07 13:30:00+05:30,2443.0,2456.0,2443.0,2449.7,35417
2025-05-07 13:45:00+05:30,2449.7,2450.0,2443.5,2450.0,5995
2025-05-07 14:00:00+05:30,2450.0,2457.0,2445.0,2450.8,19986
2025-05-07 14:15:00+05:30,2452.1,2452.8,2445.4,2447.0,14044
2025-05-07 14:30:00+05:30,2447.0,2450.0,2439.5,2447.2,9576
2025-05-07 14:45:00+05:30,2447.5,2448.7,2435.5,2438.1,7556
2025-05-07 15:00:00+05:30,2439.6,2447.6,2436.9,2445.0,7454
2025-05-07 15:15:00+05:30,2444.9,2450.0,2442.3,2446.0,28946
2025-05-07 15:30:00+05:30,2447.7,2449.0,2431.6,2443.0,49144
2025-05-08 09:30:00+05:30,2443.0,2471.6,2436.0,2463.9,25738
2025-05-08 09:45:00+05:30,2463.9,2506.6,2460.0,2504.0,25375
2025-05-08 10:00:00+05:30,2507.0,2507.0,2471.8,2475.9,18051
2025-05-08 10:15:00+05:30,2475.9,2490.0,2475.0,2487.5,8342
2025-05-08 10:30:00+05:30,2490.8,2490.8,2475.4,2476.1,8115
2025-05-08 10:45:00+05:30,2477.8,2479.9,2475.7,2478.1,4497
2025-05-08 11:00:00+05:30,2478.1,2479.4,2454.8,2455.9,8756
2025-05-08 11:15:00+05:30,2455.9,2465.1,2449.0,2458.6,9230
2025-05-08 11:30:00+05:30,2458.6,2482.0,2458.5,2476.7,9596
2025-05-08 11:45:00+05:30,2478.1,2481.0,2476.5,2480.1,7517
2025-05-08 12:00:00+05:30,2479.9,2487.0,2478.0,2484.3,7296
2025-05-08 12:15:00+05:30,2485.8,2485.9,2478.7,2480.0,5873
2025-05-08 12:30:00+05:30,2480.0,2501.8,2480.0,2493.9,11012
2025-05-08 12:45:00+05:30,2493.9,2493.9,2474.8,2474.8,9083
2025-05-08 13:00:00+05:30,2475.2,2476.3,2450.0,2461.3,18293
2025-05-08 13:15:00+05:30,2461.3,2478.6,2455.1,2477.6,5940
2025-05-08 13:30:00+05:30,2477.6,2490.4,2476.0,2482.1,9128
2025-05-08 13:45:00+05:30,2482.1,2483.9,2470.5,2475.8,4550
2025-05-08 14:00:00+05:30,2475.8,2480.0,2469.8,2472.3,5573
2025-05-08 14:15:00+05:30,2472.3,2477.2,2471.8,2472.0,3157
2025-05-08 14:30:00+05:30,2471.9,2480.0,2471.4,2479.9,4325
2025-05-08 14:45:00+05:30,2479.8,2481.9,2476.6,2479.7,6600
2025-05-08 15:00:00+05:30,2479.7,2481.6,2467.2,2467.6,8752
2025-05-08 15:15:00+05:30,2468.7,2483.0,2467.5,2479.0,10899
2025-05-08 15:30:00+05:30,2479.0,2480.0,2460.1,2466.0,18179
2025-05-09 09:30:00+05:30,2375.0,2452.1,2375.0,2393.6,31830
2025-05-09 09:45:00+05:30,2393.3,2403.9,2381.8,2397.1,12717
2025-05-09 10:00:00+05:30,2397.1,2403.1,2380.2,2380.2,10105
2025-05-09 10:15:00+05:30,2381.6,2393.2,2372.5,2393.2,11510
2025-05-09 10:30:00+05:30,2393.2,2403.9,2381.9,2399.7,10899
2025-05-09 10:45:00+05:30,2398.9,2417.9,2397.5,2407.6,8227
2025-05-09 11:00:00+05:30,2408.5,2414.7,2405.9,2409.8,3539
2025-05-09 11:15:00+05:30,2409.0,2413.8,2403.6,2404.9,3782
2025-05-09 11:30:00+05:30,2404.9,2417.6,2400.1,2416.6,4169
2025-05-09 11:45:00+05:30,2416.6,2421.8,2411.9,2415.7,5571
2025-05-09 12:00:00+05:30,2412.4,2419.0,2409.4,2417.4,3184
2025-05-09 12:15:00+05:30,2417.4,2423.5,2409.6,2423.5,4221
2025-05-09 12:30:00+05:30,2422.4,2456.0,2421.1,2453.9,8377
2025-05-09 12:45:00+05:30,2455.0,2455.0,2432.1,2432.1,6381
2025-05-09 13:00:00+05:30,2432.1,2444.8,2429.9,2442.1,2011
2025-05-09 13:15:00+05:30,2442.1,2446.5,2434.0,2434.2,3208
2025-05-09 13:30:00+05:30,2434.2,2437.9,2426.9,2428.5,1125
2025-05-09 13:45:00+05:30,2429.2,2433.8,2427.5,2430.9,1895
2025-05-09 14:00:00+05:30,2430.9,2439.7,2429.4,2435.4,1830
2025-05-09 14:15:00+05:30,2435.4,2435.6,2431.0,2431.3,1524
2025-05-09 14:30:00+05:30,2431.3,2442.3,2430.0,2432.0,4500
2025-05-09 14:45:00+05:30,2432.0,2439.6,2429.7,2429.7,4292
2025-05-09 15:00:00+05:30,2429.7,2439.5,2429.7,2433.1,4598
2025-05-09 15:15:00+05:30,2433.5,2454.0,2433.1,2448.5,14038
2025-05-09 15:30:00+05:30,2448.5,2460.0,2440.0,2448.8,15323
2025-05-12 09:30:00+05:30,2477.0,2520.0,2477.0,2478.4,19533
2025-05-12 09:45:00+05:30,2478.4,2493.0,2478.4,2483.4,7824
2025-05-12 10:00:00+05:30,2482.8,2498.6,2482.0,2496.5,5637
2025-05-12 10:15:00+05:30,2496.5,2504.9,2481.0,2481.1,10511
2025-05-12 10:30:00+05:30,2481.0,2486.7,2479.3,2480.0,7785
2025-05-12 10:45:00+05:30,2480.0,2482.4,2473.7,2479.9,8713
2025-05-12 11:00:00+05:30,2480.4,2481.4,2476.9,2480.1,3837
2025-05-12 11:15:00+05:30,2480.1,2480.9,2466.7,2478.4,7167
2025-05-12 11:30:00+05:30,2478.4,2481.3,2477.8,2481.0,2477
2025-05-12 11:45:00+05:30,2480.7,2481.6,2479.0,2481.0,4234
2025-05-12 12:00:00+05:30,2481.0,2481.5,2479.7,2480.0,5571
2025-05-12 12:15:00+05:30,2480.0,2512.1,2477.9,2506.0,38354
2025-05-12 12:30:00+05:30,2506.0,2506.0,2494.8,2497.8,3202
2025-05-12 12:45:00+05:30,2497.8,2499.3,2485.0,2494.0,2197
2025-05-12 13:00:00+05:30,2495.8,2500.0,2493.7,2499.0,1510
2025-05-12 13:15:00+05:30,2499.0,2499.3,2495.7,2498.1,1001
2025-05-12 13:30:00+05:30,2498.1,2498.1,2491.1,2492.8,2020
2025-05-12 13:45:00+05:30,2492.8,2494.2,2491.7,2492.9,947
2025-05-12 14:00:00+05:30,2492.9,2496.5,2492.1,2495.1,886
2025-05-12 14:15:00+05:30,2495.1,2497.4,2492.1,2492.1,1408
2025-05-12 14:30:00+05:30,2493.1,2498.0,2491.8,2495.2,5531
2025-05-12 14:45:00+05:30,2495.2,2510.0,2494.7,2507.1,5351
2025-05-12 15:00:00+05:30,2507.1,2522.0,2506.2,2515.4,10504
2025-05-12 15:15:00+05:30,2516.1,2519.0,2507.0,2507.6,4967
2025-05-12 15:30:00+05:30,2509.8,2537.0,2507.1,2526.0,50374
2025-05-13 09:30:00+05:30,2526.0,2574.2,2516.2,2563.8,20161
2025-05-13 09:45:00+05:30,2560.0,2605.0,2558.2,2601.5,31694
2025-05-13 10:00:00+05:30,2597.1,2600.2,2590.1,2597.3,22168
2025-05-13 10:15:00+05:30,2597.3,2604.7,2585.1,2593.4,19279
2025-05-13 10:30:00+05:30,2593.0,2600.0,2585.2,2587.4,12309
2025-05-13 10:45:00+05:30,2587.4,2590.0,2585.7,2588.4,7604
2025-05-13 11:00:00+05:30,2588.9,2597.6,2583.4,2590.0,8748
2025-05-13 11:15:00+05:30,2590.0,2592.8,2588.0,2591.3,4918
2025-05-13 11:30:00+05:30,2591.3,2597.5,2587.3,2590.0,5361
2025-05-13 11:45:00+05:30,2589.9,2594.9,2589.2,2590.6,7193
2025-05-13 12:00:00+05:30,2590.6,2596.0,2588.3,2591.2,5260
2025-05-13 12:15:00+05:30,2590.5,2597.8,2587.0,2590.3,6781
2025-05-13 12:30:00+05:30,2590.4,2597.3,2589.0,2590.0,5293
2025-05-13 12:45:00+05:30,2590.0,2590.0,2586.0,2587.9,4894
2025-05-13 13:00:00+05:30,2587.9,2590.0,2578.4,2580.0,4970
2025-05-13 13:15:00+05:30,2579.3,2589.4,2578.5,2588.7,4892
2025-05-13 13:30:00+05:30,2587.0,2590.0,2586.6,2588.0,3865
2025-05-13 13:45:00+05:30,2587.9,2589.9,2582.1,2584.1,5001
2025-05-13 14:00:00+05:30,2584.1,2589.0,2578.3,2585.1,3542
2025-05-13 14:15:00+05:30,2585.1,2590.0,2585.1,2589.0,3978
2025-05-13 14:30:00+05:30,2588.1,2589.8,2581.6,2586.4,4563
2025-05-13 14:45:00+05:30,2586.4,2588.0,2585.3,2586.7,3741
2025-05-13 15:00:00+05:30,2586.7,2590.0,2586.7,2590.0,9397
2025-05-13 15:15:00+05:30,2590.0,2590.0,2589.4,2590.0,26210
2025-05-13 15:30:00+05:30,2590.0,2591.2,2580.0,2580.0,37744
2025-05-14 09:30:00+05:30,2592.1,2618.8,2575.0,2596.9,9132
2025-05-14 09:45:00+05:30,2596.9,2615.2,2594.1,2607.2,7327
2025-05-14 10:00:00+05:30,2607.2,2612.0,2578.0,2580.3,7324
2025-05-14 10:15:00+05:30,2580.3,2592.2,2580.3,2588.5,3382
2025-05-14 10:30:00+05:30,2588.5,2593.6,2585.7,2586.0,1827
2025-05-14 10:45:00+05:30,2586.0,2588.6,2572.0,2574.9,9909
2025-05-14 11:00:00+05:30,2574.8,2578.9,2572.0,2574.9,2965
2025-05-14 11:15:00+05:30,2574.9,2576.7,2570.1,2574.9,2156
2025-05-14 11:30:00+05:30,2574.9,2607.7,2572.9,2607.7,11003
2025-05-14 11:45:00+05:30,2608.0,2612.0,2600.6,2607.3,14882
2025-05-14 12:00:00+05:30,2608.6,2609.6,2602.1,2608.1,11798
2025-05-14 12:15:00+05:30,2607.8,2610.2,2604.9,2606.3,11093
2025-05-14 12:30:00+05:30,2606.3,2610.5,2604.1,2610.5,11031
2025-05-14 12:45:00+05:30,2610.5,2610.5,2571.0,2573.3,8785
2025-05-14 13:00:00+05:30,2573.3,2573.3,2551.2,2552.6,6219
2025-05-14 13:15:00+05:30,2552.6,2562.9,2551.0,2558.7,3803
2025-05-14 13:30:00+05:30,2558.7,2566.8,2556.5,2565.1,2034
2025-05-14 13:45:00+05:30,2565.1,2573.9,2564.5,2566.1,3692
2025-05-14 14:00:00+05:30,2564.7,2566.4,2555.8,2556.3,2220
2025-05-14 14:15:00+05:30,2556.3,2562.8,2552.0,2560.1,3886
2025-05-14 14:30:00+05:30,2560.9,2568.1,2556.5,2558.2,2660
2025-05-14 14:45:00+05:30,2559.9,2564.5,2549.1,2563.3,7365
2025-05-14 15:00:00+05:30,2563.8,2582.6,2563.1,2573.8,9924
2025-05-14 15:15:00+05:30,2572.5,2576.1,2568.7,2572.8,11095
2025-05-14 15:30:00+05:30,2573.0,2575.0,2564.0,2571.8,10115
2025-05-15 09:30:00+05:30,2598.6,2615.8,2586.8,2596.2,22376
2025-05-15 09:45:00+05:30,2596.2,2605.0,2595.1,2599.6,12914
2025-05-15 10:00:00+05:30,2599.6,2600.0,2574.6,2578.2,15396
2025-05-15 10:15:00+05:30,2578.0,2578.0,2562.1,2564.2,9390
2025-05-15 10:30:00+05:30,2565.9,2571.6,2565.8,2569.9,5729
2025-05-15 10:45:00+05:30,2571.1,2571.7,2568.7,2569.6,8486
2025-05-15 11:00:00+05:30,2569.6,2571.3,2567.8,2569.1,4571
2025-05-15 11:15:00+05:30,2568.5,2571.3,2568.5,2569.9,6544
2025-05-15 11:30:00+05:30,2569.9,2571.9,2568.8,2570.0,27186
2025-05-15 11:45:00+05:30,2570.0,2571.9,2569.8,2569.9,15014
2025-05-15 12:00:00+05:30,2571.5,2575.6,2568.4,2570.0,16932
2025-05-15 12:15:00+05:30,2570.6,2599.9,2569.2,2594.7,15106
2025-05-15 12:30:00+05:30,2592.1,2610.0,2592.1,2608.7,17457
2025-05-15 12:45:00+05:30,2608.8,2608.8,2588.0,2593.9,9302
2025-05-15 13:00:00+05:30,2594.0,2600.0,2592.3,2597.7,4175
2025-05-15 13:15:00+05:30,2597.7,2603.8,2589.0,2597.4,9079
2025-05-15 13:30:00+05:30,2594.4,2600.0,2593.2,2595.1,4104
2025-05-15 13:45:00+05:30,2595.0,2597.1,2588.0,2590.3,6997
2025-05-15 14:00:00+05:30,2590.3,2595.0,2583.0,2593.8,6492
2025-05-15 14:15:00+05:30,2593.0,2595.0,2589.1,2594.2,3298
2025-05-15 14:30:00+05:30,2593.5,2597.0,2587.4,2595.7,7369
2025-05-15 14:45:00+05:30,2593.1,2598.6,2587.1,2589.6,6845
2025-05-15 15:00:00+05:30,2589.6,2597.0,2588.0,2590.0,8948
2025-05-15 15:15:00+05:30,2590.0,2597.0,2586.5,2586.5,16728
2025-05-15 15:30:00+05:30,2587.1,2590.0,2584.0,2584.0,9596
2025-05-16 09:30:00+05:30,2615.0,2615.0,2569.0,2585.9,10031
2025-05-16 09:45:00+05:30,2585.9,2604.1,2581.0,2601.1,4592
2025-05-16 10:00:00+05:30,2601.0,2602.8,2582.2,2584.0,4012
2025-05-16 10:15:00+05:30,2580.0,2586.6,2570.6,2572.8,7738
2025-05-16 10:30:00+05:30,2572.8,2579.6,2571.1,2576.4,3896
2025-05-16 10:45:00+05:30,2576.4,2580.2,2575.1,2579.3,2275
2025-05-16 11:00:00+05:30,2577.7,2584.9,2577.7,2583.6,1704
2025-05-16 11:15:00+05:30,2583.6,2585.0,2576.1,2579.3,1672
2025-05-16 11:30:00+05:30,2579.3,2581.9,2577.2,2579.1,781
2025-05-16 11:45:00+05:30,2579.1,2589.5,2579.1,2583.9,3172
2025-05-16 12:00:00+05:30,2583.9,2585.9,2577.0,2577.0,3276
2025-05-16 12:15:00+05:30,2577.0,2583.4,2577.0,2581.0,2056
2025-05-16 12:30:00+05:30,2581.0,2585.6,2579.2,2583.8,1780
2025-05-16 12:45:00+05:30,2582.3,2584.6,2578.9,2583.0,1348
2025-05-16 13:00:00+05:30,2583.0,2598.8,2581.4,2591.3,6143
2025-05-16 13:15:00+05:30,2591.3,2594.6,2585.1,2588.9,1445
2025-05-16 13:30:00+05:30,2588.9,2589.3,2581.3,2583.4,2633
2025-05-16 13:45:00+05:30,2583.4,2589.0,2578.3,2583.4,7646
2025-05-16 14:00:00+05:30,2583.4,2589.1,2582.0,2588.3,1734
2025-05-16 14:15:00+05:30,2588.3,2588.9,2574.2,2574.5,6462
2025-05-16 14:30:00+05:30,2574.3,2577.4,2571.0,2572.0,8117
2025-05-16 14:45:00+05:30,2572.1,2575.9,2570.5,2572.6,4867
2025-05-16 15:00:00+05:30,2572.6,2575.6,2570.5,2572.0,4682
2025-05-16 15:15:00+05:30,2572.1,2575.5,2571.4,2571.8,8363
2025-05-16 15:30:00+05:30,2571.8,2572.1,2566.0,2572.1,16019
2025-05-19 09:30:00+05:30,2584.6,2594.9,2563.0,2564.0,7239
2025-05-19 09:45:00+05:30,2563.0,2574.3,2561.2,2571.0,6419
2025-05-19 10:00:00+05:30,2571.0,2581.1,2568.2,2575.7,3528
2025-05-19 10:15:00+05:30,2575.7,2582.0,2571.4,2578.0,4818
2025-05-19 10:30:00+05:30,2578.0,2608.0,2578.0,2601.0,17013
2025-05-19 10:45:00+05:30,2596.2,2601.6,2591.1,2591.9,4906
2025-05-19 11:00:00+05:30,2591.9,2611.7,2584.4,2601.2,17278
2025-05-19 11:15:00+05:30,2601.2,2603.8,2592.8,2595.8,9034
2025-05-19 11:30:00+05:30,2596.0,2602.2,2587.3,2589.9,3487
2025-05-19 11:45:00+05:30,2589.9,2599.4,2588.0,2590.1,3133
2025-05-19 12:00:00+05:30,2590.1,2592.9,2588.7,2590.9,4055
2025-05-19 12:15:00+05:30,2590.9,2594.9,2589.1,2591.6,1002
2025-05-19 12:30:00+05:30,2591.5,2592.2,2588.7,2590.0,2266
2025-05-19 12:45:00+05:30,2590.0,2594.5,2588.7,2592.7,788
2025-05-19 13:00:00+05:30,2592.2,2593.4,2588.8,2590.7,2216
2025-05-19 13:15:00+05:30,2590.7,2592.0,2585.6,2589.2,2117
2025-05-19 13:30:00+05:30,2589.2,2591.6,2587.4,2587.4,1922
2025-05-19 13:45:00+05:30,2588.9,2590.0,2586.7,2588.6,528
2025-05-19 14:00:00+05:30,2589.6,2590.0,2575.1,2576.9,3241
2025-05-19 14:15:00+05:30,2576.9,2583.6,2576.7,2580.0,1148
2025-05-19 14:30:00+05:30,2580.0,2584.7,2572.9,2579.3,2044
2025-05-19 14:45:00+05:30,2579.3,2584.0,2578.8,2581.3,1974
2025-05-19 15:00:00+05:30,2581.3,2584.8,2576.9,2584.8,3156
2025-05-19 15:15:00+05:30,2584.1,2592.0,2584.1,2590.1,6976
2025-05-19 15:30:00+05:30,2590.0,2590.2,2580.0,2580.0,8462
2025-05-20 09:30:00+05:30,2608.8,2608.8,2582.5,2583.9,7539
2025-05-20 09:45:00+05:30,2582.5,2588.7,2577.0,2582.4,4634
2025-05-20 10:00:00+05:30,2582.4,2586.2,2577.5,2584.8,5661
2025-05-20 10:15:00+05:30,2584.8,2585.0,2580.0,2580.0,1772
2025-05-20 10:30:00+05:30,2580.0,2583.3,2577.1,2578.6,9162
2025-05-20 10:45:00+05:30,2578.6,2579.7,2576.1,2578.9,1850
2025-05-20 11:00:00+05:30,2578.9,2578.9,2572.0,2577.5,3447
2025-05-20 11:15:00+05:30,2577.8,2579.4,2576.7,2578.4,1380
2025-05-20 11:30:00+05:30,2578.4,2578.4,2573.0,2574.8,1032
2025-05-20 11:45:00+05:30,2574.8,2577.8,2570.1,2575.0,5744
2025-05-20 12:00:00+05:30,2575.0,2577.6,2570.5,2570.5,5051
2025-05-20 12:15:00+05:30,2570.5,2577.2,2570.4,2575.0,4717
2025-05-20 12:30:00+05:30,2574.7,2575.9,2572.2,2574.9,3188
2025-05-20 12:45:00+05:30,2574.9,2575.0,2571.4,2574.8,2837
2025-05-20 13:00:00+05:30,2574.8,2574.9,2570.6,2574.5,2260
2025-05-20 13:15:00+05:30,2573.9,2577.5,2507.1,2574.8,35881
2025-05-20 13:30:00+05:30,2574.8,2575.8,2569.3,2575.0,7342
2025-05-20 13:45:00+05:30,2575.0,2575.4,2565.6,2570.0,5753
2025-05-20 14:00:00+05:30,2569.9,2570.0,2565.5,2570.0,3876
2025-05-20 14:15:00+05:30,2570.0,2570.0,2545.0,2562.1,6760
2025-05-20 14:30:00+05:30,2564.0,2569.4,2558.5,2561.4,5202
2025-05-20 14:45:00+05:30,2561.4,2569.5,2557.9,2565.3,9303
2025-05-20 15:00:00+05:30,2564.0,2570.0,2563.8,2569.2,5940
2025-05-20 15:15:00+05:30,2569.3,2570.0,2557.6,2562.2,14936
2025-05-20 15:30:00+05:30,2560.7,2563.9,2556.2,2560.0,21161
2025-05-21 09:30:00+05:30,2541.1,2575.9,2495.0,2497.3,17256
2025-05-21 09:45:00+05:30,2493.3,2507.4,2493.0,2502.0,9558
2025-05-21 10:00:00+05:30,2502.0,2504.5,2485.0,2486.7,15712
2025-05-21 10:15:00+05:30,2488.0,2510.5,2475.0,2484.5,26221
2025-05-21 10:30:00+05:30,2484.5,2491.2,2478.0,2479.3,14866
2025-05-21 10:45:00+05:30,2479.1,2482.0,2478.0,2480.5,7883
2025-05-21 11:00:00+05:30,2480.5,2482.0,2475.0,2476.5,12276
2025-05-21 11:15:00+05:30,2476.5,2481.0,2475.5,2476.1,7628
2025-05-21 11:30:00+05:30,2476.4,2478.8,2472.0,2473.4,9122
2025-05-21 11:45:00+05:30,2472.6,2475.6,2471.0,2471.9,6201
2025-05-21 12:00:00+05:30,2471.8,2472.8,2460.0,2461.5,15251
2025-05-21 12:15:00+05:30,2460.7,2470.3,2445.0,2448.0,18028
2025-05-21 12:30:00+05:30,2445.6,2453.9,2445.0,2451.3,7381
2025-05-21 12:45:00+05:30,2451.1,2456.2,2445.5,2449.1,8152
2025-05-21 13:00:00+05:30,2449.1,2452.2,2447.0,2449.4,4931
2025-05-21 13:15:00+05:30,2448.8,2452.3,2448.1,2449.5,4839
2025-05-21 13:30:00+05:30,2449.3,2457.1,2448.0,2449.6,9778
2025-05-21 13:45:00+05:30,2449.0,2452.2,2448.3,2448.6,4527
2025-05-21 14:00:00+05:30,2449.5,2458.0,2448.5,2450.2,7810
2025-05-21 14:15:00+05:30,2449.3,2461.0,2448.4,2449.3,10992
2025-05-21 14:30:00+05:30,2449.5,2452.4,2448.0,2450.0,5604
2025-05-21 14:45:00+05:30,2449.8,2452.5,2436.1,2443.1,21336
2025-05-21 15:00:00+05:30,2443.1,2443.1,2438.0,2440.0,29127
2025-05-21 15:15:00+05:30,2439.9,2440.8,2438.0,2439.6,43381
2025-05-21 15:30:00+05:30,2439.0,2441.9,2435.5,2438.9,69975
2025-05-22 09:30:00+05:30,2445.0,2465.0,2441.1,2445.0,20277
2025-05-22 09:45:00+05:30,2445.2,2477.6,2442.6,2477.6,19947
2025-05-22 10:00:00+05:30,2475.8,2477.9,2465.5,2473.7,10952
2025-05-22 10:15:00+05:30,2473.9,2476.8,2470.0,2472.9,8827
2025-05-22 10:30:00+05:30,2472.9,2473.0,2466.1,2470.5,5673
2025-05-22 10:45:00+05:30,2470.5,2475.0,2469.2,2472.6,4896
2025-05-22 11:00:00+05:30,2472.3,2474.5,2470.0,2474.2,4096
2025-05-22 11:15:00+05:30,2474.2,2475.0,2466.0,2470.3,3494
2025-05-22 11:30:00+05:30,2470.4,2475.0,2470.2,2474.5,3450
2025-05-22 11:45:00+05:30,2474.5,2475.0,2471.1,2474.7,2762
2025-05-22 12:00:00+05:30,2474.6,2475.0,2470.1,2474.5,4517
2025-05-22 12:15:00+05:30,2474.5,2476.0,2472.1,2474.6,5392
2025-05-22 12:30:00+05:30,2474.7,2475.9,2474.5,2475.7,1921
2025-05-22 12:45:00+05:30,2475.7,2475.7,2470.1,2473.9,4677
2025-05-22 13:00:00+05:30,2474.0,2474.0,2471.5,2473.0,1628
2025-05-22 13:15:00+05:30,2473.0,2475.4,2472.3,2475.0,2191
2025-05-22 13:30:00+05:30,2475.0,2475.0,2474.2,2474.9,2317
2025-05-22 13:45:00+05:30,2474.9,2474.9,2474.0,2474.3,2959
2025-05-22 14:00:00+05:30,2474.3,2474.8,2473.9,2474.6,2104
2025-05-22 14:15:00+05:30,2474.6,2474.7,2461.0,2472.6,8325
2025-05-22 14:30:00+05:30,2472.7,2473.8,2466.9,2468.2,5007
2025-05-22 14:45:00+05:30,2469.3,2471.3,2458.0,2467.9,7906
2025-05-22 15:00:00+05:30,2467.9,2473.8,2465.3,2473.2,5657
2025-05-22 15:15:00+05:30,2473.1,2475.0,2472.5,2474.7,11812
2025-05-22 15:30:00+05:30,2474.4,2478.2,2470.0,2478.2,21423
2025-05-23 09:30:00+05:30,2495.0,2495.0,2462.0,2474.3,7734
2025-05-23 09:45:00+05:30,2474.3,2496.6,2474.3,2486.2,13581
2025-05-23 10:00:00+05:30,2486.2,2486.7,2477.4,2483.8,3463
2025-05-23 10:15:00+05:30,2484.6,2490.6,2483.0,2484.5,5673
2025-05-23 10:30:00+05:30,2485.4,2494.4,2485.1,2491.8,3355
2025-05-23 10:45:00+05:30,2492.6,2492.6,2483.5,2484.0,2511
2025-05-23 11:00:00+05:30,2484.0,2490.0,2484.0,2489.3,2635
2025-05-23 11:15:00+05:30,2488.0,2495.0,2484.9,2485.7,5901
2025-05-23 11:30:00+05:30,2485.7,2487.1,2475.1,2480.2,4289
2025-05-23 11:45:00+05:30,2481.1,2482.2,2476.1,2480.4,2193
2025-05-23 12:00:00+05:30,2480.4,2481.9,2477.5,2478.4,2158
2025-05-23 12:15:00+05:30,2478.4,2486.3,2477.7,2478.2,4552
2025-05-23 12:30:00+05:30,2478.9,2482.0,2477.0,2479.5,2540
2025-05-23 12:45:00+05:30,2479.5,2480.0,2471.2,2477.7,3419
2025-05-23 13:00:00+05:30,2477.7,2477.7,2471.3,2475.7,2222
2025-05-23 13:15:00+05:30,2475.7,2477.7,2469.8,2470.0,4033
2025-05-23 13:30:00+05:30,2470.0,2472.0,2469.1,2470.0,2423
2025-05-23 13:45:00+05:30,2469.4,2476.4,2469.1,2469.1,2976
2025-05-23 14:00:00+05:30,2469.1,2475.9,2467.2,2469.5,2686
2025-05-23 14:15:00+05:30,2469.5,2470.7,2466.0,2466.5,1150
2025-05-23 14:30:00+05:30,2466.6,2469.6,2464.0,2464.5,1430
2025-05-23 14:45:00+05:30,2465.0,2469.0,2460.0,2460.0,3379
2025-05-23 15:00:00+05:30,2460.9,2462.5,2454.3,2458.1,5219
2025-05-23 15:15:00+05:30,2458.1,2462.3,2454.3,2455.7,8971
2025-05-23 15:30:00+05:30,2455.6,2465.0,2437.0,2460.0,14779
2025-05-26 09:30:00+05:30,2461.5,2491.0,2452.6,2456.0,13594
2025-05-26 09:45:00+05:30,2456.4,2478.0,2456.4,2474.2,10191
2025-05-26 10:00:00+05:30,2473.0,2488.7,2472.9,2484.5,9491
2025-05-26 10:15:00+05:30,2484.5,2487.5,2476.0,2479.7,10138
2025-05-26 10:30:00+05:30,2479.7,2487.4,2475.0,2480.4,5424
2025-05-26 10:45:00+05:30,2479.9,2481.7,2472.2,2474.9,4128
2025-05-26 11:00:00+05:30,2474.9,2480.0,2473.1,2477.0,2258
2025-05-26 11:15:00+05:30,2474.5,2477.9,2471.3,2475.4,2676
2025-05-26 11:30:00+05:30,2474.1,2477.9,2470.0,2471.8,2736
2025-05-26 11:45:00+05:30,2471.8,2477.8,2470.3,2474.1,3160
2025-05-26 12:00:00+05:30,2474.1,2476.0,2470.3,2474.0,2374
2025-05-26 12:15:00+05:30,2473.2,2482.6,2472.3,2480.2,3787
2025-05-26 12:30:00+05:30,2480.2,2486.4,2477.7,2484.5,6522
2025-05-26 12:45:00+05:30,2484.5,2518.0,2482.9,2500.3,30911
2025-05-26 13:00:00+05:30,2500.3,2500.3,2483.7,2484.4,11028
2025-05-26 13:15:00+05:30,2484.4,2484.5,2462.2,2467.1,24791
2025-05-26 13:30:00+05:30,2467.1,2467.4,2444.0,2451.9,11230
2025-05-26 13:45:00+05:30,2451.4,2460.0,2448.2,2451.4,7921
2025-05-26 14:00:00+05:30,2451.6,2451.7,2446.4,2450.0,5383
2025-05-26 14:15:00+05:30,2450.0,2450.6,2442.5,2450.0,7454
2025-05-26 14:30:00+05:30,2450.0,2452.0,2442.9,2445.9,5080
2025-05-26 14:45:00+05:30,2445.9,2447.0,2436.3,2446.6,7561
2025-05-26 15:00:00+05:30,2446.0,2446.0,2438.0,2440.0,4756
2025-05-26 15:15:00+05:30,2440.0,2445.0,2438.6,2439.2,10741
2025-05-26 15:30:00+05:30,2439.2,2445.0,2437.0,2440.0,19205
2025-05-27 09:30:00+05:30,2463.6,2480.0,2454.2,2464.7,28464
2025-05-27 09:45:00+05:30,2464.2,2477.0,2457.9,2473.2,11880
2025-05-27 10:00:00+05:30,2473.3,2477.7,2468.0,2469.4,9061
2025-05-27 10:15:00+05:30,2468.9,2474.0,2467.9,2469.4,5804
2025-05-27 10:30:00+05:30,2468.1,2468.9,2451.1,2459.9,10075
2025-05-27 10:45:00+05:30,2460.0,2465.0,2459.5,2461.0,4062
2025-05-27 11:00:00+05:30,2461.0,2473.5,2458.8,2468.5,4544
2025-05-27 11:15:00+05:30,2468.8,2470.4,2466.0,2467.7,2488
2025-05-27 11:30:00+05:30,2467.8,2470.4,2465.0,2467.6,3604
2025-05-27 11:45:00+05:30,2467.6,2475.8,2466.6,2471.0,9614
2025-05-27 12:00:00+05:30,2471.0,2471.0,2466.4,2470.3,2967
2025-05-27 12:15:00+05:30,2470.9,2470.9,2462.1,2463.7,4498
2025-05-27 12:30:00+05:30,2464.0,2464.9,2457.6,2459.5,4469
2025-05-27 12:45:00+05:30,2459.5,2462.3,2458.1,2458.1,3237
2025-05-27 13:00:00+05:30,2459.1,2461.0,2455.8,2458.1,2208
2025-05-27 13:15:00+05:30,2458.1,2468.7,2458.0,2468.7,3945
2025-05-27 13:30:00+05:30,2467.7,2470.0,2462.4,2466.1,3285
2025-05-27 13:45:00+05:30,2466.6,2466.6,2453.0,2457.0,3483
2025-05-27 14:00:00+05:30,2456.5,2458.1,2445.4,2448.5,7523
2025-05-27 14:15:00+05:30,2448.5,2450.0,2446.0,2446.3,3601
2025-05-27 14:30:00+05:30,2447.8,2449.6,2447.4,2449.6,4485
2025-05-27 14:45:00+05:30,2449.6,2450.5,2449.0,2449.6,2666
2025-05-27 15:00:00+05:30,2449.6,2456.4,2445.1,2449.7,9528
2025-05-27 15:15:00+05:30,2449.8,2451.1,2448.1,2449.6,11106
2025-05-27 15:30:00+05:30,2450.5,2450.5,2438.2,2438.2,19010
2025-05-28 09:30:00+05:30,2460.6,2470.8,2453.1,2453.1,7717
2025-05-28 09:45:00+05:30,2450.1,2470.9,2450.1,2466.0,8851
2025-05-28 10:00:00+05:30,2466.0,2468.7,2460.3,2468.2,5120
2025-05-28 10:15:00+05:30,2467.6,2482.0,2458.1,2463.3,17183
2025-05-28 10:30:00+05:30,2463.3,2465.7,2453.2,2459.1,12675
2025-05-28 10:45:00+05:30,2459.1,2460.1,2456.0,2458.8,2850
2025-05-28 11:00:00+05:30,2459.6,2460.5,2456.4,2459.5,3906
2025-05-28 11:15:00+05:30,2459.2,2460.0,2457.0,2459.9,3521
2025-05-28 11:30:00+05:30,2460.0,2460.8,2458.7,2459.6,3414
2025-05-28 11:45:00+05:30,2459.9,2460.0,2458.3,2459.1,4282
2025-05-28 12:00:00+05:30,2457.3,2464.2,2457.3,2459.7,4748
2025-05-28 12:15:00+05:30,2460.0,2460.5,2456.2,2460.0,3140
2025-05-28 12:30:00+05:30,2460.0,2461.0,2459.0,2460.0,3551
2025-05-28 12:45:00+05:30,2460.0,2461.4,2459.1,2460.0,2785
2025-05-28 13:00:00+05:30,2460.0,2461.9,2458.4,2460.1,3130
2025-05-28 13:15:00+05:30,2460.1,2460.9,2458.1,2460.0,3186
2025-05-28 13:30:00+05:30,2460.0,2460.4,2458.0,2459.9,2273
2025-05-28 13:45:00+05:30,2460.0,2460.8,2457.0,2459.2,2036
2025-05-28 14:00:00+05:30,2459.2,2460.0,2456.4,2460.0,2173
2025-05-28 14:15:00+05:30,2460.0,2460.3,2457.0,2457.9,1726
2025-05-28 14:30:00+05:30,2458.1,2460.1,2453.5,2459.6,4470
2025-05-28 14:45:00+05:30,2459.5,2460.0,2456.3,2459.1,2643
2025-05-28 15:00:00+05:30,2459.1,2460.0,2456.7,2456.7,3423
2025-05-28 15:15:00+05:30,2457.9,2460.0,2452.3,2456.0,13111
2025-05-28 15:30:00+05:30,2456.0,2460.0,2449.1,2456.0,9470
2025-05-29 09:30:00+05:30,2456.0,2505.5,2455.5,2489.2,37028
2025-05-29 09:45:00+05:30,2494.8,2498.1,2480.1,2480.6,12358
2025-05-29 10:00:00+05:30,2480.7,2481.0,2471.0,2473.2,8457
2025-05-29 10:15:00+05:30,2473.2,2479.7,2473.0,2474.7,4842
2025-05-29 10:30:00+05:30,2474.1,2481.0,2474.0,2476.5,4553
2025-05-29 10:45:00+05:30,2476.5,2479.2,2475.0,2476.5,1661
2025-05-29 11:00:00+05:30,2476.5,2481.0,2476.4,2480.3,1558
2025-05-29 11:15:00+05:30,2480.3,2481.0,2471.8,2476.8,4417
2025-05-29 11:30:00+05:30,2477.4,2480.0,2475.0,2477.3,2438
2025-05-29 11:45:00+05:30,2477.0,2479.6,2477.0,2477.6,831
2025-05-29 12:00:00+05:30,2477.6,2480.0,2473.8,2475.1,1870
2025-05-29 12:15:00+05:30,2475.1,2477.4,2471.6,2477.3,2537
2025-05-29 12:30:00+05:30,2477.3,2478.8,2475.2,2478.8,527
2025-05-29 12:45:00+05:30,2478.8,2481.1,2477.6,2480.9,11748
2025-05-29 13:00:00+05:30,2481.0,2485.0,2480.1,2480.7,36655
2025-05-29 13:15:00+05:30,2480.7,2500.5,2480.7,2498.8,22787
2025-05-29 13:30:00+05:30,2498.8,2499.7,2489.2,2490.0,4697
2025-05-29 13:45:00+05:30,2490.0,2495.0,2488.0,2490.1,5374
2025-05-29 14:00:00+05:30,2490.0,2495.1,2489.1,2494.8,4873
2025-05-29 14:15:00+05:30,2494.8,2495.0,2489.1,2490.0,9584
2025-05-29 14:30:00+05:30,2490.0,2494.7,2489.3,2490.0,3453
2025-05-29 14:45:00+05:30,2490.0,2496.1,2490.0,2492.2,7647
2025-05-29 15:00:00+05:30,2493.2,2496.0,2487.4,2488.0,18386
2025-05-29 15:15:00+05:30,2489.6,2502.1,2488.3,2498.0,36664
2025-05-29 15:30:00+05:30,2498.0,2499.5,2494.8,2496.0,15526
2025-05-30 09:30:00+05:30,2514.9,2533.5,2504.5,2523.8,15509
2025-05-30 09:45:00+05:30,2524.2,2529.2,2520.7,2525.4,8976
2025-05-30 10:00:00+05:30,2525.1,2529.5,2510.0,2512.0,9742
2025-05-30 10:15:00+05:30,2512.0,2516.7,2506.8,2512.0,4671
2025-05-30 10:30:00+05:30,2512.9,2515.0,2506.8,2511.4,4097
2025-05-30 10:45:00+05:30,2511.4,2514.9,2509.0,2514.5,3607
2025-05-30 11:00:00+05:30,2514.5,2515.0,2506.9,2514.5,4371
2025-05-30 11:15:00+05:30,2514.5,2515.0,2513.0,2514.9,2046
2025-05-30 11:30:00+05:30,2514.8,2514.9,2513.0,2513.9,832
2025-05-30 11:45:00+05:30,2513.9,2518.2,2513.0,2514.5,5755
2025-05-30 12:00:00+05:30,2514.9,2515.0,2513.1,2513.1,31864
2025-05-30 12:15:00+05:30,2513.1,2514.8,2512.0,2512.4,3127
2025-05-30 12:30:00+05:30,2512.4,2514.3,2511.7,2512.1,1721
2025-05-30 12:45:00+05:30,2513.8,2515.0,2511.8,2514.0,2852
2025-05-30 13:00:00+05:30,2514.0,2515.2,2513.4,2514.9,3420
2025-05-30 13:15:00+05:30,2515.0,2520.9,2512.5,2515.0,9471
2025-05-30 13:30:00+05:30,2514.9,2515.3,2514.9,2515.0,3922
2025-05-30 13:45:00+05:30,2515.0,2515.3,2513.5,2513.5,4788
2025-05-30 14:00:00+05:30,2514.4,2515.2,2513.1,2514.9,3894
2025-05-30 14:15:00+05:30,2514.9,2517.2,2514.5,2515.0,7048
2025-05-30 14:30:00+05:30,2515.2,2526.0,2514.0,2520.4,11159
2025-05-30 14:45:00+05:30,2522.5,2522.9,2515.5,2520.0,13402
2025-05-30 15:00:00+05:30,2520.0,2521.5,2511.3,2515.0,9000
2025-05-30 15:15:00+05:30,2515.0,2549.9,2515.0,2526.0,75764
2025-05-30 15:30:00+05:30,2525.8,2547.9,2525.8,2547.0,67980
2025-06-02 09:30:00+05:30,2552.9,2552.9,2519.8,2540.4,19456
2025-06-02 09:45:00+05:30,2540.0,2577.0,2539.7,2574.5,15101
2025-06-02 10:00:00+05:30,2574.5,2579.0,2565.6,2572.2,9870
2025-06-02 10:15:00+05:30,2571.0,2572.6,2560.1,2563.8,8967
2025-06-02 10:30:00+05:30,2562.1,2564.3,2552.8,2556.7,7194
2025-06-02 10:45:00+05:30,2558.9,2560.0,2551.5,2551.5,2662
2025-06-02 11:00:00+05:30,2551.1,2557.1,2550.0,2554.5,2413
2025-06-02 11:15:00+05:30,2553.2,2557.0,2552.5,2554.0,1281
2025-06-02 11:30:00+05:30,2554.0,2559.8,2553.1,2557.0,1584
2025-06-02 11:45:00+05:30,2557.0,2557.0,2552.2,2552.7,2832
2025-06-02 12:00:00+05:30,2552.7,2554.4,2546.3,2550.0,2009
2025-06-02 12:15:00+05:30,2550.0,2550.0,2546.8,2547.7,1417
2025-06-02 12:30:00+05:30,2549.6,2549.6,2541.1,2546.0,2119
2025-06-02 12:45:00+05:30,2546.0,2547.3,2540.4,2543.0,3634
2025-06-02 13:00:00+05:30,2543.9,2545.1,2540.2,2542.6,1280
2025-06-02 13:15:00+05:30,2542.6,2550.0,2542.6,2544.6,3484
2025-06-02 13:30:00+05:30,2546.1,2548.8,2544.7,2547.9,1280
2025-06-02 13:45:00+05:30,2548.6,2550.0,2548.0,2549.3,1153
2025-06-02 14:00:00+05:30,2549.3,2550.0,2549.3,2549.8,1544
2025-06-02 14:15:00+05:30,2549.9,2549.9,2541.9,2543.8,1978
2025-06-02 14:30:00+05:30,2543.8,2548.1,2541.9,2545.3,2058
2025-06-02 14:45:00+05:30,2545.3,2548.0,2544.4,2545.8,1686
2025-06-02 15:00:00+05:30,2545.8,2548.9,2545.6,2547.0,3149
2025-06-02 15:15:00+05:30,2549.0,2549.8,2545.5,2548.7,3506
2025-06-02 15:30:00+05:30,2548.7,2565.0,2542.5,2548.1,9700
2025-06-03 09:30:00+05:30,2577.9,2703.2,2574.3,2687.2,314651
2025-06-03 09:45:00+05:30,2684.4,2688.8,2655.0,2664.3,187076
2025-06-03 10:00:00+05:30,2662.6,2675.0,2642.2,2654.8,97734
2025-06-03 10:15:00+05:30,2656.8,2663.5,2651.0,2659.9,46980
2025-06-03 10:30:00+05:30,2658.1,2661.5,2650.5,2659.5,37342
2025-06-03 10:45:00+05:30,2659.0,2660.8,2655.2,2659.2,26082
2025-06-03 11:00:00+05:30,2659.2,2661.0,2655.0,2657.9,42074
2025-06-03 11:15:00+05:30,2658.0,2661.4,2656.4,2658.4,18201
2025-06-03 11:30:00+05:30,2657.9,2661.0,2648.1,2656.9,24574
2025-06-03 11:45:00+05:30,2656.9,2660.5,2656.2,2658.4,12276
2025-06-03 12:00:00+05:30,2658.3,2660.0,2652.5,2659.1,17883
2025-06-03 12:15:00+05:30,2657.6,2658.7,2651.0,2655.5,11534
2025-06-03 12:30:00+05:30,2655.4,2660.0,2654.5,2660.0,11702
2025-06-03 12:45:00+05:30,2659.9,2660.4,2656.3,2657.7,10662
2025-06-03 13:00:00+05:30,2656.4,2660.0,2654.0,2659.5,13179
2025-06-03 13:15:00+05:30,2658.5,2659.0,2645.9,2649.0,16990
2025-06-03 13:30:00+05:30,2650.0,2659.8,2648.2,2657.4,11360
2025-06-03 13:45:00+05:30,2657.4,2659.5,2655.7,2657.5,13896
2025-06-03 14:00:00+05:30,2656.7,2660.5,2656.7,2659.9,10698
2025-06-03 14:15:00+05:30,2659.9,2660.0,2658.4,2659.2,9569
2025-06-03 14:30:00+05:30,2659.2,2660.0,2656.5,2659.9,9430
2025-06-03 14:45:00+05:30,2658.1,2660.5,2657.8,2660.0,15009
2025-06-03 15:00:00+05:30,2660.0,2660.2,2657.6,2659.4,38492
2025-06-03 15:15:00+05:30,2660.0,2678.7,2658.5,2672.8,65915
2025-06-03 15:30:00+05:30,2672.8,2685.0,2659.3,2680.0,135420
2025-06-04 09:30:00+05:30,2700.0,2786.9,2664.9,2678.7,345349
2025-06-04 09:45:00+05:30,2678.0,2694.2,2641.8,2653.7,110280
2025-06-04 10:00:00+05:30,2654.6,2656.7,2644.5,2645.8,30064
2025-06-04 10:15:00+05:30,2645.8,2660.5,2635.1,2650.5,35929
2025-06-04 10:30:00+05:30,2650.8,2659.8,2650.3,2654.1,17241
2025-06-04 10:45:00+05:30,2654.1,2659.8,2653.2,2657.7,11361
2025-06-04 11:00:00+05:30,2657.7,2660.7,2652.1,2659.8,9131
2025-06-04 11:15:00+05:30,2658.4,2659.0,2655.4,2657.0,8384
2025-06-04 11:30:00+05:30,2657.2,2663.1,2654.5,2661.0,15304
2025-06-04 11:45:00+05:30,2661.1,2667.5,2660.6,2665.2,9157
2025-06-04 12:00:00+05:30,2661.8,2664.9,2654.0,2656.1,23126
2025-06-04 12:15:00+05:30,2657.9,2659.0,2656.9,2658.9,5649
2025-06-04 12:30:00+05:30,2658.9,2659.0,2658.0,2658.8,7671
2025-06-04 12:45:00+05:30,2658.7,2666.4,2658.0,2665.8,8682
2025-06-04 13:00:00+05:30,2665.9,2678.6,2661.4,2676.0,15471
2025-06-04 13:15:00+05:30,2676.0,2713.1,2676.0,2710.1,45282
2025-06-04 13:30:00+05:30,2708.7,2712.0,2694.3,2703.5,32218
2025-06-04 13:45:00+05:30,2703.5,2708.0,2700.5,2703.0,10252
2025-06-04 14:00:00+05:30,2703.0,2708.0,2699.1,2708.0,11405
2025-06-04 14:15:00+05:30,2708.0,2715.0,2701.0,2706.2,16917
2025-06-04 14:30:00+05:30,2706.9,2718.2,2703.9,2711.3,16402
2025-06-04 14:45:00+05:30,2711.7,2724.4,2711.1,2716.1,23267
2025-06-04 15:00:00+05:30,2719.2,2723.9,2713.8,2722.0,18316
2025-06-04 15:15:00+05:30,2722.0,2729.9,2720.6,2724.9,22245
2025-06-04 15:30:00+05:30,2725.9,2728.0,2698.1,2709.6,31319
2025-06-05 09:30:00+05:30,2725.9,2740.9,2696.7,2726.2,51474
2025-06-05 09:45:00+05:30,2725.6,2727.0,2690.0,2706.6,27454
2025-06-05 10:00:00+05:30,2706.0,2717.0,2703.6,2710.5,10204
2025-06-05 10:15:00+05:30,2709.6,2721.2,2708.3,2717.0,7745
2025-06-05 10:30:00+05:30,2717.0,2719.2,2702.1,2710.2,9256
2025-06-05 10:45:00+05:30,2710.6,2714.7,2706.5,2714.4,4064
2025-06-05 11:00:00+05:30,2714.3,2715.4,2710.0,2715.4,3935
2025-06-05 11:15:00+05:30,2715.4,2722.6,2713.6,2720.2,6707
2025-06-05 11:30:00+05:30,2718.8,2732.0,2718.8,2729.0,11112
2025-06-05 11:45:00+05:30,2729.0,2730.0,2715.4,2720.0,7407
2025-06-05 12:00:00+05:30,2720.0,2721.0,2717.5,2718.9,2635
2025-06-05 12:15:00+05:30,2718.7,2721.4,2714.4,2716.3,5485
2025-06-05 12:30:00+05:30,2716.3,2719.0,2715.7,2717.3,2327
2025-06-05 12:45:00+05:30,2717.3,2719.0,2713.9,2718.2,3207
2025-06-05 13:00:00+05:30,2718.2,2720.0,2715.1,2718.0,3082
2025-06-05 13:15:00+05:30,2719.4,2725.0,2717.0,2720.0,3841
2025-06-05 13:30:00+05:30,2719.8,2720.0,2711.0,2711.0,3999
2025-06-05 13:45:00+05:30,2711.0,2716.7,2706.6,2711.6,5751
2025-06-05 14:00:00+05:30,2711.6,2718.9,2710.0,2716.5,1276
2025-06-05 14:15:00+05:30,2716.5,2719.8,2711.1,2713.7,3269
2025-06-05 14:30:00+05:30,2711.6,2714.0,2703.5,2710.5,4668
2025-06-05 14:45:00+05:30,2712.5,2712.5,2696.9,2706.4,8495
2025-06-05 15:00:00+05:30,2706.4,2712.0,2700.0,2709.8,14147
2025-06-05 15:15:00+05:30,2709.8,2712.5,2704.5,2706.0,8640
2025-06-05 15:30:00+05:30,2706.0,2709.8,2693.0,2700.0,20533
2025-06-06 09:30:00+05:30,2727.9,2727.9,2662.0,2670.5,33701
2025-06-06 09:45:00+05:30,2670.5,2677.0,2665.2,2673.0,6526
2025-06-06 10:00:00+05:30,2673.0,2674.5,2668.0,2670.7,2758
2025-06-06 10:15:00+05:30,2672.6,2673.2,2666.7,2669.4,3254
2025-06-06 10:30:00+05:30,2669.4,2675.0,2662.1,2666.0,5228
2025-06-06 10:45:00+05:30,2666.0,2666.1,2616.8,2619.2,43622
2025-06-06 11:00:00+05:30,2618.5,2622.0,2610.0,2617.0,15584
2025-06-06 11:15:00+05:30,2618.0,2620.0,2606.5,2618.1,9724
2025-06-06 11:30:00+05:30,2618.2,2622.0,2613.8,2620.0,5964
2025-06-06 11:45:00+05:30,2620.0,2650.0,2618.3,2645.0,13691
2025-06-06 12:00:00+05:30,2645.0,2648.6,2636.2,2638.9,5470
2025-06-06 12:15:00+05:30,2638.1,2641.2,2636.3,2641.2,4057
2025-06-06 12:30:00+05:30,2641.2,2642.1,2638.0,2640.0,1423
2025-06-06 12:45:00+05:30,2640.0,2640.2,2635.2,2638.6,1980
2025-06-06 13:00:00+05:30,2638.6,2640.8,2630.0,2638.9,4319
2025-06-06 13:15:00+05:30,2638.9,2644.1,2636.0,2640.0,2792
2025-06-06 13:30:00+05:30,2640.0,2640.3,2635.3,2638.5,5901
2025-06-06 13:45:00+05:30,2638.4,2643.0,2635.2,2638.5,5487
2025-06-06 14:00:00+05:30,2638.5,2638.9,2631.1,2635.0,5772
2025-06-06 14:15:00+05:30,2635.0,2639.5,2635.0,2637.7,3469
2025-06-06 14:30:00+05:30,2637.7,2639.0,2636.1,2636.7,2940
2025-06-06 14:45:00+05:30,2636.7,2636.7,2611.2,2625.0,22356
2025-06-06 15:00:00+05:30,2627.0,2627.9,2621.1,2626.0,8792
2025-06-06 15:15:00+05:30,2627.2,2633.9,2624.0,2628.1,12033
2025-06-06 15:30:00+05:30,2628.0,2640.0,2628.0,2638.9,16901
2025-06-09 09:30:00+05:30,2653.6,2655.9,2621.0,2628.0,12014
2025-06-09 09:45:00+05:30,2629.5,2639.2,2628.6,2630.9,5139
2025-06-09 10:00:00+05:30,2630.9,2650.8,2630.4,2644.0,8379
2025-06-09 10:15:00+05:30,2645.2,2645.2,2630.2,2633.5,4541
2025-06-09 10:30:00+05:30,2633.5,2643.5,2633.5,2642.0,2005
2025-06-09 10:45:00+05:30,2643.0,2649.0,2641.5,2647.2,2748
2025-06-09 11:00:00+05:30,2647.2,2649.0,2640.0,2641.1,2934
2025-06-09 11:15:00+05:30,2640.8,2641.0,2635.4,2636.6,2222
2025-06-09 11:30:00+05:30,2636.6,2640.5,2636.6,2640.0,1188
2025-06-09 11:45:00+05:30,2640.0,2643.8,2638.9,2639.0,1195
2025-06-09 12:00:00+05:30,2639.0,2642.6,2639.0,2642.6,808
2025-06-09 12:15:00+05:30,2641.2,2646.0,2641.1,2644.0,1434
2025-06-09 12:30:00+05:30,2644.0,2644.8,2638.6,2639.1,1168
2025-06-09 12:45:00+05:30,2639.2,2646.0,2639.2,2641.9,1672
2025-06-09 13:00:00+05:30,2641.9,2644.9,2641.5,2642.8,1074
2025-06-09 13:15:00+05:30,2643.0,2647.0,2638.2,2638.5,1111
2025-06-09 13:30:00+05:30,2638.5,2649.0,2637.1,2645.5,4983
2025-06-09 13:45:00+05:30,2645.5,2645.5,2639.0,2640.6,1503
2025-06-09 14:00:00+05:30,2640.6,2645.0,2638.4,2642.5,2061
2025-06-09 14:15:00+05:30,2642.5,2645.0,2640.4,2642.8,1323
2025-06-09 14:30:00+05:30,2642.8,2645.8,2639.4,2639.9,1638
2025-06-09 14:45:00+05:30,2640.0,2644.4,2639.4,2641.0,1064
2025-06-09 15:00:00+05:30,2641.0,2654.0,2640.4,2650.0,10436
2025-06-09 15:15:00+05:30,2650.1,2654.0,2648.5,2650.0,6560
2025-06-09 15:30:00+05:30,2650.0,2652.0,2645.4,2647.0,11198
2025-06-10 09:30:00+05:30,2650.0,2678.0,2648.9,2656.1,22883
2025-06-10 09:45:00+05:30,2656.1,2662.9,2649.0,2661.0,5281
2025-06-10 10:00:00+05:30,2659.7,2673.3,2657.8,2669.1,4364
2025-06-10 10:15:00+05:30,2669.0,2669.8,2656.3,2658.3,14541
2025-06-10 10:30:00+05:30,2657.1,2665.4,2656.2,2659.5,2794
2025-06-10 10:45:00+05:30,2659.5,2669.0,2658.8,2659.8,1310
2025-06-10 11:00:00+05:30,2661.5,2662.0,2659.0,2661.7,1970
2025-06-10 11:15:00+05:30,2661.7,2662.5,2655.2,2657.6,2167
2025-06-10 11:30:00+05:30,2657.6,2663.5,2655.2,2662.0,1580
2025-06-10 11:45:00+05:30,2662.0,2664.7,2651.1,2653.2,3163
2025-06-10 12:00:00+05:30,2655.8,2659.5,2642.8,2645.5,14855
2025-06-10 12:15:00+05:30,2645.5,2647.8,2643.0,2645.3,1916
2025-06-10 12:30:00+05:30,2645.3,2646.3,2635.1,2636.6,1712
2025-06-10 12:45:00+05:30,2636.6,2644.2,2635.0,2638.0,1975
2025-06-10 13:00:00+05:30,2638.0,2640.0,2635.0,2637.3,1623
2025-06-10 13:15:00+05:30,2637.3,2654.2,2636.8,2648.0,6827
2025-06-10 13:30:00+05:30,2648.0,2651.6,2645.1,2648.4,2032
2025-06-10 13:45:00+05:30,2648.4,2653.0,2646.7,2650.2,1673
2025-06-10 14:00:00+05:30,2650.0,2654.0,2643.2,2646.6,2340
2025-06-10 14:15:00+05:30,2646.6,2652.9,2643.5,2645.6,4060
2025-06-10 14:30:00+05:30,2645.6,2652.3,2644.9,2649.1,4686
2025-06-10 14:45:00+05:30,2650.0,2659.0,2648.8,2652.7,6212
2025-06-10 15:00:00+05:30,2653.9,2660.0,2652.8,2658.1,3427
2025-06-10 15:15:00+05:30,2658.9,2672.2,2649.3,2652.2,15871
2025-06-10 15:30:00+05:30,2651.8,2653.4,2640.0,2650.0,12542
2025-06-11 09:30:00+05:30,2576.1,2654.9,2574.1,2630.3,90576
2025-06-11 09:45:00+05:30,2630.3,2630.3,2618.8,2621.3,18396
2025-06-11 10:00:00+05:30,2621.9,2623.2,2605.6,2611.7,15801
2025-06-11 10:15:00+05:30,2611.5,2614.7,2608.5,2610.0,9822
2025-06-11 10:30:00+05:30,2610.8,2611.8,2604.0,2611.2,7844
2025-06-11 10:45:00+05:30,2610.5,2611.8,2605.4,2610.5,6884
2025-06-11 11:00:00+05:30,2610.0,2611.8,2605.0,2606.5,3926
2025-06-11 11:15:00+05:30,2606.5,2606.9,2601.6,2604.0,8482
2025-06-11 11:30:00+05:30,2603.0,2605.3,2601.4,2603.0,4478
2025-06-11 11:45:00+05:30,2603.0,2609.3,2602.2,2602.2,3964
2025-06-11 12:00:00+05:30,2602.3,2603.0,2592.3,2599.3,10426
2025-06-11 12:15:00+05:30,2600.0,2601.6,2598.0,2599.9,3867
2025-06-11 12:30:00+05:30,2600.0,2600.0,2595.0,2596.1,2682
2025-06-11 12:45:00+05:30,2596.3,2596.3,2558.7,2568.4,39314
2025-06-11 13:00:00+05:30,2568.8,2570.6,2553.0,2558.4,21272
2025-06-11 13:15:00+05:30,2558.4,2560.5,2557.0,2557.3,42212
2025-06-11 13:30:00+05:30,2558.0,2559.6,2555.0,2559.5,5042
2025-06-11 13:45:00+05:30,2559.5,2560.8,2555.0,2555.7,6127
2025-06-11 14:00:00+05:30,2555.9,2555.9,2545.0,2551.0,15819
2025-06-11 14:15:00+05:30,2550.0,2550.9,2545.0,2549.8,8106
2025-06-11 14:30:00+05:30,2549.8,2554.7,2533.0,2534.9,20185
2025-06-11 14:45:00+05:30,2534.3,2555.7,2533.0,2546.9,27477
2025-06-11 15:00:00+05:30,2547.0,2552.4,2543.5,2547.0,14060
2025-06-11 15:15:00+05:30,2547.0,2556.5,2545.0,2556.5,22606
2025-06-11 15:30:00+05:30,2556.0,2565.0,2550.1,2562.0,64153
2025-06-12 09:30:00+05:30,2569.8,2629.0,2569.1,2618.4,66235
2025-06-12 09:45:00+05:30,2619.5,2638.4,2617.5,2620.4,50252
2025-06-12 10:00:00+05:30,2620.4,2630.0,2612.0,2623.0,22182
2025-06-12 10:15:00+05:30,2623.0,2645.0,2622.8,2640.9,30903
2025-06-12 10:30:00+05:30,2641.9,2648.7,2630.0,2645.0,37904
2025-06-12 10:45:00+05:30,2643.6,2652.0,2640.0,2644.0,47168
2025-06-12 11:00:00+05:30,2643.8,2646.8,2635.0,2645.2,22474
2025-06-12 11:15:00+05:30,2643.7,2652.1,2584.0,2589.0,69360
2025-06-12 11:30:00+05:30,2589.0,2599.8,2576.8,2588.4,27878
2025-06-12 11:45:00+05:30,2588.5,2598.9,2586.5,2590.7,13162
2025-06-12 12:00:00+05:30,2590.7,2599.0,2588.5,2595.0,5807
2025-06-12 12:15:00+05:30,2595.0,2595.5,2584.0,2595.0,7739
2025-06-12 12:30:00+05:30,2595.0,2597.8,2591.0,2593.4,4664
2025-06-12 12:45:00+05:30,2592.5,2599.1,2592.2,2595.1,6370
2025-06-12 13:00:00+05:30,2597.0,2599.0,2592.2,2595.6,4421
2025-06-12 13:15:00+05:30,2595.6,2604.0,2585.5,2590.6,9946
2025-06-12 13:30:00+05:30,2590.6,2593.5,2581.4,2583.5,7769
2025-06-12 13:45:00+05:30,2583.5,2589.5,2575.2,2575.2,7345
2025-06-12 14:00:00+05:30,2575.4,2587.8,2574.1,2585.1,11493
2025-06-12 14:15:00+05:30,2585.1,2586.5,2570.0,2573.5,7374
2025-06-12 14:30:00+05:30,2575.1,2585.0,2573.0,2583.8,7843
2025-06-12 14:45:00+05:30,2583.8,2589.0,2581.5,2588.7,6165
2025-06-12 15:00:00+05:30,2588.5,2603.7,2588.0,2602.8,16053
2025-06-12 15:15:00+05:30,2602.1,2603.0,2588.0,2588.0,26363
2025-06-12 15:30:00+05:30,2590.6,2597.7,2570.0,2570.1,42631
2025-06-13 09:30:00+05:30,2570.0,2584.8,2555.9,2578.0,18451
2025-06-13 09:45:00+05:30,2576.6,2582.4,2560.5,2561.6,8418
2025-06-13 10:00:00+05:30,2561.2,2570.0,2556.2,2562.2,4970
2025-06-13 10:15:00+05:30,2563.6,2567.9,2560.0,2564.5,2551
2025-06-13 10:30:00+05:30,2564.0,2575.8,2561.0,2572.4,56543
2025-06-13 10:45:00+05:30,2574.2,2580.3,2571.1,2580.1,2802
2025-06-13 11:00:00+05:30,2581.5,2582.0,2575.0,2576.2,9868
2025-06-13 11:15:00+05:30,2576.2,2608.9,2573.2,2598.2,35208
2025-06-13 11:30:00+05:30,2598.2,2610.9,2598.2,2603.7,4964
2025-06-13 11:45:00+05:30,2603.7,2610.5,2599.0,2599.0,6949
2025-06-13 12:00:00+05:30,2599.0,2604.3,2599.0,2600.3,1511
2025-06-13 12:15:00+05:30,2600.3,2604.3,2600.0,2602.5,1012
2025-06-13 12:30:00+05:30,2602.5,2604.3,2600.1,2603.1,2088
2025-06-13 12:45:00+05:30,2603.1,2604.2,2600.0,2601.6,990
2025-06-13 13:00:00+05:30,2600.2,2607.7,2600.2,2600.6,3191
2025-06-13 13:15:00+05:30,2600.6,2607.0,2600.1,2607.0,6576
2025-06-13 13:30:00+05:30,2607.0,2609.0,2604.5,2606.8,3480
2025-06-13 13:45:00+05:30,2606.8,2614.0,2604.5,2612.8,3767
2025-06-13 14:00:00+05:30,2612.8,2619.0,2610.4,2611.8,3570
2025-06-13 14:15:00+05:30,2611.8,2611.8,2607.1,2610.0,5842
2025-06-13 14:30:00+05:30,2610.0,2612.5,2609.1,2610.5,3684
2025-06-13 14:45:00+05:30,2610.0,2612.7,2602.0,2608.0,12238
2025-06-13 15:00:00+05:30,2607.1,2609.0,2601.1,2605.9,4401
2025-06-13 15:15:00+05:30,2605.9,2610.0,2604.5,2605.0,6095
2025-06-13 15:30:00+05:30,2605.0,2610.0,2604.0,2606.5,7415
2025-06-16 09:30:00+05:30,2607.9,2637.8,2592.5,2606.0,19079
2025-06-16 09:45:00+05:30,2603.0,2607.0,2587.6,2601.0,11405
2025-06-16 10:00:00+05:30,2601.0,2616.0,2597.8,2605.0,9742
2025-06-16 10:15:00+05:30,2604.1,2605.0,2595.5,2600.0,8600
2025-06-16 10:30:00+05:30,2600.0,2601.3,2598.3,2599.0,2710
2025-06-16 10:45:00+05:30,2599.0,2601.0,2595.6,2599.8,4188
2025-06-16 11:00:00+05:30,2599.8,2600.2,2594.6,2598.0,56145
2025-06-16 11:15:00+05:30,2598.9,2600.0,2597.0,2598.8,1244
2025-06-16 11:30:00+05:30,2598.8,2602.9,2597.0,2600.6,28725
2025-06-16 11:45:00+05:30,2600.7,2610.8,2600.6,2609.7,10920
2025-06-16 12:00:00+05:30,2609.9,2614.9,2609.4,2612.5,908
2025-06-16 12:15:00+05:30,2612.5,2625.8,2606.9,2625.1,6311
2025-06-16 12:30:00+05:30,2625.1,2628.9,2622.3,2627.5,3756
2025-06-16 12:45:00+05:30,2626.7,2627.8,2617.8,2619.9,2571
2025-06-16 13:00:00+05:30,2618.6,2625.4,2618.6,2622.8,1850
2025-06-16 13:15:00+05:30,2624.4,2625.7,2618.0,2619.9,3388
2025-06-16 13:30:00+05:30,2619.9,2625.0,2616.8,2622.5,4201
2025-06-16 13:45:00+05:30,2622.5,2622.5,2618.0,2619.0,1915
2025-06-16 14:00:00+05:30,2619.0,2620.9,2616.0,2618.9,1451
2025-06-16 14:15:00+05:30,2619.9,2621.9,2618.0,2620.0,2604
2025-06-16 14:30:00+05:30,2620.0,2623.0,2617.4,2618.2,2005
2025-06-16 14:45:00+05:30,2618.2,2622.4,2617.5,2618.4,3289
2025-06-16 15:00:00+05:30,2618.3,2620.0,2616.0,2617.8,4860
2025-06-16 15:15:00+05:30,2617.8,2618.5,2613.5,2617.8,4711
2025-06-16 15:30:00+05:30,2618.0,2618.0,2612.0,2617.0,6730
2025-06-17 09:30:00+05:30,2630.0,2651.9,2617.0,2631.9,23639
2025-06-17 09:45:00+05:30,2631.9,2635.0,2621.6,2631.5,7858
2025-06-17 10:00:00+05:30,2630.4,2635.0,2628.1,2633.9,6173
2025-06-17 10:15:00+05:30,2633.9,2635.0,2631.2,2633.2,7378
2025-06-17 10:30:00+05:30,2633.4,2640.0,2631.8,2639.9,15441
2025-06-17 10:45:00+05:30,2639.9,2659.9,2613.2,2618.5,34469
2025-06-17 11:00:00+05:30,2618.5,2621.3,2615.0,2619.9,6788
2025-06-17 11:15:00+05:30,2619.9,2621.3,2617.8,2618.1,7271
2025-06-17 11:30:00+05:30,2618.2,2620.3,2608.0,2614.9,11588
2025-06-17 11:45:00+05:30,2614.9,2616.6,2610.2,2611.7,6138
2025-06-17 12:00:00+05:30,2611.7,2614.9,2610.3,2614.4,4794
2025-06-17 12:15:00+05:30,2613.8,2614.4,2607.0,2608.0,5020
2025-06-17 12:30:00+05:30,2607.0,2610.5,2596.8,2599.7,15608
2025-06-17 12:45:00+05:30,2599.8,2605.0,2593.9,2599.8,11112
2025-06-17 13:00:00+05:30,2599.3,2603.8,2592.1,2599.4,14155
2025-06-17 13:15:00+05:30,2598.7,2603.0,2597.7,2599.9,3942
2025-06-17 13:30:00+05:30,2599.9,2601.2,2597.1,2599.1,3897
2025-06-17 13:45:00+05:30,2599.1,2600.9,2596.0,2598.3,3557
2025-06-17 14:00:00+05:30,2597.7,2599.1,2593.2,2594.2,2509
2025-06-17 14:15:00+05:30,2594.2,2602.4,2594.2,2600.0,4690
2025-06-17 14:30:00+05:30,2599.9,2600.7,2598.0,2599.0,1890
2025-06-17 14:45:00+05:30,2600.0,2601.0,2598.1,2600.0,3600
2025-06-17 15:00:00+05:30,2599.9,2603.4,2598.0,2600.0,13277
2025-06-17 15:15:00+05:30,2600.0,2609.9,2598.0,2608.2,20394
2025-06-17 15:30:00+05:30,2608.4,2611.5,2604.0,2610.0,13190
2025-06-18 09:30:00+05:30,2615.0,2640.0,2612.8,2631.0,21375
2025-06-18 09:45:00+05:30,2631.0,2639.0,2631.0,2637.4,4474
2025-06-18 10:00:00+05:30,2637.4,2637.4,2625.0,2633.0,6580
2025-06-18 10:15:00+05:30,2633.0,2633.0,2625.0,2632.0,3872
2025-06-18 10:30:00+05:30,2632.0,2636.0,2629.5,2629.9,4907
2025-06-18 10:45:00+05:30,2629.9,2637.6,2626.4,2636.8,1846
2025-06-18 11:00:00+05:30,2636.8,2639.0,2629.0,2631.0,4628
2025-06-18 11:15:00+05:30,2633.0,2633.0,2627.0,2630.9,1364
2025-06-18 11:30:00+05:30,2630.9,2632.3,2628.0,2630.3,832
2025-06-18 11:45:00+05:30,2630.3,2630.3,2622.0,2624.6,5639
2025-06-18 12:00:00+05:30,2624.6,2625.0,2620.0,2623.1,3879
2025-06-18 12:15:00+05:30,2623.1,2626.5,2622.0,2625.8,1350
2025-06-18 12:30:00+05:30,2625.8,2625.8,2623.0,2624.9,1675
2025-06-18 12:45:00+05:30,2624.9,2631.8,2623.6,2625.4,9883
2025-06-18 13:00:00+05:30,2625.4,2664.9,2625.4,2655.0,42342
2025-06-18 13:15:00+05:30,2655.0,2660.0,2647.0,2659.0,15242
2025-06-18 13:30:00+05:30,2657.3,2659.0,2650.8,2655.8,6567
2025-06-18 13:45:00+05:30,2653.7,2657.0,2646.1,2655.9,5628
2025-06-18 14:00:00+05:30,2655.9,2660.6,2653.5,2653.8,4060
2025-06-18 14:15:00+05:30,2655.1,2656.0,2650.0,2652.5,4863
2025-06-18 14:30:00+05:30,2653.9,2660.0,2650.0,2652.1,8299
2025-06-18 14:45:00+05:30,2652.1,2657.5,2652.1,2657.4,3311
2025-06-18 15:00:00+05:30,2656.7,2657.5,2654.0,2655.8,3779
2025-06-18 15:15:00+05:30,2655.8,2662.0,2654.1,2660.0,21706
2025-06-18 15:30:00+05:30,2659.9,2660.0,2645.0,2650.0,23361
2025-06-19 09:30:00+05:30,2655.0,2698.0,2645.2,2691.5,37052
2025-06-19 09:45:00+05:30,2690.1,2710.0,2688.6,2690.0,32848
2025-06-19 10:00:00+05:30,2692.0,2700.0,2682.0,2692.0,13328
2025-06-19 10:15:00+05:30,2692.0,2694.5,2683.0,2688.5,12430
2025-06-19 10:30:00+05:30,2689.7,2693.0,2674.4,2677.7,18936
2025-06-19 10:45:00+05:30,2677.6,2680.7,2676.4,2677.6,11191
2025-06-19 11:00:00+05:30,2677.6,2690.0,2671.8,2679.2,23664
2025-06-19 11:15:00+05:30,2679.1,2688.6,2677.2,2681.4,14231
2025-06-19 11:30:00+05:30,2682.6,2690.0,2679.7,2686.4,10479
2025-06-19 11:45:00+05:30,2680.2,2680.5,2662.5,2672.6,12805
2025-06-19 12:00:00+05:30,2671.0,2672.8,2651.0,2661.5,11581
2025-06-19 12:15:00+05:30,2659.7,2675.8,2659.7,2664.6,3765
2025-06-19 12:30:00+05:30,2664.6,2667.4,2657.0,2663.9,6610
2025-06-19 12:45:00+05:30,2663.9,2665.2,2656.6,2659.5,4184
2025-06-19 13:00:00+05:30,2657.9,2664.9,2656.1,2660.0,4786
2025-06-19 13:15:00+05:30,2660.0,2667.8,2656.1,2661.2,5287
2025-06-19 13:30:00+05:30,2661.6,2661.9,2656.2,2660.0,4445
2025-06-19 13:45:00+05:30,2659.5,2661.1,2648.0,2656.8,18667
2025-06-19 14:00:00+05:30,2655.7,2658.2,2654.0,2658.2,5318
2025-06-19 14:15:00+05:30,2658.2,2660.0,2655.0,2659.5,6911
2025-06-19 14:30:00+05:30,2658.1,2660.0,2641.4,2649.9,14610
2025-06-19 14:45:00+05:30,2650.0,2654.9,2648.4,2653.9,3027
2025-06-19 15:00:00+05:30,2655.0,2660.0,2648.1,2659.9,12495
2025-06-19 15:15:00+05:30,2660.0,2660.0,2658.5,2659.3,8938
2025-06-19 15:30:00+05:30,2659.3,2659.3,2642.0,2642.0,14522
2025-06-20 09:30:00+05:30,2656.0,2688.4,2642.7,2665.9,27689
2025-06-20 09:45:00+05:30,2665.1,2665.9,2655.8,2664.2,5800
2025-06-20 10:00:00+05:30,2664.2,2666.1,2652.4,2656.6,5087
2025-06-20 10:15:00+05:30,2657.8,2658.0,2650.0,2651.4,6407
2025-06-20 10:30:00+05:30,2651.4,2667.9,2650.6,2661.1,12339
2025-06-20 10:45:00+05:30,2661.1,2662.8,2651.0,2653.0,4379
2025-06-20 11:00:00+05:30,2653.0,2657.0,2653.0,2654.0,3868
2025-06-20 11:15:00+05:30,2654.0,2655.8,2653.0,2655.3,2049
2025-06-20 11:30:00+05:30,2654.4,2656.9,2653.0,2655.0,83764
2025-06-20 11:45:00+05:30,2655.0,2655.5,2646.3,2649.5,6381
2025-06-20 12:00:00+05:30,2649.0,2651.4,2645.0,2646.1,18289
2025-06-20 12:15:00+05:30,2646.1,2646.1,2644.0,2644.4,3209
2025-06-20 12:30:00+05:30,2644.2,2645.8,2641.3,2641.3,4333
2025-06-20 12:45:00+05:30,2641.3,2648.5,2640.0,2648.3,5198
2025-06-20 13:00:00+05:30,2648.3,2648.8,2645.0,2645.9,3159
2025-06-20 13:15:00+05:30,2645.9,2650.0,2645.1,2646.9,3498
2025-06-20 13:30:00+05:30,2646.9,2650.0,2645.0,2645.4,10630
2025-06-20 13:45:00+05:30,2645.4,2647.5,2643.0,2644.0,4579
2025-06-20 14:00:00+05:30,2644.0,2645.5,2639.0,2641.0,6232
2025-06-20 14:15:00+05:30,2641.0,2642.1,2639.0,2640.0,3368
2025-06-20 14:30:00+05:30,2639.0,2644.0,2639.0,2642.9,4764
2025-06-20 14:45:00+05:30,2642.9,2650.0,2640.0,2647.1,9588
2025-06-20 15:00:00+05:30,2646.8,2649.0,2642.6,2646.3,7679
2025-06-20 15:15:00+05:30,2646.3,2652.0,2620.8,2633.9,139541
2025-06-20 15:30:00+05:30,2636.5,2640.0,2625.9,2635.0,109566
2025-06-23 09:30:00+05:30,2636.3,2662.2,2627.1,2650.8,17672
2025-06-23 09:45:00+05:30,2649.0,2651.6,2635.0,2638.1,8826
2025-06-23 10:00:00+05:30,2637.0,2642.1,2635.0,2637.6,2224
2025-06-23 10:15:00+05:30,2637.6,2640.8,2636.3,2638.6,833
2025-06-23 10:30:00+05:30,2638.6,2654.9,2636.9,2650.0,3906
2025-06-23 10:45:00+05:30,2650.0,2665.5,2650.0,2655.4,18625
2025-06-23 11:00:00+05:30,2655.4,2658.3,2644.0,2649.4,6497
2025-06-23 11:15:00+05:30,2649.4,2649.4,2643.0,2643.7,7074
2025-06-23 11:30:00+05:30,2643.7,2644.0,2642.0,2643.0,4725
2025-06-23 11:45:00+05:30,2643.0,2644.5,2642.0,2643.8,3553
2025-06-23 12:00:00+05:30,2643.8,2644.0,2638.0,2638.0,7399
2025-06-23 12:15:00+05:30,2638.0,2640.0,2638.0,2639.9,1709
2025-06-23 12:30:00+05:30,2639.9,2640.0,2639.0,2640.0,3126
2025-06-23 12:45:00+05:30,2640.0,2649.0,2639.0,2648.9,8347
2025-06-23 13:00:00+05:30,2649.0,2653.2,2646.2,2650.1,3951
2025-06-23 13:15:00+05:30,2649.4,2650.1,2645.1,2646.6,2731
2025-06-23 13:30:00+05:30,2646.6,2648.0,2645.1,2647.9,1575
2025-06-23 13:45:00+05:30,2647.9,2648.1,2645.5,2647.9,2374
2025-06-23 14:00:00+05:30,2647.9,2649.0,2644.1,2644.1,7631
2025-06-23 14:15:00+05:30,2644.1,2646.0,2643.0,2644.2,2781
2025-06-23 14:30:00+05:30,2644.2,2645.7,2639.0,2640.0,5708
2025-06-23 14:45:00+05:30,2640.0,2642.0,2639.7,2641.3,3112
2025-06-23 15:00:00+05:30,2642.0,2653.0,2641.2,2650.7,4515
2025-06-23 15:15:00+05:30,2650.8,2654.8,2650.0,2650.5,6845
2025-06-23 15:30:00+05:30,2650.5,2654.0,2645.4,2650.0,14197
2025-06-24 09:30:00+05:30,2669.0,2675.9,2638.7,2645.1,28588
2025-06-24 09:45:00+05:30,2645.1,2656.9,2642.3,2656.7,16164
2025-06-24 10:00:00+05:30,2656.7,2661.4,2650.9,2654.3,4707
2025-06-24 10:15:00+05:30,2654.3,2668.0,2653.4,2662.0,8186
2025-06-24 10:30:00+05:30,2660.3,2663.6,2658.6,2661.2,3455
2025-06-24 10:45:00+05:30,2661.2,2666.5,2658.4,2662.1,3773
2025-06-24 11:00:00+05:30,2662.5,2663.4,2649.0,2655.5,7832
2025-06-24 11:15:00+05:30,2655.5,2658.5,2652.4,2654.9,1952
2025-06-24 11:30:00+05:30,2655.2,2659.2,2654.3,2656.3,1814
2025-06-24 11:45:00+05:30,2655.7,2661.9,2655.7,2661.2,2749
2025-06-24 12:00:00+05:30,2661.2,2662.0,2658.4,2659.9,2208
2025-06-24 12:15:00+05:30,2660.0,2662.0,2658.1,2661.0,3817
2025-06-24 12:30:00+05:30,2660.9,2683.2,2659.5,2669.2,20227
2025-06-24 12:45:00+05:30,2669.2,2674.3,2665.0,2668.9,4856
2025-06-24 13:00:00+05:30,2669.4,2673.9,2663.0,2666.1,4330
2025-06-24 13:15:00+05:30,2666.1,2674.7,2665.8,2671.3,2268
2025-06-24 13:30:00+05:30,2671.3,2689.0,2665.5,2686.8,5988
2025-06-24 13:45:00+05:30,2684.2,2695.9,2670.6,2670.6,23975
2025-06-24 14:00:00+05:30,2672.7,2674.3,2665.6,2673.3,5532
2025-06-24 14:15:00+05:30,2673.3,2675.5,2667.7,2671.8,3542
2025-06-24 14:30:00+05:30,2671.8,2684.0,2669.3,2681.3,11505
2025-06-24 14:45:00+05:30,2683.6,2690.0,2680.8,2688.9,6071
2025-06-24 15:00:00+05:30,2688.9,2691.5,2681.6,2687.5,4861
2025-06-24 15:15:00+05:30,2688.9,2690.2,2681.5,2683.2,10177
2025-06-24 15:30:00+05:30,2681.3,2688.0,2675.0,2680.0,14653
2025-06-25 09:30:00+05:30,2683.3,2707.8,2679.0,2706.4,17311
2025-06-25 09:45:00+05:30,2708.9,2717.9,2702.1,2705.9,31389
2025-06-25 10:00:00+05:30,2706.2,2708.2,2700.0,2703.8,9195
2025-06-25 10:15:00+05:30,2704.5,2706.1,2703.4,2704.6,4948
2025-06-25 10:30:00+05:30,2704.6,2707.0,2701.0,2701.1,4019
2025-06-25 10:45:00+05:30,2702.6,2704.0,2701.0,2701.0,2115
2025-06-25 11:00:00+05:30,2702.6,2703.0,2698.2,2699.1,2295
2025-06-25 11:15:00+05:30,2699.1,2702.9,2698.4,2702.6,2100
2025-06-25 11:30:00+05:30,2700.7,2703.0,2700.0,2701.3,1892
2025-06-25 11:45:00+05:30,2701.3,2703.3,2700.0,2702.6,1289
2025-06-25 12:00:00+05:30,2702.6,2735.0,2701.0,2724.4,29754
2025-06-25 12:15:00+05:30,2724.3,2725.0,2720.4,2725.0,20019
2025-06-25 12:30:00+05:30,2725.0,2725.0,2722.0,2725.0,8648
2025-06-25 12:45:00+05:30,2725.0,2725.5,2721.3,2723.3,7158
2025-06-25 13:00:00+05:30,2725.5,2725.5,2690.5,2695.6,17866
2025-06-25 13:15:00+05:30,2695.6,2704.9,2691.5,2698.8,9935
2025-06-25 13:30:00+05:30,2698.8,2698.8,2692.0,2693.7,2057
2025-06-25 13:45:00+05:30,2693.7,2697.4,2691.0,2697.4,2233
2025-06-25 14:00:00+05:30,2696.2,2697.9,2694.7,2697.2,2902
2025-06-25 14:15:00+05:30,2695.4,2700.3,2690.0,2692.1,3471
2025-06-25 14:30:00+05:30,2692.1,2694.7,2689.0,2692.5,4685
2025-06-25 14:45:00+05:30,2693.0,2697.1,2690.1,2695.1,6345
2025-06-25 15:00:00+05:30,2695.1,2695.4,2690.0,2693.7,4954
2025-06-25 15:15:00+05:30,2693.8,2694.5,2684.4,2689.4,12363
2025-06-25 15:30:00+05:30,2689.4,2698.8,2686.0,2688.1,16754
2025-06-26 09:30:00+05:30,2694.2,2705.6,2682.0,2689.7,7466
2025-06-26 09:45:00+05:30,2688.2,2689.9,2672.0,2681.2,8134
2025-06-26 10:00:00+05:30,2681.2,2685.3,2677.7,2683.0,2271
2025-06-26 10:15:00+05:30,2680.8,2682.1,2675.0,2677.4,1665
2025-06-26 10:30:00+05:30,2677.4,2679.9,2672.2,2674.0,2833
2025-06-26 10:45:00+05:30,2674.0,2675.3,2667.3,2669.4,3250
2025-06-26 11:00:00+05:30,2669.4,2674.8,2658.3,2672.2,4731
2025-06-26 11:15:00+05:30,2672.2,2677.6,2671.3,2677.0,982
2025-06-26 11:30:00+05:30,2677.0,2677.0,2670.0,2672.7,6571
2025-06-26 11:45:00+05:30,2673.9,2677.4,2660.1,2677.4,9938
2025-06-26 12:00:00+05:30,2677.0,2690.2,2676.6,2680.4,3859
2025-06-26 12:15:00+05:30,2680.2,2683.5,2676.7,2680.3,1638
2025-06-26 12:30:00+05:30,2680.3,2681.3,2676.1,2680.9,1992
2025-06-26 12:45:00+05:30,2680.9,2681.5,2668.5,2672.5,4929
2025-06-26 13:00:00+05:30,2673.3,2677.2,2670.9,2674.7,2544
2025-06-26 13:15:00+05:30,2675.9,2678.9,2673.5,2678.6,2025
2025-06-26 13:30:00+05:30,2678.6,2680.2,2675.7,2678.8,876
2025-06-26 13:45:00+05:30,2678.8,2680.1,2675.5,2676.2,1172
2025-06-26 14:00:00+05:30,2678.5,2683.5,2675.0,2677.8,3138
2025-06-26 14:15:00+05:30,2679.1,2681.6,2676.7,2680.2,1441
2025-06-26 14:30:00+05:30,2680.2,2682.0,2672.1,2675.1,4376
2025-06-26 14:45:00+05:30,2675.1,2681.2,2671.0,2681.0,4275
2025-06-26 15:00:00+05:30,2680.5,2684.8,2678.9,2680.3,2385
2025-06-26 15:15:00+05:30,2680.3,2680.9,2670.6,2673.3,8684
2025-06-26 15:30:00+05:30,2673.3,2678.9,2667.1,2677.2,12116
2025-06-27 09:30:00+05:30,2685.0,2685.0,2665.1,2675.2,8053
2025-06-27 09:45:00+05:30,2675.2,2677.4,2665.2,2666.0,4408
2025-06-27 10:00:00+05:30,2666.0,2671.3,2653.0,2657.6,5244
2025-06-27 10:15:00+05:30,2656.2,2663.7,2651.0,2653.0,3413
2025-06-27 10:30:00+05:30,2653.0,2658.2,2650.0,2653.3,2712
2025-06-27 10:45:00+05:30,2654.0,2654.0,2650.0,2650.1,2640
2025-06-27 11:00:00+05:30,2650.0,2655.0,2648.0,2649.5,4339
2025-06-27 11:15:00+05:30,2649.5,2653.2,2649.2,2652.0,2631
2025-06-27 11:30:00+05:30,2652.3,2653.4,2650.6,2651.3,2509
2025-06-27 11:45:00+05:30,2651.3,2658.1,2650.6,2651.6,2893
2025-06-27 12:00:00+05:30,2651.2,2655.7,2649.2,2654.4,2375
2025-06-27 12:15:00+05:30,2652.7,2657.8,2649.0,2649.1,2503
2025-06-27 12:30:00+05:30,2649.1,2650.5,2645.0,2648.8,4899
2025-06-27 12:45:00+05:30,2646.7,2653.3,2646.0,2648.4,3140
2025-06-27 13:00:00+05:30,2647.6,2649.6,2645.5,2645.9,3324
2025-06-27 13:15:00+05:30,2645.9,2650.4,2645.5,2647.6,2722
2025-06-27 13:30:00+05:30,2647.6,2648.3,2645.0,2646.3,2968
2025-06-27 13:45:00+05:30,2648.7,2648.7,2645.0,2645.3,3245
2025-06-27 14:00:00+05:30,2645.2,2646.9,2644.8,2645.3,3989
2025-06-27 14:15:00+05:30,2645.1,2653.9,2645.0,2653.5,4793
2025-06-27 14:30:00+05:30,2653.5,2654.1,2648.9,2651.7,1275
2025-06-27 14:45:00+05:30,2651.7,2653.8,2645.0,2646.6,5087
2025-06-27 15:00:00+05:30,2646.6,2647.3,2642.4,2643.2,8053
2025-06-27 15:15:00+05:30,2642.5,2642.5,2556.1,2576.3,155931
2025-06-27 15:30:00+05:30,2573.7,2605.8,2572.3,2601.0,118840
2025-06-30 09:30:00+05:30,2592.0,2627.0,2592.0,2608.4,13590
2025-06-30 09:45:00+05:30,2607.9,2613.4,2602.8,2606.5,6534
2025-06-30 10:00:00+05:30,2606.5,2609.1,2602.0,2602.1,5737
2025-06-30 10:15:00+05:30,2602.1,2609.7,2602.1,2609.7,3866
2025-06-30 10:30:00+05:30,2609.7,2611.7,2580.0,2584.9,10688
2025-06-30 10:45:00+05:30,2584.7,2601.0,2582.2,2599.5,16927
2025-06-30 11:00:00+05:30,2599.2,2602.5,2594.0,2598.1,6262
2025-06-30 11:15:00+05:30,2598.1,2601.9,2594.5,2595.2,3259
2025-06-30 11:30:00+05:30,2594.1,2597.3,2592.2,2596.3,3395
2025-06-30 11:45:00+05:30,2596.3,2600.0,2594.5,2599.8,4117
2025-06-30 12:00:00+05:30,2600.0,2600.0,2587.0,2593.7,7422
2025-06-30 12:15:00+05:30,2593.6,2607.0,2592.0,2604.8,7353
2025-06-30 12:30:00+05:30,2603.5,2609.6,2600.3,2600.5,5280
2025-06-30 12:45:00+05:30,2602.5,2603.9,2598.1,2598.3,2607
2025-06-30 13:00:00+05:30,2599.9,2601.2,2595.0,2595.0,2505
2025-06-30 13:15:00+05:30,2595.7,2600.6,2591.2,2598.0,3238
2025-06-30 13:30:00+05:30,2598.0,2599.1,2593.5,2593.6,2985
2025-06-30 13:45:00+05:30,2593.6,2600.0,2592.9,2598.4,4456
2025-06-30 14:00:00+05:30,2598.4,2601.0,2595.2,2599.2,3954
2025-06-30 14:15:00+05:30,2599.2,2603.4,2596.4,2597.7,7742
2025-06-30 14:30:00+05:30,2599.0,2600.5,2596.6,2599.6,3521
2025-06-30 14:45:00+05:30,2599.6,2602.5,2597.3,2599.2,6245
2025-06-30 15:00:00+05:30,2599.0,2600.0,2595.6,2597.3,8251
2025-06-30 15:15:00+05:30,2597.3,2630.0,2597.3,2617.0,19673
2025-06-30 15:30:00+05:30,2616.6,2628.3,2611.7,2624.1,18904
2025-07-01 09:30:00+05:30,2640.0,2649.0,2625.6,2629.0,13127
2025-07-01 09:45:00+05:30,2630.8,2634.9,2620.1,2631.8,5019
2025-07-01 10:00:00+05:30,2631.8,2631.8,2614.0,2618.4,4322
2025-07-01 10:15:00+05:30,2618.5,2620.0,2612.2,2613.1,3204
2025-07-01 10:30:00+05:30,2614.2,2614.8,2601.0,2601.1,3665
2025-07-01 10:45:00+05:30,2602.6,2602.7,2592.0,2593.8,5621
2025-07-01 11:00:00+05:30,2594.1,2596.0,2590.0,2591.3,3024
2025-07-01 11:15:00+05:30,2592.7,2593.9,2590.0,2592.2,2969
2025-07-01 11:30:00+05:30,2590.5,2593.5,2590.1,2591.6,2661
2025-07-01 11:45:00+05:30,2592.7,2592.8,2581.0,2581.0,12074
2025-07-01 12:00:00+05:30,2582.0,2585.3,2580.0,2582.2,6309
2025-07-01 12:15:00+05:30,2583.9,2583.9,2574.0,2575.2,10209
2025-07-01 12:30:00+05:30,2576.6,2578.0,2570.7,2571.9,5787
2025-07-01 12:45:00+05:30,2571.9,2578.5,2570.7,2575.0,3488
2025-07-01 13:00:00+05:30,2575.6,2579.5,2570.0,2570.2,6930
2025-07-01 13:15:00+05:30,2570.9,2574.2,2570.0,2570.0,4321
2025-07-01 13:30:00+05:30,2570.8,2574.0,2570.0,2571.3,2343
2025-07-01 13:45:00+05:30,2572.0,2574.5,2570.0,2572.6,2672
2025-07-01 14:00:00+05:30,2574.0,2574.1,2570.0,2571.6,2107
2025-07-01 14:15:00+05:30,2571.1,2571.9,2565.0,2565.6,5081
2025-07-01 14:30:00+05:30,2565.0,2568.4,2565.0,2566.1,2438
2025-07-01 14:45:00+05:30,2566.5,2570.2,2565.0,2570.0,5505
2025-07-01 15:00:00+05:30,2568.9,2586.0,2568.7,2576.0,8970
2025-07-01 15:15:00+05:30,2576.0,2577.0,2565.1,2570.0,9885
2025-07-01 15:30:00+05:30,2570.1,2575.6,2563.0,2570.0,13801
2025-07-02 09:30:00+05:30,2579.9,2597.2,2532.0,2544.4,16035
2025-07-02 09:45:00+05:30,2544.4,2547.7,2537.1,2538.1,7779
2025-07-02 10:00:00+05:30,2538.1,2548.6,2538.0,2545.4,4059
2025-07-02 10:15:00+05:30,2545.4,2550.0,2538.2,2545.9,2977
2025-07-02 10:30:00+05:30,2545.9,2547.9,2542.3,2543.7,1585
2025-07-02 10:45:00+05:30,2543.7,2545.8,2536.1,2537.3,3042
2025-07-02 11:00:00+05:30,2537.3,2540.0,2532.0,2537.8,3361
2025-07-02 11:15:00+05:30,2537.8,2540.0,2536.1,2538.4,1494
2025-07-02 11:30:00+05:30,2538.4,2540.6,2536.2,2538.6,1197
2025-07-02 11:45:00+05:30,2538.6,2539.0,2535.8,2538.0,1303
2025-07-02 12:00:00+05:30,2538.0,2545.0,2531.0,2534.3,9487
2025-07-02 12:15:00+05:30,2534.3,2535.6,2531.6,2534.9,1628
2025-07-02 12:30:00+05:30,2535.0,2535.2,2531.0,2533.1,1299
2025-07-02 12:45:00+05:30,2533.0,2533.0,2525.1,2530.7,4763
2025-07-02 13:00:00+05:30,2530.9,2531.4,2527.0,2529.7,1802
2025-07-02 13:15:00+05:30,2528.4,2529.4,2523.2,2527.0,3746
2025-07-02 13:30:00+05:30,2526.2,2527.9,2515.0,2515.0,4769
2025-07-02 13:45:00+05:30,2515.1,2520.3,2515.0,2519.0,3403
2025-07-02 14:00:00+05:30,2519.1,2525.0,2518.4,2522.0,2098
2025-07-02 14:15:00+05:30,2523.5,2524.9,2518.0,2520.0,2339
2025-07-02 14:30:00+05:30,2520.9,2528.0,2518.1,2524.8,12474
2025-07-02 14:45:00+05:30,2524.8,2526.1,2518.0,2520.9,7131
2025-07-02 15:00:00+05:30,2520.9,2523.6,2517.1,2521.2,9490
2025-07-02 15:15:00+05:30,2521.2,2524.4,2516.3,2518.8,17995
2025-07-02 15:30:00+05:30,2518.8,2522.8,2508.0,2514.0,26670
2025-07-03 09:30:00+05:30,2536.4,2536.4,2505.2,2507.6,10729
2025-07-03 09:45:00+05:30,2507.6,2511.0,2502.0,2510.0,4610
2025-07-03 10:00:00+05:30,2510.0,2510.0,2506.5,2508.0,2663
2025-07-03 10:15:00+05:30,2508.0,2522.0,2508.0,2515.0,6869
2025-07-03 10:30:00+05:30,2516.8,2518.8,2511.6,2517.5,6781
2025-07-03 10:45:00+05:30,2517.5,2536.0,2516.0,2533.6,6687
2025-07-03 11:00:00+05:30,2533.6,2547.7,2533.1,2546.3,5978
2025-07-03 11:15:00+05:30,2546.3,2555.9,2543.8,2552.0,6692
2025-07-03 11:30:00+05:30,2550.0,2563.5,2541.0,2546.5,7184
2025-07-03 11:45:00+05:30,2546.5,2572.0,2544.6,2570.7,14295
2025-07-03 12:00:00+05:30,2570.7,2580.9,2566.1,2574.7,12090
2025-07-03 12:15:00+05:30,2574.7,2588.0,2573.8,2587.9,11983
2025-07-03 12:30:00+05:30,2587.9,2588.0,2572.6,2577.7,10701
2025-07-03 12:45:00+05:30,2576.5,2578.0,2572.3,2576.3,6119
2025-07-03 13:00:00+05:30,2575.5,2577.8,2571.8,2576.8,4139
2025-07-03 13:15:00+05:30,2576.8,2577.6,2564.4,2573.8,8637
2025-07-03 13:30:00+05:30,2573.8,2580.0,2571.7,2579.9,3163
2025-07-03 13:45:00+05:30,2579.1,2586.8,2579.1,2585.9,6021
2025-07-03 14:00:00+05:30,2585.9,2586.0,2578.0,2583.7,3987
2025-07-03 14:15:00+05:30,2583.7,2585.0,2582.0,2584.6,3382
2025-07-03 14:30:00+05:30,2583.6,2584.9,2571.0,2573.3,9085
2025-07-03 14:45:00+05:30,2573.5,2575.1,2568.7,2575.0,6821
2025-07-03 15:00:00+05:30,2575.0,2584.9,2574.0,2582.3,5691
2025-07-03 15:15:00+05:30,2582.3,2583.9,2576.8,2582.0,4467
2025-07-03 15:30:00+05:30,2580.7,2583.7,2577.9,2580.7,7842
2025-07-04 09:30:00+05:30,2587.0,2648.9,2587.0,2643.6,59444
2025-07-04 09:45:00+05:30,2643.6,2673.0,2633.0,2633.0,63233
2025-07-04 10:00:00+05:30,2635.2,2639.4,2614.4,2634.2,29955
2025-07-04 10:15:00+05:30,2633.9,2635.0,2627.6,2634.8,4437
2025-07-04 10:30:00+05:30,2635.0,2636.0,2622.0,2626.1,6467
2025-07-04 10:45:00+05:30,2626.1,2628.2,2623.2,2624.9,4501
2025-07-04 11:00:00+05:30,2624.9,2628.0,2620.2,2624.1,3425
2025-07-04 11:15:00+05:30,2624.1,2626.2,2623.0,2624.5,2833
2025-07-04 11:30:00+05:30,2624.4,2626.0,2622.2,2626.0,1893
2025-07-04 11:45:00+05:30,2626.7,2638.4,2626.7,2630.0,4302
2025-07-04 12:00:00+05:30,2630.0,2634.9,2624.2,2625.6,5194
2025-07-04 12:15:00+05:30,2625.6,2634.7,2624.0,2632.6,5319
2025-07-04 12:30:00+05:30,2631.7,2637.0,2629.1,2633.8,3090
2025-07-04 12:45:00+05:30,2633.8,2635.0,2630.0,2632.6,2044
2025-07-04 13:00:00+05:30,2632.6,2640.0,2630.5,2632.2,5780
2025-07-04 13:15:00+05:30,2632.2,2637.5,2630.1,2635.7,3397
2025-07-04 13:30:00+05:30,2635.7,2639.0,2630.1,2631.0,1890
2025-07-04 13:45:00+05:30,2631.9,2634.8,2630.0,2632.9,5813
2025-07-04 14:00:00+05:30,2632.9,2640.0,2631.0,2639.0,3898
2025-07-04 14:15:00+05:30,2637.9,2639.5,2635.0,2636.0,3005
2025-07-04 14:30:00+05:30,2636.0,2640.0,2630.1,2633.4,6381
2025-07-04 14:45:00+05:30,2635.0,2639.0,2631.5,2636.9,4282
2025-07-04 15:00:00+05:30,2636.9,2638.5,2632.8,2637.9,5172
2025-07-04 15:15:00+05:30,2638.3,2639.5,2626.1,2629.5,19633
2025-07-04 15:30:00+05:30,2629.5,2633.2,2620.0,2622.0,16413
2025-07-07 09:30:00+05:30,2620.0,2639.0,2593.1,2618.2,16019
2025-07-07 09:45:00+05:30,2618.2,2624.9,2615.7,2618.8,2120
2025-07-07 10:00:00+05:30,2618.8,2618.8,2611.0,2618.2,1013
2025-07-07 10:15:00+05:30,2618.2,2624.9,2616.1,2621.0,2062
2025-07-07 10:30:00+05:30,2621.0,2625.5,2620.0,2623.5,2000
2025-07-07 10:45:00+05:30,2623.5,2624.9,2613.0,2621.9,2425
2025-07-07 11:00:00+05:30,2621.9,2623.5,2616.3,2619.9,1803
2025-07-07 11:15:00+05:30,2619.9,2622.3,2616.7,2618.8,404
2025-07-07 11:30:00+05:30,2617.9,2620.0,2615.5,2620.0,735
2025-07-07 11:45:00+05:30,2620.0,2623.5,2614.6,2623.5,882
2025-07-07 12:00:00+05:30,2620.6,2621.7,2616.7,2619.5,698
2025-07-07 12:15:00+05:30,2619.8,2620.9,2616.1,2617.8,464
2025-07-07 12:30:00+05:30,2617.1,2618.0,2613.0,2615.0,1557
2025-07-07 12:45:00+05:30,2615.0,2618.6,2614.4,2618.5,423
2025-07-07 13:00:00+05:30,2618.5,2619.3,2602.6,2605.0,2958
2025-07-07 13:15:00+05:30,2604.9,2608.9,2598.0,2603.2,2559
2025-07-07 13:30:00+05:30,2603.2,2606.9,2601.5,2605.9,868
2025-07-07 13:45:00+05:30,2605.9,2610.0,2601.4,2602.3,1881
2025-07-07 14:00:00+05:30,2602.3,2608.8,2598.3,2603.9,3418
2025-07-07 14:15:00+05:30,2605.9,2616.0,2603.6,2613.3,2024
2025-07-07 14:30:00+05:30,2613.0,2616.6,2606.4,2609.2,2192
2025-07-07 14:45:00+05:30,2610.8,2615.0,2607.1,2611.0,987
2025-07-07 15:00:00+05:30,2611.6,2629.0,2611.6,2625.0,8003
2025-07-07 15:15:00+05:30,2625.5,2644.7,2625.0,2640.0,13485
2025-07-07 15:30:00+05:30,2641.8,2650.0,2616.3,2630.0,15936
2025-07-08 09:30:00+05:30,2622.0,2645.2,2604.9,2628.0,12155
2025-07-08 09:45:00+05:30,2628.0,2632.0,2621.0,2630.2,6286
2025-07-08 10:00:00+05:30,2630.2,2633.0,2625.0,2625.1,2041
2025-07-08 10:15:00+05:30,2625.1,2635.0,2622.0,2632.2,5463
2025-07-08 10:30:00+05:30,2631.9,2639.9,2623.0,2627.7,3669
2025-07-08 10:45:00+05:30,2628.9,2631.5,2625.4,2626.6,3701
2025-07-08 11:00:00+05:30,2626.6,2630.8,2625.2,2625.4,3305
2025-07-08 11:15:00+05:30,2625.4,2629.4,2625.0,2625.6,3724
2025-07-08 11:30:00+05:30,2625.6,2637.5,2625.6,2635.9,5405
2025-07-08 11:45:00+05:30,2633.4,2637.0,2633.2,2634.1,1081
2025-07-08 12:00:00+05:30,2634.1,2635.0,2618.9,2625.0,11773
2025-07-08 12:15:00+05:30,2625.0,2630.2,2625.0,2625.0,3096
2025-07-08 12:30:00+05:30,2625.1,2629.0,2624.0,2626.1,3559
2025-07-08 12:45:00+05:30,2626.1,2630.7,2625.0,2626.2,3172
2025-07-08 13:00:00+05:30,2626.2,2632.0,2625.5,2628.3,2889
2025-07-08 13:15:00+05:30,2628.2,2631.5,2625.0,2626.0,6234
2025-07-08 13:30:00+05:30,2626.8,2630.0,2626.0,2626.1,3330
2025-07-08 13:45:00+05:30,2626.2,2630.8,2626.0,2630.8,2676
2025-07-08 14:00:00+05:30,2630.8,2631.2,2626.0,2628.1,3083
2025-07-08 14:15:00+05:30,2628.1,2630.5,2626.0,2629.5,3407
2025-07-08 14:30:00+05:30,2630.0,2637.0,2626.0,2634.4,8550
2025-07-08 14:45:00+05:30,2634.0,2635.1,2623.0,2626.3,14230
2025-07-08 15:00:00+05:30,2625.0,2626.6,2619.6,2622.3,7043
2025-07-08 15:15:00+05:30,2623.1,2640.0,2613.9,2635.9,18276
2025-07-08 15:30:00+05:30,2637.1,2648.9,2629.8,2636.5,19588
2025-07-09 09:30:00+05:30,2640.0,2650.0,2635.0,2641.7,8771
2025-07-09 09:45:00+05:30,2641.7,2649.0,2641.5,2645.3,9205
2025-07-09 10:00:00+05:30,2645.3,2656.7,2645.1,2656.2,10462
2025-07-09 10:15:00+05:30,2654.3,2666.2,2654.3,2660.0,12741
2025-07-09 10:30:00+05:30,2661.0,2665.0,2658.0,2662.0,4599
2025-07-09 10:45:00+05:30,2662.0,2668.0,2661.1,2663.5,6442
2025-07-09 11:00:00+05:30,2665.2,2666.0,2653.0,2657.9,4191
2025-07-09 11:15:00+05:30,2658.2,2664.0,2657.9,2664.0,5190
2025-07-09 11:30:00+05:30,2663.2,2667.0,2660.5,2665.4,3301
2025-07-09 11:45:00+05:30,2665.4,2670.0,2662.1,2668.8,5955
2025-07-09 12:00:00+05:30,2666.9,2669.9,2664.0,2668.0,3092
2025-07-09 12:15:00+05:30,2668.2,2669.5,2665.7,2667.6,3938
2025-07-09 12:30:00+05:30,2667.6,2674.0,2666.4,2673.5,10322
2025-07-09 12:45:00+05:30,2672.5,2673.5,2670.2,2672.5,3337
2025-07-09 13:00:00+05:30,2671.4,2675.0,2670.2,2673.5,2917
2025-07-09 13:15:00+05:30,2671.3,2674.5,2669.0,2672.8,3629
2025-07-09 13:30:00+05:30,2671.4,2673.5,2668.1,2671.1,2658
2025-07-09 13:45:00+05:30,2671.3,2672.0,2660.0,2662.0,5118
2025-07-09 14:00:00+05:30,2662.0,2667.9,2661.0,2667.2,2837
2025-07-09 14:15:00+05:30,2666.1,2667.7,2664.0,2666.9,2238
2025-07-09 14:30:00+05:30,2666.9,2669.4,2665.8,2667.4,2407
2025-07-09 14:45:00+05:30,2667.4,2668.7,2664.0,2667.4,3621
2025-07-09 15:00:00+05:30,2668.2,2675.0,2665.6,2673.0,8997
2025-07-09 15:15:00+05:30,2674.0,2680.5,2673.0,2679.0,11057
2025-07-09 15:30:00+05:30,2678.5,2679.9,2670.0,2678.0,13295
2025-07-10 09:30:00+05:30,2694.4,2703.9,2668.0,2675.4,20572
2025-07-10 09:45:00+05:30,2675.5,2685.1,2674.6,2679.7,3648
2025-07-10 10:00:00+05:30,2679.7,2712.6,2679.7,2702.0,24144
2025-07-10 10:15:00+05:30,2703.1,2703.4,2690.2,2698.4,8324
2025-07-10 10:30:00+05:30,2698.4,2709.6,2695.8,2706.0,6738
2025-07-10 10:45:00+05:30,2706.0,2720.9,2702.0,2720.0,19914
2025-07-10 11:00:00+05:30,2719.9,2733.8,2715.0,2732.1,26775
2025-07-10 11:15:00+05:30,2730.6,2744.0,2726.3,2743.0,39640
2025-07-10 11:30:00+05:30,2740.7,2747.0,2717.6,2728.8,38569
2025-07-10 11:45:00+05:30,2728.8,2730.0,2723.0,2726.9,6774
2025-07-10 12:00:00+05:30,2728.6,2730.0,2699.0,2709.4,28355
2025-07-10 12:15:00+05:30,2709.1,2709.1,2698.0,2705.5,12820
2025-07-10 12:30:00+05:30,2706.0,2719.5,2705.1,2717.6,7715
2025-07-10 12:45:00+05:30,2719.5,2723.1,2717.2,2721.0,5160
2025-07-10 13:00:00+05:30,2721.0,2724.0,2712.4,2715.0,3417
2025-07-10 13:15:00+05:30,2715.0,2722.0,2714.0,2721.1,3830
2025-07-10 13:30:00+05:30,2721.0,2722.8,2713.0,2717.0,4769
2025-07-10 13:45:00+05:30,2718.2,2723.3,2710.0,2710.2,3639
2025-07-10 14:00:00+05:30,2710.2,2717.0,2710.0,2716.6,2723
2025-07-10 14:15:00+05:30,2715.5,2717.0,2705.4,2708.1,4632
2025-07-10 14:30:00+05:30,2709.6,2710.0,2698.0,2701.0,29168
2025-07-10 14:45:00+05:30,2700.2,2701.9,2698.0,2699.8,21665
2025-07-10 15:00:00+05:30,2700.6,2702.2,2695.5,2696.5,25729
2025-07-10 15:15:00+05:30,2697.0,2701.0,2695.9,2699.3,10511
2025-07-10 15:30:00+05:30,2699.3,2702.0,2682.6,2692.0,23560
2025-07-11 09:30:00+05:30,2711.4,2732.8,2692.0,2702.1,17600
2025-07-11 09:45:00+05:30,2702.1,2722.7,2700.0,2720.0,8965
2025-07-11 10:00:00+05:30,2720.0,2727.9,2719.0,2726.6,11424
2025-07-11 10:15:00+05:30,2726.6,2741.0,2720.6,2734.5,25485
2025-07-11 10:30:00+05:30,2734.0,2737.0,2730.0,2734.2,8018
2025-07-11 10:45:00+05:30,2733.9,2744.0,2730.7,2740.8,7429
2025-07-11 11:00:00+05:30,2742.4,2745.0,2738.2,2738.7,9691
2025-07-11 11:15:00+05:30,2738.7,2742.0,2738.7,2740.2,9508
2025-07-11 11:30:00+05:30,2740.2,2750.0,2738.6,2746.3,12907
2025-07-11 11:45:00+05:30,2746.3,2754.0,2740.5,2743.5,20982
2025-07-11 12:00:00+05:30,2743.5,2745.7,2738.7,2740.5,11908
2025-07-11 12:15:00+05:30,2740.5,2742.4,2730.0,2733.1,68605
2025-07-11 12:30:00+05:30,2733.4,2734.0,2709.6,2711.3,28764
2025-07-11 12:45:00+05:30,2712.1,2715.0,2703.2,2704.8,8660
2025-07-11 13:00:00+05:30,2705.9,2711.0,2702.8,2707.0,4828
2025-07-11 13:15:00+05:30,2707.0,2711.8,2705.0,2711.8,3491
2025-07-11 13:30:00+05:30,2711.8,2715.1,2710.0,2714.2,5438
2025-07-11 13:45:00+05:30,2714.2,2714.2,2708.0,2712.1,6738
2025-07-11 14:00:00+05:30,2712.1,2715.0,2710.0,2712.4,1822
2025-07-11 14:15:00+05:30,2712.4,2720.5,2711.0,2719.5,8900
2025-07-11 14:30:00+05:30,2719.4,2722.8,2715.7,2719.9,2415
2025-07-11 14:45:00+05:30,2719.9,2720.5,2710.0,2713.7,7105
2025-07-11 15:00:00+05:30,2713.7,2715.7,2710.0,2715.5,8460
2025-07-11 15:15:00+05:30,2715.5,2720.0,2711.4,2718.0,15372
2025-07-11 15:30:00+05:30,2718.0,2725.0,2714.5,2724.9,39351
2025-07-14 09:30:00+05:30,2734.9,2762.2,2722.6,2751.0,22388
2025-07-14 09:45:00+05:30,2751.1,2774.0,2750.8,2766.9,28201
2025-07-14 10:00:00+05:30,2763.8,2775.9,2749.9,2753.6,15579
2025-07-14 10:15:00+05:30,2752.2,2755.0,2750.0,2752.0,16004
2025-07-14 10:30:00+05:30,2752.0,2780.0,2750.5,2769.0,57692
2025-07-14 10:45:00+05:30,2766.3,2768.5,2747.5,2758.4,13541
2025-07-14 11:00:00+05:30,2755.6,2760.4,2751.8,2754.7,9999
2025-07-14 11:15:00+05:30,2753.9,2758.5,2753.9,2756.5,5423
2025-07-14 11:30:00+05:30,2756.5,2761.2,2752.6,2756.5,8028
2025-07-14 11:45:00+05:30,2756.5,2758.7,2748.3,2751.4,11214
2025-07-14 12:00:00+05:30,2750.9,2755.7,2748.5,2750.0,8006
2025-07-14 12:15:00+05:30,2750.7,2759.7,2749.2,2755.0,8062
2025-07-14 12:30:00+05:30,2756.5,2763.7,2753.2,2756.0,9861
2025-07-14 12:45:00+05:30,2757.8,2763.9,2753.7,2757.1,15319
2025-07-14 13:00:00+05:30,2757.4,2762.7,2751.5,2756.4,18069
2025-07-14 13:15:00+05:30,2755.1,2758.0,2750.1,2753.0,22531
2025-07-14 13:30:00+05:30,2751.2,2754.6,2733.2,2741.1,12388
2025-07-14 13:45:00+05:30,2741.1,2749.7,2739.4,2746.9,8497
2025-07-14 14:00:00+05:30,2746.8,2749.7,2742.6,2748.8,4843
2025-07-14 14:15:00+05:30,2748.6,2751.6,2745.6,2747.6,11794
2025-07-14 14:30:00+05:30,2747.6,2750.0,2745.9,2748.2,12745
2025-07-14 14:45:00+05:30,2746.3,2750.0,2738.5,2740.2,17032
2025-07-14 15:00:00+05:30,2741.7,2750.5,2740.0,2750.0,20863
2025-07-14 15:15:00+05:30,2750.0,2750.0,2747.7,2749.8,45004
2025-07-14 15:30:00+05:30,2749.8,2750.0,2736.2,2736.2,22699
2025-07-15 09:30:00+05:30,2748.2,2759.9,2728.5,2753.0,16183
2025-07-15 09:45:00+05:30,2753.0,2756.9,2733.0,2737.3,8744
2025-07-15 10:00:00+05:30,2738.8,2740.0,2733.0,2738.2,3887
2025-07-15 10:15:00+05:30,2739.5,2745.9,2735.0,2740.0,24129
2025-07-15 10:30:00+05:30,2739.9,2740.0,2736.8,2739.5,3877
2025-07-15 10:45:00+05:30,2740.0,2757.0,2738.5,2747.6,12445
2025-07-15 11:00:00+05:30,2748.3,2750.0,2740.7,2749.5,6141
2025-07-15 11:15:00+05:30,2749.8,2750.4,2746.2,2746.5,2851
2025-07-15 11:30:00+05:30,2746.5,2750.7,2746.2,2748.9,4315
2025-07-15 11:45:00+05:30,2747.4,2750.0,2742.8,2749.8,3622
2025-07-15 12:00:00+05:30,2749.8,2749.8,2740.5,2744.6,3211
2025-07-15 12:15:00+05:30,2743.5,2745.6,2742.2,2744.2,2239
2025-07-15 12:30:00+05:30,2744.6,2746.8,2743.0,2744.9,1811
2025-07-15 12:45:00+05:30,2745.9,2746.0,2742.5,2744.3,2591
2025-07-15 13:00:00+05:30,2744.3,2745.6,2742.5,2745.0,3132
2025-07-15 13:15:00+05:30,2745.0,2751.0,2738.0,2749.6,31501
2025-07-15 13:30:00+05:30,2749.6,2750.0,2746.0,2747.6,3643
2025-07-15 13:45:00+05:30,2749.5,2749.7,2742.2,2744.0,5070
2025-07-15 14:00:00+05:30,2744.9,2745.5,2742.0,2744.0,3421
2025-07-15 14:15:00+05:30,2744.0,2745.5,2742.0,2745.0,3698
2025-07-15 14:30:00+05:30,2745.0,2745.7,2742.4,2744.3,4544
2025-07-15 14:45:00+05:30,2745.0,2745.0,2740.0,2744.5,10872
2025-07-15 15:00:00+05:30,2744.5,2745.0,2740.9,2742.1,4276
2025-07-15 15:15:00+05:30,2742.5,2745.1,2742.5,2745.1,14479
2025-07-15 15:30:00+05:30,2744.3,2759.0,2738.9,2749.1,58319
2025-07-16 09:30:00+05:30,2749.1,2756.7,2737.1,2742.6,8277
2025-07-16 09:45:00+05:30,2742.6,2747.0,2733.3,2737.7,4940
2025-07-16 10:00:00+05:30,2739.2,2749.5,2739.2,2747.9,2753
2025-07-16 10:15:00+05:30,2747.9,2748.4,2743.3,2743.8,965
2025-07-16 10:30:00+05:30,2745.5,2748.5,2743.8,2744.1,996
2025-07-16 10:45:00+05:30,2744.1,2746.0,2742.0,2746.0,2398
2025-07-16 11:00:00+05:30,2746.0,2746.5,2743.2,2743.2,1659
2025-07-16 11:15:00+05:30,2743.2,2745.0,2743.1,2743.8,1286
2025-07-16 11:30:00+05:30,2744.9,2745.0,2742.1,2743.5,2264
2025-07-16 11:45:00+05:30,2743.6,2745.2,2743.0,2745.0,1937
2025-07-16 12:00:00+05:30,2744.1,2746.5,2742.3,2745.0,1578
2025-07-16 12:15:00+05:30,2745.0,2745.6,2743.4,2744.8,1268
2025-07-16 12:30:00+05:30,2744.8,2745.6,2741.9,2744.0,1200
2025-07-16 12:45:00+05:30,2745.5,2745.6,2742.1,2745.5,1969
2025-07-16 13:00:00+05:30,2745.5,2745.7,2743.0,2745.7,2116
2025-07-16 13:15:00+05:30,2745.7,2746.0,2743.2,2744.3,1313
2025-07-16 13:30:00+05:30,2744.3,2745.2,2744.0,2745.2,1147
2025-07-16 13:45:00+05:30,2745.2,2745.3,2743.1,2743.2,878
2025-07-16 14:00:00+05:30,2743.2,2745.0,2738.5,2742.9,7835
2025-07-16 14:15:00+05:30,2745.0,2745.0,2742.2,2744.1,608
2025-07-16 14:30:00+05:30,2742.1,2742.8,2738.1,2740.3,2075
2025-07-16 14:45:00+05:30,2740.3,2744.0,2736.1,2739.8,2920
2025-07-16 15:00:00+05:30,2739.8,2742.6,2738.0,2740.1,6334
2025-07-16 15:15:00+05:30,2741.5,2742.3,2738.1,2740.0,22172
2025-07-16 15:30:00+05:30,2740.0,2744.0,2735.0,2742.9,37323
2025-07-17 09:30:00+05:30,2742.0,2749.0,2736.0,2738.5,4384
2025-07-17 09:45:00+05:30,2740.0,2741.3,2736.0,2740.0,1958
2025-07-17 10:00:00+05:30,2740.0,2742.5,2738.5,2741.8,980
2025-07-17 10:15:00+05:30,2741.8,2742.0,2736.1,2739.6,1684
2025-07-17 10:30:00+05:30,2739.6,2739.6,2733.0,2735.3,2698
2025-07-17 10:45:00+05:30,2735.3,2740.0,2735.3,2739.2,1288
2025-07-17 11:00:00+05:30,2739.2,2742.2,2738.4,2740.1,1420
2025-07-17 11:15:00+05:30,2740.1,2743.0,2738.0,2738.4,5091
2025-07-17 11:30:00+05:30,2738.4,2740.3,2738.0,2739.2,2363
2025-07-17 11:45:00+05:30,2739.2,2740.3,2737.7,2737.9,1352
2025-07-17 12:00:00+05:30,2737.9,2739.0,2735.0,2736.5,730
2025-07-17 12:15:00+05:30,2736.5,2739.3,2735.1,2737.7,802
2025-07-17 12:30:00+05:30,2737.7,2739.6,2734.8,2737.6,2345
2025-07-17 12:45:00+05:30,2737.6,2739.3,2730.0,2736.6,3626
2025-07-17 13:00:00+05:30,2736.6,2736.6,2732.9,2733.3,915
2025-07-17 13:15:00+05:30,2733.3,2733.4,2727.1,2729.3,1285
2025-07-17 13:30:00+05:30,2729.3,2733.2,2728.5,2731.3,693
2025-07-17 13:45:00+05:30,2731.3,2735.0,2730.2,2733.8,906
2025-07-17 14:00:00+05:30,2733.8,2736.2,2731.4,2732.3,1030
2025-07-17 14:15:00+05:30,2732.3,2735.0,2731.2,2732.8,1110
2025-07-17 14:30:00+05:30,2732.8,2740.3,2732.8,2738.0,5047
2025-07-17 14:45:00+05:30,2738.0,2740.0,2736.5,2738.2,1185
2025-07-17 15:00:00+05:30,2738.8,2739.9,2730.3,2736.6,6556
2025-07-17 15:15:00+05:30,2738.2,2740.4,2735.7,2737.5,6191
2025-07-17 15:30:00+05:30,2739.0,2740.0,2730.2,2731.4,11301
2025-07-18 09:30:00+05:30,2742.0,2758.0,2740.0,2757.3,13013
2025-07-18 09:45:00+05:30,2757.3,2778.0,2754.0,2754.0,18042
2025-07-18 10:00:00+05:30,2753.1,2760.0,2750.0,2759.4,4863
2025-07-18 10:15:00+05:30,2759.5,2760.0,2751.2,2751.2,5125
2025-07-18 10:30:00+05:30,2751.2,2758.6,2750.0,2752.3,5788
2025-07-18 10:45:00+05:30,2752.3,2755.0,2748.0,2750.0,10533
2025-07-18 11:00:00+05:30,2750.0,2755.0,2750.0,2752.3,3849
2025-07-18 11:15:00+05:30,2752.3,2756.0,2751.0,2753.7,23451
2025-07-18 11:30:00+05:30,2753.7,2755.0,2750.0,2753.4,2607
2025-07-18 11:45:00+05:30,2751.0,2755.0,2749.0,2751.0,12909
2025-07-18 12:00:00+05:30,2751.0,2760.0,2751.0,2755.3,27043
2025-07-18 12:15:00+05:30,2755.3,2758.0,2753.4,2754.8,4012
2025-07-18 12:30:00+05:30,2755.0,2758.3,2753.1,2754.9,3969
2025-07-18 12:45:00+05:30,2754.9,2756.1,2753.0,2755.9,3478
2025-07-18 13:00:00+05:30,2755.9,2757.8,2754.0,2755.0,1873
2025-07-18 13:15:00+05:30,2756.6,2756.7,2752.0,2753.0,5369
2025-07-18 13:30:00+05:30,2753.0,2754.8,2744.6,2746.3,10641
2025-07-18 13:45:00+05:30,2746.3,2750.0,2737.5,2737.5,3901
2025-07-18 14:00:00+05:30,2739.7,2739.8,2733.0,2733.5,2240
2025-07-18 14:15:00+05:30,2733.5,2733.5,2723.8,2730.0,8869
2025-07-18 14:30:00+05:30,2730.0,2730.0,2701.5,2717.8,20588
2025-07-18 14:45:00+05:30,2717.8,2735.0,2716.0,2731.4,25204
2025-07-18 15:00:00+05:30,2731.4,2734.9,2727.0,2730.0,18200
2025-07-18 15:15:00+05:30,2730.0,2733.8,2709.5,2718.6,22226
2025-07-18 15:30:00+05:30,2718.6,2731.1,2710.0,2717.4,18127
2025-07-21 09:30:00+05:30,2720.0,2725.0,2674.3,2703.8,10962
2025-07-21 09:45:00+05:30,2710.0,2724.9,2696.7,2717.4,8262
2025-07-21 10:00:00+05:30,2717.4,2735.4,2714.8,2727.0,15816
2025-07-21 10:15:00+05:30,2728.6,2730.5,2726.0,2727.9,2524
2025-07-21 10:30:00+05:30,2726.3,2728.5,2722.0,2723.8,6941
2025-07-21 10:45:00+05:30,2722.2,2725.1,2716.6,2719.2,2521
2025-07-21 11:00:00+05:30,2719.2,2730.1,2719.0,2724.5,13452
2025-07-21 11:15:00+05:30,2724.5,2726.7,2721.0,2721.2,1393
2025-07-21 11:30:00+05:30,2721.2,2722.4,2705.1,2708.9,2140
2025-07-21 11:45:00+05:30,2707.4,2715.4,2705.0,2714.5,3381
2025-07-21 12:00:00+05:30,2714.6,2716.9,2710.4,2713.6,2140
2025-07-21 12:15:00+05:30,2713.6,2716.9,2712.0,2715.1,1243
2025-07-21 12:30:00+05:30,2716.6,2729.9,2715.0,2725.7,5348
2025-07-21 12:45:00+05:30,2725.8,2730.1,2723.8,2727.8,4794
2025-07-21 13:00:00+05:30,2727.8,2731.1,2722.8,2730.0,3958
2025-07-21 13:15:00+05:30,2730.9,2731.0,2724.3,2726.1,2185
2025-07-21 13:30:00+05:30,2724.4,2727.9,2722.0,2723.0,3561
2025-07-21 13:45:00+05:30,2723.9,2725.8,2721.1,2723.2,2595
2025-07-21 14:00:00+05:30,2725.8,2725.8,2712.1,2713.5,2806
2025-07-21 14:15:00+05:30,2713.5,2713.5,2706.8,2706.8,3277
2025-07-21 14:30:00+05:30,2706.8,2710.6,2706.8,2709.4,1827
2025-07-21 14:45:00+05:30,2709.4,2716.7,2709.2,2715.7,2915
2025-07-21 15:00:00+05:30,2716.9,2725.8,2714.1,2721.9,4699
2025-07-21 15:15:00+05:30,2722.8,2739.3,2720.0,2727.2,13431
2025-07-21 15:30:00+05:30,2727.2,2740.0,2720.0,2722.0,10326
2025-07-22 09:30:00+05:30,2742.5,2769.0,2731.0,2747.0,35332
2025-07-22 09:45:00+05:30,2750.1,2759.9,2745.6,2751.9,15381
2025-07-22 10:00:00+05:30,2751.9,2756.0,2736.9,2737.3,6391
2025-07-22 10:15:00+05:30,2737.3,2739.3,2727.5,2730.0,3866
2025-07-22 10:30:00+05:30,2729.9,2731.0,2726.2,2729.0,1957
2025-07-22 10:45:00+05:30,2729.0,2737.3,2727.1,2730.1,2207
2025-07-22 11:00:00+05:30,2730.1,2737.4,2728.9,2736.6,2656
2025-07-22 11:15:00+05:30,2736.6,2745.0,2732.1,2741.0,4384
2025-07-22 11:30:00+05:30,2741.0,2748.0,2738.1,2743.2,2745
2025-07-22 11:45:00+05:30,2743.2,2757.7,2743.2,2756.2,4810
2025-07-22 12:00:00+05:30,2756.2,2758.6,2743.7,2750.0,7040
2025-07-22 12:15:00+05:30,2750.0,2752.0,2748.1,2751.1,1505
2025-07-22 12:30:00+05:30,2751.1,2754.0,2748.8,2751.7,1050
2025-07-22 12:45:00+05:30,2751.7,2758.5,2751.0,2758.5,3450
2025-07-22 13:00:00+05:30,2758.5,2760.5,2753.1,2755.8,15530
2025-07-22 13:15:00+05:30,2758.0,2760.4,2753.6,2758.7,14348
2025-07-22 13:30:00+05:30,2758.7,2759.3,2755.9,2756.1,2428
2025-07-22 13:45:00+05:30,2757.9,2758.6,2753.3,2757.7,2159
2025-07-22 14:00:00+05:30,2757.7,2758.4,2752.9,2758.4,2003
2025-07-22 14:15:00+05:30,2758.4,2759.6,2756.0,2758.8,2194
2025-07-22 14:30:00+05:30,2760.0,2760.0,2751.5,2757.0,5669
2025-07-22 14:45:00+05:30,2757.0,2759.5,2755.1,2756.2,1807
2025-07-22 15:00:00+05:30,2758.9,2759.7,2754.2,2757.6,4092
2025-07-22 15:15:00+05:30,2757.6,2760.0,2755.9,2757.2,9081
2025-07-22 15:30:00+05:30,2758.0,2760.0,2750.0,2750.1,9799
2025-07-23 09:30:00+05:30,2778.9,2785.9,2755.1,2762.9,14955
2025-07-23 09:45:00+05:30,2764.3,2768.5,2762.1,2762.6,5489
2025-07-23 10:00:00+05:30,2762.0,2765.0,2758.0,2765.0,4379
2025-07-23 10:15:00+05:30,2765.0,2766.0,2756.5,2764.2,23145
2025-07-23 10:30:00+05:30,2764.2,2766.8,2761.2,2761.7,2944
2025-07-23 10:45:00+05:30,2761.7,2763.7,2758.2,2760.0,1640
2025-07-23 11:00:00+05:30,2762.2,2764.0,2746.4,2756.5,7233
2025-07-23 11:15:00+05:30,2756.3,2759.2,2752.2,2757.4,1325
2025-07-23 11:30:00+05:30,2757.4,2759.7,2747.0,2748.7,2829
2025-07-23 11:45:00+05:30,2749.5,2751.4,2747.0,2750.5,3476
2025-07-23 12:00:00+05:30,2750.5,2751.5,2748.1,2751.0,3235
2025-07-23 12:15:00+05:30,2751.0,2751.0,2740.0,2747.0,4594
2025-07-23 12:30:00+05:30,2747.0,2750.1,2746.2,2750.1,1952
2025-07-23 12:45:00+05:30,2750.1,2750.5,2746.5,2746.7,1412
2025-07-23 13:00:00+05:30,2749.2,2751.0,2742.2,2745.7,5227
2025-07-23 13:15:00+05:30,2745.7,2750.9,2745.0,2746.9,2301
2025-07-23 13:30:00+05:30,2747.0,2748.1,2745.0,2747.9,2698
2025-07-23 13:45:00+05:30,2747.9,2748.5,2742.1,2744.8,2447
2025-07-23 14:00:00+05:30,2744.2,2750.0,2742.1,2749.9,2511
2025-07-23 14:15:00+05:30,2749.0,2750.1,2746.3,2748.6,2116
2025-07-23 14:30:00+05:30,2748.6,2750.8,2743.1,2743.8,3514
2025-07-23 14:45:00+05:30,2744.5,2750.0,2743.4,2749.8,2014
2025-07-23 15:00:00+05:30,2749.7,2758.0,2743.6,2755.0,25755
2025-07-23 15:15:00+05:30,2755.5,2765.0,2754.6,2763.8,12985
2025-07-23 15:30:00+05:30,2764.0,2765.0,2746.5,2755.5,16949
2025-07-24 09:30:00+05:30,2757.0,2781.0,2752.4,2768.9,17832
2025-07-24 09:45:00+05:30,2768.9,2773.4,2745.0,2748.7,8361
2025-07-24 10:00:00+05:30,2748.7,2752.2,2736.6,2740.6,5701
2025-07-24 10:15:00+05:30,2740.6,2743.9,2735.0,2737.7,2908
2025-07-24 10:30:00+05:30,2737.7,2741.2,2730.0,2733.8,4819
2025-07-24 10:45:00+05:30,2733.8,2735.0,2728.0,2730.0,4298
2025-07-24 11:00:00+05:30,2730.0,2730.0,2722.7,2725.0,5083
2025-07-24 11:15:00+05:30,2725.0,2736.2,2725.0,2730.0,19773
2025-07-24 11:30:00+05:30,2730.0,2735.0,2729.2,2733.7,7692
2025-07-24 11:45:00+05:30,2733.7,2737.0,2730.0,2733.9,17124
2025-07-24 12:00:00+05:30,2730.7,2735.0,2730.0,2732.3,9468
2025-07-24 12:15:00+05:30,2732.8,2733.9,2727.0,2730.6,2672
2025-07-24 12:30:00+05:30,2730.6,2732.0,2727.4,2727.4,2431
2025-07-24 12:45:00+05:30,2729.7,2730.0,2724.0,2724.0,5075
2025-07-24 13:00:00+05:30,2724.0,2726.9,2720.0,2720.0,4980
2025-07-24 13:15:00+05:30,2720.0,2725.9,2720.0,2722.0,4247
2025-07-24 13:30:00+05:30,2722.0,2725.3,2713.6,2717.2,4844
2025-07-24 13:45:00+05:30,2717.2,2719.6,2712.2,2715.2,5459
2025-07-24 14:00:00+05:30,2717.6,2717.6,2710.5,2712.6,5219
2025-07-24 14:15:00+05:30,2712.0,2720.0,2700.6,2719.9,7813
2025-07-24 14:30:00+05:30,2719.9,2728.1,2717.0,2722.4,6316
2025-07-24 14:45:00+05:30,2721.4,2724.9,2717.2,2721.8,3569
2025-07-24 15:00:00+05:30,2721.8,2725.0,2721.0,2723.2,3398
2025-07-24 15:15:00+05:30,2723.2,2727.5,2718.6,2724.5,12740
2025-07-24 15:30:00+05:30,2726.9,2730.5,2715.3,2725.0,12355
2025-07-25 09:30:00+05:30,2725.0,2725.0,2680.2,2719.7,8887
2025-07-25 09:45:00+05:30,2719.7,2721.8,2716.0,2716.1,1229
2025-07-25 10:00:00+05:30,2716.1,2725.0,2712.1,2723.9,3932
2025-07-25 10:15:00+05:30,2722.0,2722.3,2715.1,2718.8,1578
2025-07-25 10:30:00+05:30,2718.8,2718.9,2703.2,2704.3,2108
2025-07-25 10:45:00+05:30,2705.1,2705.1,2688.5,2691.3,3772
2025-07-25 11:00:00+05:30,2690.2,2695.1,2685.0,2685.7,3298
2025-07-25 11:15:00+05:30,2685.7,2695.8,2685.7,2694.8,1009
2025-07-25 11:30:00+05:30,2694.8,2696.0,2691.9,2693.3,499
2025-07-25 11:45:00+05:30,2693.3,2699.4,2690.5,2695.9,1140
2025-07-25 12:00:00+05:30,2695.9,2701.0,2691.0,2699.6,1812
2025-07-25 12:15:00+05:30,2699.6,2701.6,2695.3,2700.1,11099
2025-07-25 12:30:00+05:30,2700.1,2701.3,2695.9,2698.1,1063
2025-07-25 12:45:00+05:30,2700.1,2701.5,2697.5,2698.6,1027
2025-07-25 13:00:00+05:30,2698.6,2701.7,2697.7,2701.2,2618
2025-07-25 13:15:00+05:30,2701.2,2720.1,2698.0,2710.0,4619
2025-07-25 13:30:00+05:30,2710.0,2711.7,2699.4,2703.0,2017
2025-07-25 13:45:00+05:30,2703.0,2707.2,2700.1,2700.1,3096
2025-07-25 14:00:00+05:30,2700.1,2704.5,2699.6,2700.7,1460
2025-07-25 14:15:00+05:30,2700.7,2714.2,2698.0,2710.0,5098
2025-07-25 14:30:00+05:30,2710.5,2712.6,2705.3,2708.3,1581
2025-07-25 14:45:00+05:30,2709.7,2719.1,2707.1,2716.3,2636
2025-07-25 15:00:00+05:30,2716.3,2720.2,2713.5,2718.8,2929
2025-07-25 15:15:00+05:30,2718.8,2718.8,2699.4,2701.5,5753
2025-07-25 15:30:00+05:30,2700.8,2701.5,2695.0,2700.0,5681
2025-07-28 09:30:00+05:30,2710.9,2740.0,2703.1,2724.4,53876
2025-07-28 09:45:00+05:30,2727.2,2730.0,2724.8,2728.6,9518
2025-07-28 10:00:00+05:30,2728.6,2730.0,2711.6,2722.0,9180
2025-07-28 10:15:00+05:30,2723.6,2723.6,2718.6,2720.0,3351
2025-07-28 10:30:00+05:30,2720.0,2724.7,2719.0,2719.0,7250
2025-07-28 10:45:00+05:30,2719.0,2722.0,2718.0,2718.3,3710
2025-07-28 11:00:00+05:30,2718.3,2720.9,2717.0,2717.8,4067
2025-07-28 11:15:00+05:30,2717.8,2721.0,2713.0,2713.2,2516
2025-07-28 11:30:00+05:30,2713.2,2713.9,2703.1,2704.2,2818
2025-07-28 11:45:00+05:30,2704.2,2704.2,2694.7,2701.0,2902
2025-07-28 12:00:00+05:30,2701.0,2702.3,2692.1,2692.1,1818
2025-07-28 12:15:00+05:30,2692.9,2694.2,2682.8,2687.0,1935
2025-07-28 12:30:00+05:30,2687.0,2692.7,2682.0,2685.1,3029
2025-07-28 12:45:00+05:30,2685.1,2713.4,2683.7,2710.0,8549
2025-07-28 13:00:00+05:30,2710.0,2710.0,2696.0,2696.6,2157
2025-07-28 13:15:00+05:30,2696.6,2701.5,2689.3,2690.1,1765
2025-07-28 13:30:00+05:30,2690.1,2695.0,2686.6,2687.2,1758
2025-07-28 13:45:00+05:30,2686.7,2692.1,2685.8,2687.7,1704
2025-07-28 14:00:00+05:30,2687.7,2687.9,2671.1,2681.3,5876
2025-07-28 14:15:00+05:30,2682.9,2686.6,2651.0,2676.4,19752
2025-07-28 14:30:00+05:30,2676.4,2682.5,2671.4,2680.4,1842
2025-07-28 14:45:00+05:30,2680.4,2693.9,2680.4,2690.5,3011
2025-07-28 15:00:00+05:30,2690.5,2696.0,2689.9,2695.1,5095
2025-07-28 15:15:00+05:30,2695.0,2698.1,2664.8,2676.4,28719
2025-07-28 15:30:00+05:30,2675.4,2676.2,2656.5,2665.0,11403
2025-07-29 09:30:00+05:30,2712.5,2730.0,2695.8,2704.5,31791
2025-07-29 09:45:00+05:30,2704.5,2709.0,2697.0,2700.1,3684
2025-07-29 10:00:00+05:30,2700.1,2708.0,2696.0,2698.6,5116
2025-07-29 10:15:00+05:30,2698.6,2700.9,2691.7,2691.7,2957
2025-07-29 10:30:00+05:30,2691.7,2694.6,2674.7,2676.8,5312
2025-07-29 10:45:00+05:30,2676.8,2698.9,2676.8,2695.0,3289
2025-07-29 11:00:00+05:30,2695.1,2699.0,2690.0,2690.0,3572
2025-07-29 11:15:00+05:30,2690.0,2708.4,2690.0,2699.8,5155
2025-07-29 11:30:00+05:30,2699.0,2700.0,2697.0,2697.3,1393
2025-07-29 11:45:00+05:30,2697.6,2698.2,2694.7,2696.4,1566
2025-07-29 12:00:00+05:30,2696.4,2697.8,2694.0,2695.4,1055
2025-07-29 12:15:00+05:30,2695.7,2697.0,2694.0,2695.8,669
2025-07-29 12:30:00+05:30,2697.5,2700.0,2694.5,2698.2,1475
2025-07-29 12:45:00+05:30,2698.2,2703.2,2696.1,2703.2,53434
2025-07-29 13:00:00+05:30,2705.3,2718.3,2697.5,2700.0,57418
2025-07-29 13:15:00+05:30,2700.0,2700.9,2696.8,2699.9,9864
2025-07-29 13:30:00+05:30,2699.9,2702.0,2698.8,2700.6,4478
2025-07-29 13:45:00+05:30,2700.6,2700.6,2696.5,2699.9,2870
2025-07-29 14:00:00+05:30,2699.9,2700.0,2695.9,2698.1,2406
2025-07-29 14:15:00+05:30,2698.1,2698.7,2685.0,2685.0,1859
2025-07-29 14:30:00+05:30,2685.0,2692.0,2680.0,2687.8,3561
2025-07-29 14:45:00+05:30,2689.7,2691.9,2684.7,2688.6,1956
2025-07-29 15:00:00+05:30,2687.3,2688.0,2681.0,2685.3,2934
2025-07-29 15:15:00+05:30,2685.3,2693.1,2680.2,2682.4,34035
2025-07-29 15:30:00+05:30,2682.4,2692.0,2682.0,2687.5,7763
2025-07-30 09:30:00+05:30,2700.9,2710.9,2690.0,2701.8,8750
2025-07-30 09:45:00+05:30,2702.8,2706.0,2697.2,2705.0,2630
2025-07-30 10:00:00+05:30,2705.0,2707.0,2700.1,2703.4,1699
2025-07-30 10:15:00+05:30,2703.4,2706.9,2700.0,2700.9,2591
2025-07-30 10:30:00+05:30,2700.9,2701.6,2693.1,2695.0,3176
2025-07-30 10:45:00+05:30,2695.0,2703.8,2695.0,2702.0,899
2025-07-30 11:00:00+05:30,2702.0,2704.0,2696.5,2700.0,3083
2025-07-30 11:15:00+05:30,2700.0,2704.0,2696.6,2698.2,3049
2025-07-30 11:30:00+05:30,2698.2,2701.3,2697.9,2700.0,2489
2025-07-30 11:45:00+05:30,2700.0,2702.7,2696.4,2699.7,6577
2025-07-30 12:00:00+05:30,2699.7,2701.3,2698.0,2699.1,1796
2025-07-30 12:15:00+05:30,2699.1,2700.8,2699.0,2699.3,3506
2025-07-30 12:30:00+05:30,2699.1,2700.8,2698.0,2699.3,3922
2025-07-30 12:45:00+05:30,2699.3,2703.9,2698.3,2698.9,768
2025-07-30 13:00:00+05:30,2698.9,2700.3,2698.3,2699.8,527
2025-07-30 13:15:00+05:30,2699.8,2702.5,2698.8,2700.1,485
2025-07-30 13:30:00+05:30,2700.1,2705.2,2699.2,2700.0,4671
2025-07-30 13:45:00+05:30,2700.0,2701.6,2699.0,2699.8,432
2025-07-30 14:00:00+05:30,2699.8,2705.9,2699.7,2699.7,2612
2025-07-30 14:15:00+05:30,2699.7,2701.7,2699.2,2699.2,2018
2025-07-30 14:30:00+05:30,2699.2,2721.0,2699.2,2717.5,9273
2025-07-30 14:45:00+05:30,2717.1,2720.5,2701.8,2705.7,8652
2025-07-30 15:00:00+05:30,2705.7,2724.0,2705.7,2722.1,6449
2025-07-30 15:15:00+05:30,2722.1,2725.0,2704.6,2711.3,15280
2025-07-30 15:30:00+05:30,2712.0,2715.0,2706.0,2707.0,12421
2025-07-31 09:30:00+05:30,2707.0,2734.0,2689.1,2724.0,30085
2025-07-31 09:45:00+05:30,2721.3,2740.0,2714.8,2739.1,18304
2025-07-31 10:00:00+05:30,2739.1,2749.0,2731.6,2748.9,12843
2025-07-31 10:15:00+05:30,2748.7,2749.0,2722.5,2722.5,11061
2025-07-31 10:30:00+05:30,2722.7,2762.1,2722.2,2752.5,26209
2025-07-31 10:45:00+05:30,2752.3,2772.0,2736.0,2736.0,34120
2025-07-31 11:00:00+05:30,2736.0,2746.0,2735.0,2741.1,6580
2025-07-31 11:15:00+05:30,2741.1,2745.5,2735.4,2742.2,6427
2025-07-31 11:30:00+05:30,2742.2,2745.0,2742.0,2743.1,3906
2025-07-31 11:45:00+05:30,2743.1,2745.3,2742.7,2743.0,9278
2025-07-31 12:00:00+05:30,2743.0,2743.0,2721.2,2727.1,17952
2025-07-31 12:15:00+05:30,2726.7,2731.3,2722.2,2727.9,5476
2025-07-31 12:30:00+05:30,2728.3,2730.4,2720.3,2725.0,5713
2025-07-31 12:45:00+05:30,2725.0,2729.0,2723.7,2726.0,2291
2025-07-31 13:00:00+05:30,2725.3,2732.0,2725.0,2728.4,5177
2025-07-31 13:15:00+05:30,2728.4,2732.5,2726.9,2730.2,6754
2025-07-31 13:30:00+05:30,2731.7,2732.1,2725.3,2725.8,8398
2025-07-31 13:45:00+05:30,2728.3,2731.0,2725.8,2730.0,2921
2025-07-31 14:00:00+05:30,2729.4,2730.0,2727.0,2728.1,4960
2025-07-31 14:15:00+05:30,2727.8,2731.8,2727.8,2729.9,7301
2025-07-31 14:30:00+05:30,2730.0,2732.3,2691.5,2698.4,168740
2025-07-31 14:45:00+05:30,2698.3,2732.8,2672.9,2697.1,255613
2025-07-31 15:00:00+05:30,2696.8,2717.5,2682.9,2702.5,69828
2025-07-31 15:15:00+05:30,2701.5,2748.5,2693.1,2744.8,269924
2025-07-31 15:30:00+05:30,2744.3,2746.2,2720.3,2730.0,122745
2025-08-01 09:30:00+05:30,2768.0,2850.0,2750.0,2844.0,323446
2025-08-01 09:45:00+05:30,2844.0,2884.0,2822.2,2866.1,299510
2025-08-01 10:00:00+05:30,2866.1,2881.5,2847.6,2856.0,137133
2025-08-01 10:15:00+05:30,2856.6,2860.3,2855.0,2860.0,105560
2025-08-01 10:30:00+05:30,2860.0,2895.8,2856.2,2884.5,155266
2025-08-01 10:45:00+05:30,2883.8,2897.7,2869.1,2890.0,106117
2025-08-01 11:00:00+05:30,2890.3,2934.9,2889.9,2923.0,237331
2025-08-01 11:15:00+05:30,2923.0,2940.0,2887.0,2888.1,195600
2025-08-01 11:30:00+05:30,2890.0,2919.8,2883.3,2885.0,118894
2025-08-01 11:45:00+05:30,2885.5,2900.0,2879.8,2898.8,80105
2025-08-01 12:00:00+05:30,2897.1,2899.0,2866.1,2874.9,136732
2025-08-01 12:15:00+05:30,2875.0,2897.0,2872.0,2879.9,79102
2025-08-01 12:30:00+05:30,2879.9,2884.0,2876.0,2879.9,48941
2025-08-01 12:45:00+05:30,2879.9,2882.8,2866.0,2880.0,49952
2025-08-01 13:00:00+05:30,2880.0,2881.3,2867.7,2873.0,31720
2025-08-01 13:15:00+05:30,2873.0,2873.0,2852.6,2858.4,67028
2025-08-01 13:30:00+05:30,2860.0,2867.6,2856.2,2856.5,16967
2025-08-01 13:45:00+05:30,2857.1,2858.2,2840.0,2849.0,71606
2025-08-01 14:00:00+05:30,2849.0,2849.9,2831.7,2837.5,36946
2025-08-01 14:15:00+05:30,2837.4,2842.8,2821.2,2831.2,45209
2025-08-01 14:30:00+05:30,2830.6,2843.0,2830.6,2837.7,21632
2025-08-01 14:45:00+05:30,2837.5,2854.0,2830.1,2831.0,41255
2025-08-01 15:00:00+05:30,2831.0,2837.2,2822.7,2833.0,42776
2025-08-01 15:15:00+05:30,2833.2,2844.1,2824.1,2831.8,69088
2025-08-01 15:30:00+05:30,2832.9,2870.0,2831.0,2870.0,88351
2025-08-04 09:30:00+05:30,2865.0,2935.6,2826.2,2842.6,162700
2025-08-04 09:45:00+05:30,2844.5,2848.0,2804.0,2817.7,48535
2025-08-04 10:00:00+05:30,2821.0,2826.3,2810.1,2819.7,19067
2025-08-04 10:15:00+05:30,2819.7,2847.0,2814.9,2826.0,28595
2025-08-04 10:30:00+05:30,2826.0,2850.0,2822.1,2824.5,32613
2025-08-04 10:45:00+05:30,2824.5,2827.4,2811.6,2818.0,16794
2025-08-04 11:00:00+05:30,2815.7,2821.0,2790.6,2793.5,41018
2025-08-04 11:15:00+05:30,2794.9,2798.5,2780.5,2787.2,13255
2025-08-04 11:30:00+05:30,2786.3,2811.3,2784.6,2790.0,26990
2025-08-04 11:45:00+05:30,2788.2,2801.8,2787.9,2798.6,16816
2025-08-04 12:00:00+05:30,2798.6,2801.1,2791.8,2800.0,9746
2025-08-04 12:15:00+05:30,2800.0,2803.9,2798.0,2801.9,10712
2025-08-04 12:30:00+05:30,2801.9,2810.0,2800.0,2805.4,12540
2025-08-04 12:45:00+05:30,2805.4,2810.0,2802.2,2805.0,11214
2025-08-04 13:00:00+05:30,2805.0,2807.4,2800.0,2802.8,10730
2025-08-04 13:15:00+05:30,2802.8,2804.6,2795.4,2799.9,42410
2025-08-04 13:30:00+05:30,2799.9,2800.7,2793.0,2795.0,8504
2025-08-04 13:45:00+05:30,2794.8,2799.9,2794.8,2797.1,7435
2025-08-04 14:00:00+05:30,2798.6,2801.1,2795.1,2799.0,8999
2025-08-04 14:15:00+05:30,2799.0,2799.5,2794.7,2795.7,7452
2025-08-04 14:30:00+05:30,2795.7,2799.0,2794.5,2799.0,6050
2025-08-04 14:45:00+05:30,2798.0,2799.0,2796.4,2798.8,6758
2025-08-04 15:00:00+05:30,2798.0,2806.8,2796.4,2800.0,43092
2025-08-04 15:15:00+05:30,2798.7,2800.0,2797.0,2798.9,37336
2025-08-04 15:30:00+05:30,2799.0,2800.0,2793.9,2799.9,32080
2025-08-05 09:30:00+05:30,2815.0,2852.0,2805.3,2836.5,61736
2025-08-05 09:45:00+05:30,2840.0,2840.0,2828.4,2834.0,8307
2025-08-05 10:00:00+05:30,2834.0,2849.9,2828.9,2841.6,15401
2025-08-05 10:15:00+05:30,2841.6,2874.4,2841.0,2859.8,47857
2025-08-05 10:30:00+05:30,2858.0,2860.0,2845.0,2853.6,7732
2025-08-05 10:45:00+05:30,2853.6,2856.7,2844.6,2850.0,7078
2025-08-05 11:00:00+05:30,2850.0,2856.2,2843.2,2846.0,6822
2025-08-05 11:15:00+05:30,2846.0,2851.8,2843.0,2850.8,5171
2025-08-05 11:30:00+05:30,2850.5,2880.0,2849.5,2860.2,37407
2025-08-05 11:45:00+05:30,2862.1,2870.0,2856.0,2868.8,10265
2025-08-05 12:00:00+05:30,2868.8,2870.0,2865.1,2869.4,7255
2025-08-05 12:15:00+05:30,2869.8,2894.9,2864.2,2887.0,22969
2025-08-05 12:30:00+05:30,2887.6,2912.9,2876.4,2910.0,41001
2025-08-05 12:45:00+05:30,2910.0,2924.1,2903.7,2906.0,84780
2025-08-05 13:00:00+05:30,2907.9,2914.1,2889.0,2894.4,47159
2025-08-05 13:15:00+05:30,2894.4,2894.4,2882.5,2890.0,18279
2025-08-05 13:30:00+05:30,2890.0,2890.0,2872.7,2875.8,18424
2025-08-05 13:45:00+05:30,2874.5,2877.9,2873.1,2875.8,11513
2025-08-05 14:00:00+05:30,2874.9,2876.7,2867.5,2875.8,11432
2025-08-05 14:15:00+05:30,2875.8,2876.2,2869.4,2873.9,8492
2025-08-05 14:30:00+05:30,2874.1,2875.0,2861.2,2864.5,18028
2025-08-05 14:45:00+05:30,2864.5,2874.9,2863.0,2873.8,11451
2025-08-05 15:00:00+05:30,2874.0,2887.9,2871.1,2884.2,29804
2025-08-05 15:15:00+05:30,2884.1,2886.5,2880.9,2883.0,30826
2025-08-05 15:30:00+05:30,2883.0,2899.0,2880.1,2890.0,59987
2025-08-06 09:30:00+05:30,2899.0,2918.0,2884.1,2900.7,34806
2025-08-06 09:45:00+05:30,2900.7,2910.0,2889.7,2894.9,25336
2025-08-06 10:00:00+05:30,2894.9,2902.4,2570.7,2860.3,143305
2025-08-06 10:15:00+05:30,2863.0,2890.0,2843.4,2852.2,30461
2025-08-06 10:30:00+05:30,2853.0,2888.0,2849.0,2882.6,40629
2025-08-06 10:45:00+05:30,2882.6,2884.1,2850.6,2864.0,44777
2025-08-06 11:00:00+05:30,2864.1,2875.0,2862.1,2870.0,10019
2025-08-06 11:15:00+05:30,2872.0,2877.9,2858.6,2877.9,9072
2025-08-06 11:30:00+05:30,2873.4,2883.4,2872.1,2881.0,11821
2025-08-06 11:45:00+05:30,2881.0,2885.0,2875.0,2878.3,7012
2025-08-06 12:00:00+05:30,2879.5,2882.1,2875.0,2879.8,6841
2025-08-06 12:15:00+05:30,2879.8,2887.9,2860.2,2863.1,10646
2025-08-06 12:30:00+05:30,2860.7,2872.5,2856.5,2856.5,12476
2025-08-06 12:45:00+05:30,2853.7,2863.0,2847.0,2858.0,7034
2025-08-06 13:00:00+05:30,2858.0,2869.2,2846.7,2847.5,9268
2025-08-06 13:15:00+05:30,2847.6,2856.0,2837.0,2854.6,6851
2025-08-06 13:30:00+05:30,2854.6,2860.4,2845.0,2847.0,3863
2025-08-06 13:45:00+05:30,2847.0,2849.0,2837.9,2838.3,10682
2025-08-06 14:00:00+05:30,2840.0,2840.5,2830.5,2832.0,4820
2025-08-06 14:15:00+05:30,2832.0,2848.0,2830.0,2844.4,7116
2025-08-06 14:30:00+05:30,2844.4,2845.6,2835.1,2837.9,3512
2025-08-06 14:45:00+05:30,2837.9,2840.3,2826.4,2830.0,6356
2025-08-06 15:00:00+05:30,2830.0,2854.1,2818.6,2853.8,15373
2025-08-06 15:15:00+05:30,2853.3,2853.3,2828.1,2836.8,18858
2025-08-06 15:30:00+05:30,2836.8,2849.0,2824.9,2835.6,28145
2025-08-07 09:30:00+05:30,2840.6,2850.1,2806.5,2809.6,18951
2025-08-07 09:45:00+05:30,2809.0,2850.0,2805.6,2844.7,19312
2025-08-07 10:00:00+05:30,2842.5,2849.9,2839.1,2845.4,8198
2025-08-07 10:15:00+05:30,2845.7,2849.7,2843.1,2844.4,6111
2025-08-07 10:30:00+05:30,2844.4,2849.5,2841.2,2845.1,4385
2025-08-07 10:45:00+05:30,2846.2,2846.5,2841.0,2844.2,2395
2025-08-07 11:00:00+05:30,2844.2,2867.2,2844.2,2860.9,9846
2025-08-07 11:15:00+05:30,2860.9,2868.5,2844.4,2854.5,9844
2025-08-07 11:30:00+05:30,2851.9,2853.7,2839.5,2845.0,8140
2025-08-07 11:45:00+05:30,2845.8,2845.9,2838.9,2842.3,6440
2025-08-07 12:00:00+05:30,2842.3,2843.8,2837.4,2839.9,4231
2025-08-07 12:15:00+05:30,2840.0,2840.9,2837.5,2840.6,3972
2025-08-07 12:30:00+05:30,2840.4,2840.9,2838.0,2840.4,3226
2025-08-07 12:45:00+05:30,2840.6,2841.3,2838.0,2839.4,1930
2025-08-07 13:00:00+05:30,2839.4,2852.0,2836.1,2840.3,8405
2025-08-07 13:15:00+05:30,2840.3,2840.6,2833.3,2835.8,3802
2025-08-07 13:30:00+05:30,2835.7,2839.9,2822.4,2823.9,10876
2025-08-07 13:45:00+05:30,2824.3,2829.0,2821.1,2827.0,3416
2025-08-07 14:00:00+05:30,2826.9,2835.8,2826.9,2828.5,17077
2025-08-07 14:15:00+05:30,2829.1,2835.0,2827.8,2833.9,2429
2025-08-07 14:30:00+05:30,2834.0,2835.0,2832.1,2834.0,2741
2025-08-07 14:45:00+05:30,2834.0,2837.1,2833.5,2834.9,5231
2025-08-07 15:00:00+05:30,2836.0,2840.5,2833.1,2833.1,16603
2025-08-07 15:15:00+05:30,2835.2,2843.6,2831.0,2843.6,22212
2025-08-07 15:30:00+05:30,2844.9,2855.0,2828.8,2830.2,33242
2025-08-08 09:30:00+05:30,2849.0,2861.4,2834.9,2836.4,10519
2025-08-08 09:45:00+05:30,2836.4,2845.3,2832.1,2833.8,4776
2025-08-08 10:00:00+05:30,2833.8,2833.8,2821.6,2823.0,4689
2025-08-08 10:15:00+05:30,2823.0,2842.0,2822.5,2840.3,4367
2025-08-08 10:30:00+05:30,2840.4,2840.4,2822.0,2822.0,3796
2025-08-08 10:45:00+05:30,2822.5,2824.1,2812.6,2814.9,3496
2025-08-08 11:00:00+05:30,2815.0,2822.4,2812.5,2817.6,2638
2025-08-08 11:15:00+05:30,2816.0,2821.1,2810.5,2819.0,9674
2025-08-08 11:30:00+05:30,2818.9,2821.0,2812.0,2813.4,1702
2025-08-08 11:45:00+05:30,2813.4,2821.5,2812.0,2821.0,2229
2025-08-08 12:00:00+05:30,2821.0,2830.0,2819.4,2824.8,2007
2025-08-08 12:15:00+05:30,2824.8,2824.8,2820.0,2823.8,1015
2025-08-08 12:30:00+05:30,2823.8,2830.1,2823.2,2824.4,2317
2025-08-08 12:45:00+05:30,2824.4,2828.6,2813.4,2817.8,1958
2025-08-08 13:00:00+05:30,2817.2,2826.0,2817.2,2823.9,1550
2025-08-08 13:15:00+05:30,2824.5,2828.0,2820.0,2820.0,1667
2025-08-08 13:30:00+05:30,2820.0,2823.9,2820.0,2821.1,820
2025-08-08 13:45:00+05:30,2821.1,2823.1,2812.5,2814.5,4661
2025-08-08 14:00:00+05:30,2815.6,2816.9,2811.1,2812.7,1077
2025-08-08 14:15:00+05:30,2813.9,2847.4,2812.4,2847.4,8510
2025-08-08 14:30:00+05:30,2847.4,2848.2,2826.7,2835.0,14638
2025-08-08 14:45:00+05:30,2837.4,2845.2,2832.0,2844.4,12830
2025-08-08 15:00:00+05:30,2844.4,2846.0,2819.9,2824.6,19865
2025-08-08 15:15:00+05:30,2827.0,2832.9,2821.9,2832.0,11914
2025-08-08 15:30:00+05:30,2830.3,2832.2,2808.0,2810.4,25876
2025-08-11 09:30:00+05:30,2824.1,2884.0,2824.1,2845.4,29835
2025-08-11 09:45:00+05:30,2847.7,2867.1,2840.8,2851.6,10049
2025-08-11 10:00:00+05:30,2851.6,2857.0,2828.1,2850.0,14927
2025-08-11 10:15:00+05:30,2850.0,2855.2,2834.4,2843.7,15778
2025-08-11 10:30:00+05:30,2843.6,2845.8,2837.7,2845.0,3329
2025-08-11 10:45:00+05:30,2845.1,2846.0,2842.0,2844.2,1753
2025-08-11 11:00:00+05:30,2844.2,2845.9,2843.7,2845.8,1518
2025-08-11 11:15:00+05:30,2845.8,2859.0,2841.0,2859.0,5253
2025-08-11 11:30:00+05:30,2859.5,2865.0,2839.0,2842.4,7529
2025-08-11 11:45:00+05:30,2842.2,2844.6,2838.0,2840.0,4812
2025-08-11 12:00:00+05:30,2840.0,2840.1,2833.1,2840.0,3941
2025-08-11 12:15:00+05:30,2840.0,2840.1,2835.3,2840.0,5381
2025-08-11 12:30:00+05:30,2840.0,2843.1,2838.7,2842.8,4420
2025-08-11 12:45:00+05:30,2842.9,2843.7,2839.4,2840.0,4404
2025-08-11 13:00:00+05:30,2840.0,2840.9,2837.0,2840.9,2737
2025-08-11 13:15:00+05:30,2840.9,2841.9,2835.0,2836.3,3011
2025-08-11 13:30:00+05:30,2836.6,2836.6,2822.1,2828.6,8388
2025-08-11 13:45:00+05:30,2828.6,2835.0,2825.8,2830.7,4267
2025-08-11 14:00:00+05:30,2830.8,2832.3,2824.0,2830.5,3453
2025-08-11 14:15:00+05:30,2830.5,2835.0,2827.1,2833.1,4796
2025-08-11 14:30:00+05:30,2831.0,2835.0,2830.9,2833.3,2278
2025-08-11 14:45:00+05:30,2834.6,2847.9,2830.0,2847.5,40308
2025-08-11 15:00:00+05:30,2846.5,2863.0,2843.3,2861.4,9996
2025-08-11 15:15:00+05:30,2861.4,2861.4,2848.0,2850.6,8007
2025-08-11 15:30:00+05:30,2852.0,2858.6,2850.2,2855.2,9256
2025-08-12 09:30:00+05:30,2867.0,2880.0,2845.6,2866.3,11040
2025-08-12 09:45:00+05:30,2866.3,2872.9,2855.0,2869.7,6416
2025-08-12 10:00:00+05:30,2869.7,2880.0,2863.5,2873.4,6761
2025-08-12 10:15:00+05:30,2873.4,2877.0,2860.0,2874.9,3538
2025-08-12 10:30:00+05:30,2874.9,2878.6,2872.0,2872.3,2265
2025-08-12 10:45:00+05:30,2872.5,2887.0,2867.0,2887.0,9248
2025-08-12 11:00:00+05:30,2886.4,2915.0,2885.0,2905.9,28583
2025-08-12 11:15:00+05:30,2907.6,2910.0,2900.0,2907.8,11847
2025-08-12 11:30:00+05:30,2907.8,2907.8,2886.8,2897.9,12108
2025-08-12 11:45:00+05:30,2895.0,2899.3,2891.0,2895.0,5737
2025-08-12 12:00:00+05:30,2895.0,2896.5,2892.1,2895.0,3308
2025-08-12 12:15:00+05:30,2895.0,2895.8,2892.2,2895.0,3785
2025-08-12 12:30:00+05:30,2895.0,2895.9,2893.8,2895.1,3221
2025-08-12 12:45:00+05:30,2895.1,2895.6,2889.4,2895.0,4293
2025-08-12 13:00:00+05:30,2895.0,2895.0,2891.3,2894.8,2687
2025-08-12 13:15:00+05:30,2894.8,2895.0,2891.2,2894.7,2652
2025-08-12 13:30:00+05:30,2894.7,2895.0,2886.7,2892.6,4325
2025-08-12 13:45:00+05:30,2892.7,2895.9,2890.2,2895.6,4251
2025-08-12 14:00:00+05:30,2895.6,2896.9,2888.3,2890.0,4759
2025-08-12 14:15:00+05:30,2890.0,2896.3,2889.9,2895.2,3426
2025-08-12 14:30:00+05:30,2895.2,2898.0,2892.2,2896.7,5812
2025-08-12 14:45:00+05:30,2895.9,2896.0,2891.1,2895.1,4867
2025-08-12 15:00:00+05:30,2895.1,2895.8,2889.8,2891.9,5687
2025-08-12 15:15:00+05:30,2891.9,2900.0,2885.5,2896.8,33267
2025-08-12 15:30:00+05:30,2894.5,2898.8,2883.0,2890.0,28084
2025-08-13 09:30:00+05:30,2915.0,2915.5,2833.1,2852.0,31505
2025-08-13 09:45:00+05:30,2852.0,2875.0,2848.9,2870.0,14445
2025-08-13 10:00:00+05:30,2870.0,2874.9,2870.0,2872.0,4368
2025-08-13 10:15:00+05:30,2872.0,2874.0,2868.1,2868.7,3460
2025-08-13 10:30:00+05:30,2868.7,2870.0,2852.5,2855.0,7819
2025-08-13 10:45:00+05:30,2855.0,2856.3,2836.0,2846.0,7169
2025-08-13 11:00:00+05:30,2846.0,2849.0,2838.9,2843.2,5036
2025-08-13 11:15:00+05:30,2843.3,2846.4,2839.8,2840.6,3042
2025-08-13 11:30:00+05:30,2840.6,2844.4,2836.5,2840.4,2457
2025-08-13 11:45:00+05:30,2842.3,2842.3,2828.1,2833.0,4118
2025-08-13 12:00:00+05:30,2833.0,2835.6,2830.5,2830.5,1052
2025-08-13 12:15:00+05:30,2830.0,2834.3,2826.1,2830.0,2412
2025-08-13 12:30:00+05:30,2830.0,2830.0,2822.0,2824.3,4661
2025-08-13 12:45:00+05:30,2824.3,2830.0,2824.3,2827.6,1925
2025-08-13 13:00:00+05:30,2827.4,2827.4,2815.0,2820.0,5315
2025-08-13 13:15:00+05:30,2820.0,2821.5,2815.5,2815.5,3346
2025-08-13 13:30:00+05:30,2815.6,2815.8,2801.3,2810.9,8444
2025-08-13 13:45:00+05:30,2810.9,2815.7,2804.0,2811.9,2861
2025-08-13 14:00:00+05:30,2812.0,2812.0,2804.0,2804.0,7528
2025-08-13 14:15:00+05:30,2804.1,2808.8,2792.4,2795.7,8097
2025-08-13 14:30:00+05:30,2794.3,2800.0,2791.0,2796.6,6024
2025-08-13 14:45:00+05:30,2798.3,2830.0,2797.0,2829.4,18758
2025-08-13 15:00:00+05:30,2829.4,2832.0,2820.0,2822.8,19810
2025-08-13 15:15:00+05:30,2822.9,2826.9,2819.0,2824.8,19340
2025-08-13 15:30:00+05:30,2825.8,2830.0,2807.9,2829.8,40638
2025-08-14 09:30:00+05:30,2847.6,2847.6,2795.0,2828.9,17929
2025-08-14 09:45:00+05:30,2828.0,2834.9,2819.6,2825.1,4390
2025-08-14 10:00:00+05:30,2825.7,2825.7,2805.0,2805.0,8450
2025-08-14 10:15:00+05:30,2807.0,2829.8,2805.1,2815.0,4778
2025-08-14 10:30:00+05:30,2815.0,2826.5,2808.3,2809.1,6160
2025-08-14 10:45:00+05:30,2809.1,2812.9,2809.0,2810.6,802
2025-08-14 11:00:00+05:30,2810.6,2813.5,2809.4,2812.0,900
2025-08-14 11:15:00+05:30,2812.0,2813.9,2809.1,2810.0,1592
2025-08-14 11:30:00+05:30,2810.0,2812.3,2809.1,2810.0,1066
2025-08-14 11:45:00+05:30,2810.0,2810.7,2809.0,2810.0,465
2025-08-14 12:00:00+05:30,2810.0,2812.7,2791.9,2799.9,5655
2025-08-14 12:15:00+05:30,2800.0,2800.0,2785.0,2797.0,6020
2025-08-14 12:30:00+05:30,2797.0,2797.0,2777.3,2794.1,3240
2025-08-14 12:45:00+05:30,2795.0,2810.2,2793.2,2809.2,8044
2025-08-14 13:00:00+05:30,2810.2,2830.0,2805.1,2827.3,5698
2025-08-14 13:15:00+05:30,2827.3,2834.7,2820.0,2821.4,2074
2025-08-14 13:30:00+05:30,2821.4,2824.8,2817.3,2822.1,1071
2025-08-14 13:45:00+05:30,2822.1,2834.8,2822.1,2834.8,2516
2025-08-14 14:00:00+05:30,2834.8,2842.0,2834.3,2836.3,3869
2025-08-14 14:15:00+05:30,2836.3,2865.0,2836.3,2862.9,16473
2025-08-14 14:30:00+05:30,2861.3,2864.9,2853.1,2864.0,11161
2025-08-14 14:45:00+05:30,2864.0,2871.0,2857.6,2869.5,11568
2025-08-14 15:00:00+05:30,2868.9,2870.0,2863.8,2867.3,12006
2025-08-14 15:15:00+05:30,2865.2,2868.0,2850.0,2861.9,20936
2025-08-14 15:30:00+05:30,2858.4,2862.8,2847.0,2851.0,27995
2025-08-18 09:30:00+05:30,2871.3,2894.7,2860.4,2863.2,27556
2025-08-18 09:45:00+05:30,2863.2,2871.0,2851.1,2865.0,9924
2025-08-18 10:00:00+05:30,2865.0,2868.0,2854.1,2862.5,6620
2025-08-18 10:15:00+05:30,2862.5,2882.4,2861.0,2879.5,7599
2025-08-18 10:30:00+05:30,2879.9,2887.6,2877.9,2882.8,6354
2025-08-18 10:45:00+05:30,2882.8,2890.0,2881.3,2890.0,4935
2025-08-18 11:00:00+05:30,2890.0,2890.0,2882.6,2887.8,3575
2025-08-18 11:15:00+05:30,2887.8,2888.0,2880.1,2883.9,3499
2025-08-18 11:30:00+05:30,2883.9,2889.4,2880.3,2885.0,2801
2025-08-18 11:45:00+05:30,2885.0,2886.1,2871.9,2875.0,5618
2025-08-18 12:00:00+05:30,2875.0,2881.5,2872.0,2878.0,6098
2025-08-18 12:15:00+05:30,2876.0,2885.0,2872.9,2881.8,5023
2025-08-18 12:30:00+05:30,2881.8,2883.0,2880.0,2882.8,834
2025-08-18 12:45:00+05:30,2882.8,2885.0,2876.0,2877.3,8181
2025-08-18 13:00:00+05:30,2877.3,2877.3,2866.1,2874.4,11395
2025-08-18 13:15:00+05:30,2874.9,2875.5,2872.5,2875.0,15146
2025-08-18 13:30:00+05:30,2875.0,2875.5,2873.0,2874.5,1826
2025-08-18 13:45:00+05:30,2875.0,2875.0,2847.2,2853.6,11306
2025-08-18 14:00:00+05:30,2853.2,2860.6,2849.0,2853.6,11550
2025-08-18 14:15:00+05:30,2853.5,2853.5,2844.5,2845.7,6386
2025-08-18 14:30:00+05:30,2845.1,2850.5,2842.0,2849.3,10190
2025-08-18 14:45:00+05:30,2849.3,2852.0,2845.0,2847.0,9615
2025-08-18 15:00:00+05:30,2847.2,2850.4,2846.1,2847.9,6273
2025-08-18 15:15:00+05:30,2847.6,2849.0,2843.1,2845.1,10071
2025-08-18 15:30:00+05:30,2845.1,2875.0,2844.4,2850.0,33867
2025-08-19 09:30:00+05:30,2852.9,2861.9,2838.6,2851.2,6535
2025-08-19 09:45:00+05:30,2851.2,2851.2,2837.5,2842.1,5021
2025-08-19 10:00:00+05:30,2842.1,2848.5,2838.9,2847.0,2648
2025-08-19 10:15:00+05:30,2847.0,2852.0,2843.3,2848.0,2134
2025-08-19 10:30:00+05:30,2848.0,2855.2,2846.3,2851.6,1921
2025-08-19 10:45:00+05:30,2851.6,2855.0,2848.1,2852.4,1883
2025-08-19 11:00:00+05:30,2852.4,2854.0,2848.9,2852.1,1224
2025-08-19 11:15:00+05:30,2852.1,2853.7,2847.4,2850.0,1776
2025-08-19 11:30:00+05:30,2850.0,2854.3,2828.8,2832.5,10671
2025-08-19 11:45:00+05:30,2832.2,2838.5,2827.6,2828.5,5441
2025-08-19 12:00:00+05:30,2828.5,2833.0,2825.1,2829.9,3240
2025-08-19 12:15:00+05:30,2830.0,2830.0,2825.1,2825.8,3932
2025-08-19 12:30:00+05:30,2825.7,2829.5,2822.7,2828.9,5211
2025-08-19 12:45:00+05:30,2828.8,2834.8,2827.8,2834.3,4466
2025-08-19 13:00:00+05:30,2834.2,2839.8,2834.1,2837.3,3988
2025-08-19 13:15:00+05:30,2837.3,2846.9,2837.3,2843.0,5067
2025-08-19 13:30:00+05:30,2843.0,2844.0,2839.0,2843.0,4038
2025-08-19 13:45:00+05:30,2843.0,2849.3,2835.0,2836.8,4413
2025-08-19 14:00:00+05:30,2837.0,2842.5,2831.1,2834.9,7477
2025-08-19 14:15:00+05:30,2835.3,2836.0,2830.1,2832.8,4016
2025-08-19 14:30:00+05:30,2832.8,2838.0,2826.8,2827.8,4145
2025-08-19 14:45:00+05:30,2827.5,2832.9,2815.1,2826.4,7031
2025-08-19 15:00:00+05:30,2826.4,2827.9,2819.0,2823.1,5840
2025-08-19 15:15:00+05:30,2824.3,2825.7,2818.6,2821.0,10591
2025-08-19 15:30:00+05:30,2821.0,2827.6,2818.0,2820.0,12545
2025-08-20 09:30:00+05:30,2825.1,2842.0,2816.6,2816.6,10232
2025-08-20 09:45:00+05:30,2816.9,2819.1,2806.0,2809.0,7900
2025-08-20 10:00:00+05:30,2808.2,2809.4,2796.5,2800.0,6859
2025-08-20 10:15:00+05:30,2800.0,2804.1,2799.2,2803.4,4997
2025-08-20 10:30:00+05:30,2804.0,2806.3,2798.0,2802.7,5629
2025-08-20 10:45:00+05:30,2802.8,2805.0,2801.6,2803.3,2213
2025-08-20 11:00:00+05:30,2803.3,2804.9,2800.1,2800.8,4663
2025-08-20 11:15:00+05:30,2800.8,2801.4,2796.6,2799.9,3138
2025-08-20 11:30:00+05:30,2799.9,2801.1,2796.7,2799.9,2401
2025-08-20 11:45:00+05:30,2799.9,2802.5,2799.0,2801.0,9308
2025-08-20 12:00:00+05:30,2800.9,2801.0,2799.4,2800.6,5348
2025-08-20 12:15:00+05:30,2800.3,2802.0,2800.3,2801.0,8124
2025-08-20 12:30:00+05:30,2801.0,2817.4,2799.7,2810.6,18535
2025-08-20 12:45:00+05:30,2810.6,2815.0,2810.0,2815.0,4090
2025-08-20 13:00:00+05:30,2815.0,2829.0,2814.8,2825.7,7972
2025-08-20 13:15:00+05:30,2826.0,2833.2,2816.5,2832.7,11977
2025-08-20 13:30:00+05:30,2832.7,2833.8,2818.1,2829.7,13771
2025-08-20 13:45:00+05:30,2829.7,2838.6,2825.3,2838.0,21437
2025-08-20 14:00:00+05:30,2838.0,2844.0,2836.3,2844.0,20498
2025-08-20 14:15:00+05:30,2843.8,2845.0,2829.0,2830.0,11657
2025-08-20 14:30:00+05:30,2829.0,2840.6,2828.4,2839.1,10983
2025-08-20 14:45:00+05:30,2839.1,2840.0,2827.4,2837.8,11398
2025-08-20 15:00:00+05:30,2837.6,2841.9,2835.7,2837.8,11750
2025-08-20 15:15:00+05:30,2837.9,2840.0,2829.9,2829.9,30983
2025-08-20 15:30:00+05:30,2830.0,2838.0,2825.9,2825.9,37762
2025-08-21 09:30:00+05:30,2844.0,2880.0,2843.7,2872.0,26805
2025-08-21 09:45:00+05:30,2872.0,2874.6,2822.2,2830.7,16441
2025-08-21 10:00:00+05:30,2830.7,2852.0,2830.0,2852.0,19862
2025-08-21 10:15:00+05:30,2853.7,2861.8,2845.5,2847.4,4906
2025-08-21 10:30:00+05:30,2847.4,2860.0,2847.4,2857.7,3392
2025-08-21 10:45:00+05:30,2857.7,2858.0,2848.2,2856.2,2928
2025-08-21 11:00:00+05:30,2857.5,2860.0,2850.2,2853.3,1532
2025-08-21 11:15:00+05:30,2853.3,2854.8,2847.7,2849.7,2345
2025-08-21 11:30:00+05:30,2849.7,2849.7,2841.2,2848.0,2854
2025-08-21 11:45:00+05:30,2848.0,2855.8,2845.3,2855.0,4921
2025-08-21 12:00:00+05:30,2855.0,2871.0,2853.1,2860.4,8281
2025-08-21 12:15:00+05:30,2860.4,2869.4,2860.0,2861.3,4743
2025-08-21 12:30:00+05:30,2861.3,2868.0,2861.0,2867.4,6106
2025-08-21 12:45:00+05:30,2867.4,2868.0,2863.2,2863.7,2502
2025-08-21 13:00:00+05:30,2863.7,2868.7,2863.0,2865.2,4931
2025-08-21 13:15:00+05:30,2867.0,2868.0,2862.1,2864.4,4147
2025-08-21 13:30:00+05:30,2864.4,2869.0,2864.4,2866.2,5009
2025-08-21 13:45:00+05:30,2866.2,2869.8,2864.8,2869.8,3237
2025-08-21 14:00:00+05:30,2869.8,2877.2,2868.5,2874.5,7879
2025-08-21 14:15:00+05:30,2874.5,2876.3,2870.0,2870.0,4375
2025-08-21 14:30:00+05:30,2872.1,2886.4,2868.0,2883.6,13653
2025-08-21 14:45:00+05:30,2885.0,2895.6,2883.0,2883.6,14668
2025-08-21 15:00:00+05:30,2883.4,2891.6,2882.4,2889.2,7646
2025-08-21 15:15:00+05:30,2889.2,2893.7,2887.1,2890.2,12236
2025-08-21 15:30:00+05:30,2890.7,2905.0,2888.0,2900.0,35180
2025-08-22 09:30:00+05:30,2904.9,2921.5,2890.0,2891.9,27226
2025-08-22 09:45:00+05:30,2891.7,2892.0,2867.2,2873.9,12239
2025-08-22 10:00:00+05:30,2873.9,2887.8,2871.1,2872.8,8820
2025-08-22 10:15:00+05:30,2872.8,2885.8,2872.8,2884.1,4393
2025-08-22 10:30:00+05:30,2884.1,2888.8,2878.4,2884.3,4731
2025-08-22 10:45:00+05:30,2884.3,2885.5,2875.2,2878.1,5519
2025-08-22 11:00:00+05:30,2878.1,2880.6,2874.1,2877.9,3036
2025-08-22 11:15:00+05:30,2877.9,2879.2,2875.1,2878.4,1809
2025-08-22 11:30:00+05:30,2878.6,2887.4,2878.6,2884.5,4346
2025-08-22 11:45:00+05:30,2884.5,2885.3,2875.8,2884.3,2121
2025-08-22 12:00:00+05:30,2884.3,2885.5,2878.5,2880.6,2359
2025-08-22 12:15:00+05:30,2880.6,2887.8,2877.2,2885.0,4648
2025-08-22 12:30:00+05:30,2885.1,2888.6,2880.1,2886.9,1988
2025-08-22 12:45:00+05:30,2886.9,2891.8,2882.9,2885.7,7105
2025-08-22 13:00:00+05:30,2885.7,2890.9,2882.1,2890.9,2857
2025-08-22 13:15:00+05:30,2890.9,2890.9,2885.5,2885.8,1846
2025-08-22 13:30:00+05:30,2885.8,2888.5,2883.7,2887.9,2000
2025-08-22 13:45:00+05:30,2888.0,2890.0,2884.3,2889.8,1062
2025-08-22 14:00:00+05:30,2889.8,2897.9,2888.4,2894.5,3013
2025-08-22 14:15:00+05:30,2894.5,2902.0,2889.9,2899.8,9093
2025-08-22 14:30:00+05:30,2900.0,2902.5,2897.0,2901.7,10451
2025-08-22 14:45:00+05:30,2901.7,2902.6,2896.9,2900.5,10767
2025-08-22 15:00:00+05:30,2900.5,2902.8,2897.8,2900.2,12784
2025-08-22 15:15:00+05:30,2898.7,2900.0,2889.3,2890.3,12686
2025-08-22 15:30:00+05:30,2890.8,2894.9,2880.0,2889.1,15691
2025-08-25 09:30:00+05:30,2905.0,2914.0,2890.9,2897.7,14988
2025-08-25 09:45:00+05:30,2895.4,2898.0,2888.0,2890.0,6458
2025-08-25 10:00:00+05:30,2888.8,2894.3,2888.0,2889.9,3951
2025-08-25 10:15:00+05:30,2889.9,2893.0,2888.1,2892.0,1369
2025-08-25 10:30:00+05:30,2892.0,2898.0,2891.4,2898.0,11228
2025-08-25 10:45:00+05:30,2897.6,2910.8,2895.0,2896.3,8939
2025-08-25 11:00:00+05:30,2896.4,2906.5,2896.3,2906.0,25379
2025-08-25 11:15:00+05:30,2906.0,2906.0,2897.3,2899.1,2590
2025-08-25 11:30:00+05:30,2899.1,2900.0,2895.1,2898.7,2186
2025-08-25 11:45:00+05:30,2898.7,2900.0,2898.7,2900.0,1069
2025-08-25 12:00:00+05:30,2900.0,2900.0,2899.1,2900.0,2908
2025-08-25 12:15:00+05:30,2900.0,2900.8,2899.7,2900.0,9112
2025-08-25 12:30:00+05:30,2900.0,2900.1,2896.4,2900.0,4513
2025-08-25 12:45:00+05:30,2900.0,2900.0,2895.1,2895.1,2963
2025-08-25 13:00:00+05:30,2896.7,2900.0,2896.7,2900.0,1796
2025-08-25 13:15:00+05:30,2900.0,2900.0,2897.7,2899.8,1318
2025-08-25 13:30:00+05:30,2899.7,2900.0,2896.5,2898.7,3151
2025-08-25 13:45:00+05:30,2898.6,2899.9,2898.0,2899.0,750
2025-08-25 14:00:00+05:30,2899.4,2900.0,2898.3,2898.3,1861
2025-08-25 14:15:00+05:30,2898.3,2900.7,2891.7,2892.8,2224
2025-08-25 14:30:00+05:30,2892.8,2896.6,2884.1,2889.0,5601
2025-08-25 14:45:00+05:30,2889.0,2892.0,2888.1,2891.2,3148
2025-08-25 15:00:00+05:30,2891.2,2908.9,2891.2,2900.0,32359
2025-08-25 15:15:00+05:30,2900.3,2922.3,2899.6,2921.1,47799
2025-08-25 15:30:00+05:30,2923.6,2924.8,2906.0,2919.0,30659
2025-08-26 09:30:00+05:30,2909.0,2909.0,2871.1,2871.6,17363
2025-08-26 09:45:00+05:30,2871.6,2872.0,2860.0,2863.3,8553
2025-08-26 10:00:00+05:30,2863.3,2866.0,2850.0,2862.9,9710
2025-08-26 10:15:00+05:30,2859.7,2861.8,2852.5,2858.3,4875
2025-08-26 10:30:00+05:30,2859.9,2888.0,2856.1,2883.0,10501
2025-08-26 10:45:00+05:30,2883.0,2909.0,2881.4,2900.0,17521
2025-08-26 11:00:00+05:30,2900.5,2900.5,2891.1,2900.0,40784
2025-08-26 11:15:00+05:30,2900.0,2900.0,2896.7,2899.5,4657
2025-08-26 11:30:00+05:30,2900.0,2907.0,2898.0,2905.8,6762
2025-08-26 11:45:00+05:30,2904.4,2908.5,2903.4,2906.3,2961
2025-08-26 12:00:00+05:30,2904.7,2909.0,2904.0,2909.0,1900
2025-08-26 12:15:00+05:30,2909.0,2912.0,2908.6,2911.9,2964
2025-08-26 12:30:00+05:30,2912.0,2912.0,2900.6,2909.8,2917
2025-08-26 12:45:00+05:30,2909.8,2911.5,2905.1,2905.5,1988
2025-08-26 13:00:00+05:30,2905.5,2908.0,2900.0,2904.0,5654
2025-08-26 13:15:00+05:30,2904.0,2904.5,2901.1,2904.5,619
2025-08-26 13:30:00+05:30,2904.5,2904.5,2900.0,2903.6,518
2025-08-26 13:45:00+05:30,2903.6,2905.0,2900.0,2904.6,1715
2025-08-26 14:00:00+05:30,2904.6,2904.9,2900.0,2904.9,1216
2025-08-26 14:15:00+05:30,2902.4,2905.0,2900.3,2901.0,1990
2025-08-26 14:30:00+05:30,2901.0,2904.9,2900.0,2901.6,1681
2025-08-26 14:45:00+05:30,2900.9,2903.2,2900.0,2901.9,6710
2025-08-26 15:00:00+05:30,2901.9,2914.0,2899.9,2913.2,13390
2025-08-26 15:15:00+05:30,2914.0,2914.0,2900.8,2906.2,24575
2025-08-26 15:30:00+05:30,2906.1,2909.9,2896.0,2900.0,35805
2025-08-28 09:30:00+05:30,2905.0,2905.0,2867.8,2870.8,6309
2025-08-28 09:45:00+05:30,2869.2,2874.8,2861.0,2868.6,6706
2025-08-28 10:00:00+05:30,2868.4,2876.6,2868.4,2873.9,5811
2025-08-28 10:15:00+05:30,2874.0,2876.6,2865.3,2867.5,2047
2025-08-28 10:30:00+05:30,2867.5,2870.9,2860.7,2868.7,3315
2025-08-28 10:45:00+05:30,2868.7,2875.0,2868.1,2872.7,1108
2025-08-28 11:00:00+05:30,2872.7,2875.0,2872.1,2872.1,1188
2025-08-28 11:15:00+05:30,2874.0,2874.0,2863.2,2864.4,3419
2025-08-28 11:30:00+05:30,2864.4,2866.8,2861.0,2863.9,1487
2025-08-28 11:45:00+05:30,2863.9,2867.3,2863.0,2864.6,994
2025-08-28 12:00:00+05:30,2864.6,2865.2,2860.9,2862.4,1538
2025-08-28 12:15:00+05:30,2862.5,2866.4,2861.2,2865.9,663
2025-08-28 12:30:00+05:30,2865.9,2868.1,2858.2,2862.0,1596
2025-08-28 12:45:00+05:30,2862.0,2863.5,2856.1,2858.4,901
2025-08-28 13:00:00+05:30,2858.3,2858.3,2852.0,2852.2,1361
2025-08-28 13:15:00+05:30,2851.9,2856.0,2847.1,2853.9,6194
2025-08-28 13:30:00+05:30,2853.9,2857.4,2851.8,2855.0,1326
2025-08-28 13:45:00+05:30,2855.0,2857.9,2852.8,2854.3,1591
2025-08-28 14:00:00+05:30,2854.3,2855.0,2851.9,2853.0,487
2025-08-28 14:15:00+05:30,2853.0,2857.0,2851.0,2852.6,1249
2025-08-28 14:30:00+05:30,2852.6,2856.2,2852.0,2852.8,840
2025-08-28 14:45:00+05:30,2854.1,2855.0,2842.4,2846.0,3385
2025-08-28 15:00:00+05:30,2846.0,2854.2,2844.7,2849.7,2703
2025-08-28 15:15:00+05:30,2848.2,2850.0,2835.8,2840.1,12117
2025-08-28 15:30:00+05:30,2839.8,2847.0,2830.0,2845.0,10237
2025-08-29 09:30:00+05:30,2845.6,2871.7,2844.1,2852.4,5564
2025-08-29 09:45:00+05:30,2852.1,2860.0,2849.6,2851.8,2595
2025-08-29 10:00:00+05:30,2851.8,2854.0,2847.0,2847.0,1730
2025-08-29 10:15:00+05:30,2847.4,2851.3,2841.0,2841.9,2009
2025-08-29 10:30:00+05:30,2841.9,2851.9,2840.1,2845.9,2193
2025-08-29 10:45:00+05:30,2847.0,2853.6,2844.9,2850.5,935
2025-08-29 11:00:00+05:30,2850.5,2860.0,2850.0,2853.6,3579
2025-08-29 11:15:00+05:30,2853.6,2862.0,2851.0,2855.0,4015
2025-08-29 11:30:00+05:30,2855.0,2855.0,2851.3,2853.3,888
2025-08-29 11:45:00+05:30,2853.3,2858.0,2851.4,2858.0,1102
2025-08-29 12:00:00+05:30,2858.0,2883.5,2856.4,2873.1,12638
2025-08-29 12:15:00+05:30,2873.2,2876.0,2865.8,2872.7,2210
2025-08-29 12:30:00+05:30,2872.7,2874.0,2870.2,2872.2,917
2025-08-29 12:45:00+05:30,2872.9,2874.0,2866.8,2868.9,1563
2025-08-29 13:00:00+05:30,2868.9,2870.0,2851.0,2853.4,2482
2025-08-29 13:15:00+05:30,2853.6,2856.9,2827.9,2833.3,5068
2025-08-29 13:30:00+05:30,2830.9,2844.5,2823.2,2828.9,6817
2025-08-29 13:45:00+05:30,2828.9,2836.5,2824.0,2826.7,4120
2025-08-29 14:00:00+05:30,2826.2,2839.0,2824.8,2830.2,8925
2025-08-29 14:15:00+05:30,2829.7,2831.3,2820.5,2820.8,5220
2025-08-29 14:30:00+05:30,2820.8,2880.0,2818.4,2877.6,23562
2025-08-29 14:45:00+05:30,2877.6,2883.0,2855.8,2858.7,7655
2025-08-29 15:00:00+05:30,2858.7,2865.0,2857.6,2864.4,3114
2025-08-29 15:15:00+05:30,2864.2,2867.2,2846.4,2849.1,7084
2025-08-29 15:30:00+05:30,2849.1,2854.7,2845.1,2852.2,8349
2025-09-01 09:30:00+05:30,2852.5,2876.4,2835.0,2837.3,6383
2025-09-01 09:45:00+05:30,2837.3,2849.1,2831.0,2848.2,7668
2025-09-01 10:00:00+05:30,2848.4,2851.3,2843.0,2846.1,3126
2025-09-01 10:15:00+05:30,2847.4,2855.5,2846.1,2855.5,7165
2025-09-01 10:30:00+05:30,2855.5,2859.5,2854.1,2859.2,3667
2025-09-01 10:45:00+05:30,2859.5,2860.0,2856.0,2858.2,2717
2025-09-01 11:00:00+05:30,2858.2,2860.0,2856.0,2856.0,1401
2025-09-01 11:15:00+05:30,2856.0,2859.3,2856.0,2856.1,1984
2025-09-01 11:30:00+05:30,2856.7,2857.9,2850.0,2853.3,1890
2025-09-01 11:45:00+05:30,2852.7,2853.9,2833.6,2838.3,5311
2025-09-01 12:00:00+05:30,2838.3,2841.5,2834.9,2836.4,4159
2025-09-01 12:15:00+05:30,2835.0,2841.9,2835.0,2840.0,1483
2025-09-01 12:30:00+05:30,2841.4,2849.7,2840.0,2847.5,3170
2025-09-01 12:45:00+05:30,2846.0,2852.0,2817.0,2846.7,20808
2025-09-01 13:00:00+05:30,2846.7,2858.0,2845.6,2856.7,4325
2025-09-01 13:15:00+05:30,2856.7,2860.0,2855.2,2859.7,4117
2025-09-01 13:30:00+05:30,2857.2,2864.0,2854.2,2861.0,6172
2025-09-01 13:45:00+05:30,2860.6,2861.0,2847.0,2851.5,4641
2025-09-01 14:00:00+05:30,2851.5,2853.8,2843.3,2846.3,5522
2025-09-01 14:15:00+05:30,2843.0,2858.9,2843.0,2855.9,5630
2025-09-01 14:30:00+05:30,2854.3,2862.0,2852.5,2861.2,6352
2025-09-01 14:45:00+05:30,2861.0,2867.5,2861.0,2867.0,6746
2025-09-01 15:00:00+05:30,2867.0,2867.5,2858.1,2863.9,13117
2025-09-01 15:15:00+05:30,2864.0,2864.0,2854.7,2858.3,6449
2025-09-01 15:30:00+05:30,2859.1,2862.0,2842.1,2855.0,11478
2025-09-02 09:30:00+05:30,2865.0,2897.7,2850.0,2874.3,18317
2025-09-02 09:45:00+05:30,2874.3,2887.4,2870.5,2879.0,6470
2025-09-02 10:00:00+05:30,2879.0,2881.0,2865.5,2865.5,4389
2025-09-02 10:15:00+05:30,2865.5,2880.0,2865.5,2875.8,2761
2025-09-02 10:30:00+05:30,2875.8,2879.4,2873.5,2873.5,2076
2025-09-02 10:45:00+05:30,2873.5,2910.0,2873.5,2903.3,23454
2025-09-02 11:00:00+05:30,2903.3,2915.8,2894.1,2898.0,11982
2025-09-02 11:15:00+05:30,2896.6,2898.6,2892.5,2897.6,4695
2025-09-02 11:30:00+05:30,2897.4,2901.0,2894.9,2899.8,2568
2025-09-02 11:45:00+05:30,2899.8,2901.7,2896.4,2898.0,3630
2025-09-02 12:00:00+05:30,2896.2,2901.9,2895.1,2901.3,2265
2025-09-02 12:15:00+05:30,2901.3,2902.0,2898.0,2898.3,4103
2025-09-02 12:30:00+05:30,2899.9,2900.0,2893.2,2896.2,2397
2025-09-02 12:45:00+05:30,2896.6,2898.7,2876.0,2885.5,13812
2025-09-02 13:00:00+05:30,2885.5,2890.7,2880.0,2884.4,3301
2025-09-02 13:15:00+05:30,2886.0,2895.0,2885.2,2887.3,4045
2025-09-02 13:30:00+05:30,2887.7,2890.3,2885.1,2890.3,2626
2025-09-02 13:45:00+05:30,2888.9,2893.2,2887.2,2893.0,2678
2025-09-02 14:00:00+05:30,2893.0,2893.0,2880.4,2882.8,4491
2025-09-02 14:15:00+05:30,2882.4,2887.0,2876.2,2883.7,5751
2025-09-02 14:30:00+05:30,2883.7,2890.0,2882.3,2888.1,4165
2025-09-02 14:45:00+05:30,2888.1,2890.0,2885.3,2886.0,2925
2025-09-02 15:00:00+05:30,2886.0,2892.0,2885.6,2889.5,5602
2025-09-02 15:15:00+05:30,2889.4,2899.5,2886.1,2890.5,9151
2025-09-02 15:30:00+05:30,2892.4,2905.0,2890.6,2894.0,39079
2025-09-03 09:30:00+05:30,2896.7,2900.4,2870.0,2877.9,14597
2025-09-03 09:45:00+05:30,2879.4,2882.2,2860.0,2865.3,12178
2025-09-03 10:00:00+05:30,2865.2,2889.0,2861.2,2888.3,8956
2025-09-03 10:15:00+05:30,2887.3,2892.8,2869.1,2875.0,7748
2025-09-03 10:30:00+05:30,2875.5,2912.4,2870.3,2905.7,16006
2025-09-03 10:45:00+05:30,2905.7,2923.2,2905.7,2910.7,17006
2025-09-03 11:00:00+05:30,2910.7,2917.0,2900.0,2908.5,11522
2025-09-03 11:15:00+05:30,2909.9,2949.0,2908.9,2940.6,23109
2025-09-03 11:30:00+05:30,2940.1,2941.5,2926.2,2937.8,22614
2025-09-03 11:45:00+05:30,2937.8,2942.5,2933.9,2940.4,10438
2025-09-03 12:00:00+05:30,2942.0,2942.0,2931.0,2933.8,6189
2025-09-03 12:15:00+05:30,2933.8,2939.3,2932.7,2936.7,3511
2025-09-03 12:30:00+05:30,2936.7,2938.0,2920.4,2923.3,8349
2025-09-03 12:45:00+05:30,2923.3,2924.4,2915.7,2921.2,6303
2025-09-03 13:00:00+05:30,2921.2,2924.9,2912.0,2916.0,7689
2025-09-03 13:15:00+05:30,2916.0,2924.4,2912.7,2920.7,4806
2025-09-03 13:30:00+05:30,2920.7,2925.3,2912.6,2914.9,5631
2025-09-03 13:45:00+05:30,2914.9,2917.6,2905.0,2908.5,9277
2025-09-03 14:00:00+05:30,2908.6,2916.7,2908.6,2912.0,4179
2025-09-03 14:15:00+05:30,2912.0,2912.3,2907.1,2910.9,4377
2025-09-03 14:30:00+05:30,2910.9,2912.9,2908.0,2912.0,3505
2025-09-03 14:45:00+05:30,2912.5,2912.8,2908.5,2909.9,2565
2025-09-03 15:00:00+05:30,2908.7,2915.7,2908.7,2913.6,6548
2025-09-03 15:15:00+05:30,2913.6,2913.8,2900.5,2901.2,15433
2025-09-03 15:30:00+05:30,2900.9,2906.0,2890.0,2899.2,13436
2025-09-04 09:30:00+05:30,2909.0,2914.8,2869.1,2872.7,16322
2025-09-04 09:45:00+05:30,2872.7,2883.8,2871.2,2879.8,5215
2025-09-04 10:00:00+05:30,2879.8,2903.0,2876.4,2893.0,6858
2025-09-04 10:15:00+05:30,2893.2,2898.9,2886.9,2890.2,1994
2025-09-04 10:30:00+05:30,2891.0,2894.2,2887.0,2887.1,1783
2025-09-04 10:45:00+05:30,2887.0,2888.1,2880.0,2880.0,3663
2025-09-04 11:00:00+05:30,2881.1,2887.1,2880.1,2884.5,1572
2025-09-04 11:15:00+05:30,2884.9,2890.4,2875.0,2877.8,5789
2025-09-04 11:30:00+05:30,2877.8,2880.0,2873.0,2875.0,6433
2025-09-04 11:45:00+05:30,2875.0,2877.5,2865.1,2870.9,6749
2025-09-04 12:00:00+05:30,2870.8,2870.8,2865.0,2866.5,2462
2025-09-04 12:15:00+05:30,2866.5,2868.9,2857.0,2859.3,7331
2025-09-04 12:30:00+05:30,2858.0,2860.6,2855.5,2856.7,3180
2025-09-04 12:45:00+05:30,2856.7,2862.7,2856.0,2856.5,3638
2025-09-04 13:00:00+05:30,2856.5,2857.1,2840.0,2844.0,8786
2025-09-04 13:15:00+05:30,2844.0,2846.9,2835.0,2840.9,11461
2025-09-04 13:30:00+05:30,2840.9,2844.9,2840.0,2840.0,4477
2025-09-04 13:45:00+05:30,2840.0,2847.4,2839.7,2842.0,5279
2025-09-04 14:00:00+05:30,2840.2,2842.6,2835.8,2837.3,4925
2025-09-04 14:15:00+05:30,2840.9,2840.9,2819.1,2822.5,12268
2025-09-04 14:30:00+05:30,2823.8,2836.5,2822.6,2831.4,4363
2025-09-04 14:45:00+05:30,2830.7,2857.5,2830.0,2853.6,16397
2025-09-04 15:00:00+05:30,2853.1,2854.6,2840.6,2840.9,6021
2025-09-04 15:15:00+05:30,2840.9,2852.1,2836.9,2839.9,11268
2025-09-04 15:30:00+05:30,2839.9,2840.0,2833.5,2838.0,12586
2025-09-05 09:30:00+05:30,2847.0,2860.0,2820.0,2828.1,7241
2025-09-05 09:45:00+05:30,2828.1,2833.7,2821.0,2822.0,5041
2025-09-05 10:00:00+05:30,2821.2,2838.4,2821.1,2837.0,3288
2025-09-05 10:15:00+05:30,2836.9,2855.9,2832.1,2845.5,8853
2025-09-05 10:30:00+05:30,2845.8,2847.6,2834.2,2843.4,4222
2025-09-05 10:45:00+05:30,2843.4,2843.4,2826.0,2826.0,3407
2025-09-05 11:00:00+05:30,2828.3,2835.8,2821.2,2822.2,3319
2025-09-05 11:15:00+05:30,2822.2,2825.0,2810.5,2810.5,10722
2025-09-05 11:30:00+05:30,2810.6,2813.4,2810.5,2811.3,3069
2025-09-05 11:45:00+05:30,2812.6,2822.7,2811.3,2816.5,4159
2025-09-05 12:00:00+05:30,2818.2,2818.4,2811.5,2811.6,2461
2025-09-05 12:15:00+05:30,2811.6,2819.9,2811.4,2814.4,2976
2025-09-05 12:30:00+05:30,2814.4,2820.3,2812.1,2816.3,2435
2025-09-05 12:45:00+05:30,2816.3,2818.8,2812.6,2815.3,2656
2025-09-05 13:00:00+05:30,2815.3,2815.6,2810.5,2812.1,2787
2025-09-05 13:15:00+05:30,2814.1,2814.8,2810.1,2810.3,1911
2025-09-05 13:30:00+05:30,2812.1,2814.4,2810.1,2811.7,2478
2025-09-05 13:45:00+05:30,2811.7,2815.0,2810.1,2810.5,2642
2025-09-05 14:00:00+05:30,2810.5,2817.3,2810.2,2815.6,6014
2025-09-05 14:15:00+05:30,2814.9,2817.9,2810.2,2815.6,6504
2025-09-05 14:30:00+05:30,2815.6,2825.0,2815.6,2819.8,3861
2025-09-05 14:45:00+05:30,2819.8,2821.0,2811.8,2815.2,8381
2025-09-05 15:00:00+05:30,2815.2,2820.0,2812.5,2815.0,13496
2025-09-05 15:15:00+05:30,2815.1,2815.1,2764.1,2770.0,29178
2025-09-05 15:30:00+05:30,2770.0,2799.0,2766.4,2799.0,19846
2025-09-08 09:30:00+05:30,2785.0,2805.9,2764.1,2792.1,26734
2025-09-08 09:45:00+05:30,2792.1,2809.3,2790.3,2807.1,6302
2025-09-08 10:00:00+05:30,2809.0,2835.0,2803.6,2827.9,8973
2025-09-08 10:15:00+05:30,2827.9,2827.9,2808.2,2811.4,4653
2025-09-08 10:30:00+05:30,2811.4,2819.0,2794.1,2799.9,6838
2025-09-08 10:45:00+05:30,2799.9,2809.5,2790.0,2792.6,7548
2025-09-08 11:00:00+05:30,2793.9,2800.0,2789.0,2789.0,4077
2025-09-08 11:15:00+05:30,2789.0,2791.1,2782.6,2786.5,2231
2025-09-08 11:30:00+05:30,2786.5,2802.4,2781.1,2800.3,2824
2025-09-08 11:45:00+05:30,2800.2,2800.2,2789.2,2791.6,1742
2025-09-08 12:00:00+05:30,2792.1,2794.9,2785.5,2786.2,2234
2025-09-08 12:15:00+05:30,2786.2,2793.4,2783.4,2788.0,1679
2025-09-08 12:30:00+05:30,2789.1,2789.8,2771.0,2772.1,6817
2025-09-08 12:45:00+05:30,2772.3,2775.0,2768.4,2769.5,3567
2025-09-08 13:00:00+05:30,2769.5,2775.0,2768.6,2769.5,2483
2025-09-08 13:15:00+05:30,2769.5,2772.0,2760.5,2760.7,5171
2025-09-08 13:30:00+05:30,2761.8,2763.0,2750.1,2754.8,5626
2025-09-08 13:45:00+05:30,2755.3,2760.0,2755.0,2758.5,4665
2025-09-08 14:00:00+05:30,2759.0,2771.4,2757.0,2764.5,2889
2025-09-08 14:15:00+05:30,2764.0,2771.1,2763.1,2765.0,4116
2025-09-08 14:30:00+05:30,2765.5,2771.9,2759.5,2760.4,8843
2025-09-08 14:45:00+05:30,2760.3,2773.0,2759.9,2770.0,1514
2025-09-08 15:00:00+05:30,2771.1,2773.0,2763.2,2764.2,3736
2025-09-08 15:15:00+05:30,2764.3,2767.3,2760.0,2763.0,9222
2025-09-08 15:30:00+05:30,2762.9,2770.0,2751.2,2760.0,14084
2025-09-09 09:30:00+05:30,2755.0,2786.5,2755.0,2769.3,5358
2025-09-09 09:45:00+05:30,2770.3,2778.2,2760.0,2761.8,3494
2025-09-09 10:00:00+05:30,2761.0,2764.5,2756.4,2759.3,2166
2025-09-09 10:15:00+05:30,2759.2,2763.5,2751.2,2752.2,2492
2025-09-09 10:30:00+05:30,2751.5,2755.2,2741.8,2745.8,7408
2025-09-09 10:45:00+05:30,2745.8,2754.6,2745.0,2748.8,3183
2025-09-09 11:00:00+05:30,2748.8,2754.6,2746.0,2750.0,1765
2025-09-09 11:15:00+05:30,2749.6,2750.0,2740.1,2745.1,8393
2025-09-09 11:30:00+05:30,2745.2,2746.5,2743.3,2743.3,2535
2025-09-09 11:45:00+05:30,2744.0,2750.3,2736.6,2745.3,8691
2025-09-09 12:00:00+05:30,2745.5,2746.1,2738.6,2738.9,2918
2025-09-09 12:15:00+05:30,2739.0,2740.2,2726.3,2732.4,5153
2025-09-09 12:30:00+05:30,2732.4,2735.6,2724.6,2735.3,4761
2025-09-09 12:45:00+05:30,2735.3,2740.0,2734.6,2737.7,1498
2025-09-09 13:00:00+05:30,2737.7,2738.9,2730.0,2733.7,2121
2025-09-09 13:15:00+05:30,2733.0,2734.2,2731.0,2733.5,1034
2025-09-09 13:30:00+05:30,2733.5,2739.0,2732.6,2738.8,1126
2025-09-09 13:45:00+05:30,2738.8,2742.0,2737.3,2737.3,2528
2025-09-09 14:00:00+05:30,2737.3,2740.0,2732.8,2734.5,2257
2025-09-09 14:15:00+05:30,2735.0,2738.0,2732.3,2734.2,7312
2025-09-09 14:30:00+05:30,2734.3,2737.8,2732.3,2736.8,3015
2025-09-09 14:45:00+05:30,2735.0,2743.0,2732.6,2735.7,7498
2025-09-09 15:00:00+05:30,2737.1,2749.7,2735.0,2741.0,11290
2025-09-09 15:15:00+05:30,2742.6,2765.5,2739.8,2756.7,20239
2025-09-09 15:30:00+05:30,2756.9,2769.0,2751.4,2760.0,20318
2025-09-10 09:30:00+05:30,2757.7,2790.0,2740.0,2749.7,14849
2025-09-10 09:45:00+05:30,2749.7,2752.9,2741.7,2743.5,10162
2025-09-10 10:00:00+05:30,2743.6,2743.6,2725.1,2727.3,11453
2025-09-10 10:15:00+05:30,2726.5,2726.6,2716.0,2721.5,11826
2025-09-10 10:30:00+05:30,2721.5,2721.5,2711.0,2712.3,12860
2025-09-10 10:45:00+05:30,2712.3,2739.9,2712.1,2736.2,17350
2025-09-10 11:00:00+05:30,2735.5,2738.8,2721.1,2735.0,21281
2025-09-10 11:15:00+05:30,2733.4,2738.7,2731.6,2735.0,8783
2025-09-10 11:30:00+05:30,2735.0,2739.5,2726.1,2727.3,15678
2025-09-10 11:45:00+05:30,2727.3,2733.6,2725.0,2730.0,9502
2025-09-10 12:00:00+05:30,2730.0,2735.0,2728.9,2732.4,11817
2025-09-10 12:15:00+05:30,2732.4,2737.1,2731.0,2736.3,10719
2025-09-10 12:30:00+05:30,2737.8,2753.4,2736.9,2751.0,13625
2025-09-10 12:45:00+05:30,2751.9,2799.0,2751.5,2796.5,32568
2025-09-10 13:00:00+05:30,2796.5,2803.3,2772.0,2780.1,36104
2025-09-10 13:15:00+05:30,2780.1,2780.7,2755.3,2760.0,32175
2025-09-10 13:30:00+05:30,2758.2,2764.0,2745.6,2746.8,60438
2025-09-10 13:45:00+05:30,2746.7,2750.0,2742.1,2746.1,17626
2025-09-10 14:00:00+05:30,2745.5,2749.0,2744.5,2745.2,30998
2025-09-10 14:15:00+05:30,2745.3,2805.4,2745.0,2791.4,61423
2025-09-10 14:30:00+05:30,2790.4,2801.0,2780.2,2799.5,16499
2025-09-10 14:45:00+05:30,2799.5,2819.9,2799.5,2819.9,16509
2025-09-10 15:00:00+05:30,2819.9,2832.8,2804.9,2805.6,51198
2025-09-10 15:15:00+05:30,2805.6,2814.8,2804.8,2811.8,30486
2025-09-10 15:30:00+05:30,2811.8,2815.7,2801.0,2806.0,22829
2025-09-11 09:30:00+05:30,2810.5,2843.0,2810.5,2824.3,17843
2025-09-11 09:45:00+05:30,2824.3,2824.6,2808.9,2814.2,6050
2025-09-11 10:00:00+05:30,2814.2,2821.0,2805.7,2815.8,4160
2025-09-11 10:15:00+05:30,2816.3,2834.7,2811.5,2830.0,5423
2025-09-11 10:30:00+05:30,2830.0,2854.8,2827.6,2836.5,12612
2025-09-11 10:45:00+05:30,2837.9,2848.2,2836.4,2838.9,4702
2025-09-11 11:00:00+05:30,2839.2,2840.0,2832.0,2834.0,3429
2025-09-11 11:15:00+05:30,2834.0,2839.2,2831.6,2835.2,2467
2025-09-11 11:30:00+05:30,2835.2,2837.5,2830.1,2835.0,1846
2025-09-11 11:45:00+05:30,2835.2,2835.9,2828.9,2830.6,3052
2025-09-11 12:00:00+05:30,2830.7,2836.9,2824.8,2831.2,4199
2025-09-11 12:15:00+05:30,2834.8,2856.6,2830.0,2852.4,8747
2025-09-11 12:30:00+05:30,2852.6,2854.6,2848.0,2848.8,3515
2025-09-11 12:45:00+05:30,2848.8,2858.0,2847.3,2851.2,6078
2025-09-11 13:00:00+05:30,2851.2,2855.0,2849.7,2850.5,2130
2025-09-11 13:15:00+05:30,2850.9,2854.2,2846.5,2852.3,7572
2025-09-11 13:30:00+05:30,2851.0,2858.0,2849.9,2856.8,3557
2025-09-11 13:45:00+05:30,2856.9,2868.1,2855.8,2862.0,10834
2025-09-11 14:00:00+05:30,2862.7,2874.0,2856.5,2872.8,10422
2025-09-11 14:15:00+05:30,2872.8,2874.8,2870.0,2871.8,6524
2025-09-11 14:30:00+05:30,2872.2,2892.0,2870.0,2888.2,15952
2025-09-11 14:45:00+05:30,2887.9,2888.3,2880.0,2880.8,7852
2025-09-11 15:00:00+05:30,2880.8,2887.9,2880.8,2885.0,5491
2025-09-11 15:15:00+05:30,2884.8,2889.4,2881.7,2884.9,13489
2025-09-11 15:30:00+05:30,2884.8,2885.0,2861.6,2873.0,21497
2025-09-12 09:30:00+05:30,2862.0,2886.1,2850.6,2862.5,9864
2025-09-12 09:45:00+05:30,2862.5,2868.2,2848.0,2860.0,3895
2025-09-12 10:00:00+05:30,2860.0,2862.2,2853.4,2853.8,1716
2025-09-12 10:15:00+05:30,2854.8,2873.0,2854.0,2873.0,3516
2025-09-12 10:30:00+05:30,2874.0,2875.0,2870.0,2870.0,5967
2025-09-12 10:45:00+05:30,2870.0,2883.5,2870.0,2880.0,18758
2025-09-12 11:00:00+05:30,2880.0,2881.8,2878.7,2880.0,37536
2025-09-12 11:15:00+05:30,2880.3,2885.9,2880.0,2880.0,22238
2025-09-12 11:30:00+05:30,2881.0,2881.2,2865.6,2880.0,27462
2025-09-12 11:45:00+05:30,2880.1,2896.0,2880.0,2890.5,23429
2025-09-12 12:00:00+05:30,2892.2,2903.4,2888.2,2893.7,45148
2025-09-12 12:15:00+05:30,2893.0,2897.5,2878.0,2882.1,11371
2025-09-12 12:30:00+05:30,2882.2,2891.8,2882.1,2887.3,6189
2025-09-12 12:45:00+05:30,2887.3,2890.4,2884.1,2887.0,6244
2025-09-12 13:00:00+05:30,2887.0,2890.3,2881.4,2887.8,6235
2025-09-12 13:15:00+05:30,2887.8,2891.4,2882.9,2886.0,8004
2025-09-12 13:30:00+05:30,2886.0,2890.5,2884.0,2889.7,7153
2025-09-12 13:45:00+05:30,2890.5,2893.8,2888.3,2889.5,7543
2025-09-12 14:00:00+05:30,2889.5,2900.0,2886.2,2893.0,30636
2025-09-12 14:15:00+05:30,2893.0,2896.5,2888.1,2892.9,8860
2025-09-12 14:30:00+05:30,2892.9,2894.7,2877.0,2877.0,8538
2025-09-12 14:45:00+05:30,2876.4,2884.1,2875.9,2880.6,13950
2025-09-12 15:00:00+05:30,2880.0,2880.8,2866.0,2874.9,11184
2025-09-12 15:15:00+05:30,2874.9,2875.1,2868.6,2870.5,6995
2025-09-12 15:30:00+05:30,2870.1,2875.0,2865.1,2866.6,21368
2025-09-15 09:30:00+05:30,2904.0,2939.0,2904.0,2923.0,46200
2025-09-15 09:45:00+05:30,2924.1,2934.0,2916.8,2919.4,16812
2025-09-15 10:00:00+05:30,2919.3,2938.8,2916.1,2935.8,20267
2025-09-15 10:15:00+05:30,2935.0,2947.0,2928.7,2932.7,24747
2025-09-15 10:30:00+05:30,2934.1,2935.0,2930.0,2931.9,5086
2025-09-15 10:45:00+05:30,2932.1,2941.8,2930.4,2939.7,9467
2025-09-15 11:00:00+05:30,2939.8,2940.0,2933.8,2936.6,5183
2025-09-15 11:15:00+05:30,2936.7,2937.7,2927.1,2931.8,52530
2025-09-15 11:30:00+05:30,2930.8,2939.8,2928.0,2929.9,23557
2025-09-15 11:45:00+05:30,2930.0,2936.4,2927.6,2934.7,18002
2025-09-15 12:00:00+05:30,2934.7,2938.9,2932.3,2935.2,7344
2025-09-15 12:15:00+05:30,2935.8,2953.0,2935.8,2939.0,53594
2025-09-15 12:30:00+05:30,2940.0,2951.0,2939.0,2941.9,7941
2025-09-15 12:45:00+05:30,2941.9,2943.0,2927.6,2934.0,30795
2025-09-15 13:00:00+05:30,2934.0,2949.0,2930.0,2947.7,14668
2025-09-15 13:15:00+05:30,2947.7,2954.8,2939.7,2942.8,74541
2025-09-15 13:30:00+05:30,2942.8,2951.9,2941.8,2949.9,16490
2025-09-15 13:45:00+05:30,2950.0,2950.9,2945.2,2945.6,12836
2025-09-15 14:00:00+05:30,2945.6,2952.7,2944.0,2948.8,9281
2025-09-15 14:15:00+05:30,2948.8,2958.0,2948.8,2956.1,13939
2025-09-15 14:30:00+05:30,2956.1,2959.0,2950.1,2955.6,10849
2025-09-15 14:45:00+05:30,2955.6,2978.0,2952.3,2975.0,59901
2025-09-15 15:00:00+05:30,2975.0,2986.8,2971.7,2985.0,43113
2025-09-15 15:15:00+05:30,2984.9,2986.6,2977.8,2980.0,49947
2025-09-15 15:30:00+05:30,2979.8,2985.8,2976.6,2985.0,75881
2025-09-16 09:30:00+05:30,2986.6,3021.0,2980.6,3009.1,80100
2025-09-16 09:45:00+05:30,3010.0,3014.9,2988.4,2992.0,24385
2025-09-16 10:00:00+05:30,2992.5,3006.8,2989.6,3004.1,14839
2025-09-16 10:15:00+05:30,3004.1,3013.0,2999.0,3000.0,28187
2025-09-16 10:30:00+05:30,3000.0,3000.0,2975.0,2981.1,20898
2025-09-16 10:45:00+05:30,2980.6,2992.8,2978.0,2992.0,10762
2025-09-16 11:00:00+05:30,2992.0,3008.0,2990.6,3005.0,11868
2025-09-16 11:15:00+05:30,3005.4,3017.0,3001.2,3012.2,27232
2025-09-16 11:30:00+05:30,3012.9,3014.7,3003.5,3011.3,8636
2025-09-16 11:45:00+05:30,3011.3,3011.8,3007.0,3010.0,5277
2025-09-16 12:00:00+05:30,3010.0,3012.2,3006.6,3009.0,11607
2025-09-16 12:15:00+05:30,3009.0,3009.5,2998.0,3009.5,22357
2025-09-16 12:30:00+05:30,3009.5,3012.0,2998.5,3000.0,9952
2025-09-16 12:45:00+05:30,3000.0,3000.0,2993.3,2994.4,7281
2025-09-16 13:00:00+05:30,2993.9,3007.8,2988.6,3007.1,10589
2025-09-16 13:15:00+05:30,3007.2,3008.6,2998.5,2999.6,8221
2025-09-16 13:30:00+05:30,2999.6,3007.7,2998.5,3005.9,14872
2025-09-16 13:45:00+05:30,3005.9,3009.7,3002.9,3004.9,4052
2025-09-16 14:00:00+05:30,3002.9,3006.0,3001.7,3003.4,2814
2025-09-16 14:15:00+05:30,3002.5,3009.3,2997.9,3000.0,26191
2025-09-16 14:30:00+05:30,3000.0,3000.6,2987.7,2988.0,19937
2025-09-16 14:45:00+05:30,2988.9,2997.8,2966.6,2997.4,23920
2025-09-16 15:00:00+05:30,2996.9,3004.0,2987.7,3001.7,11287
2025-09-16 15:15:00+05:30,3002.4,3002.4,2985.4,2996.3,18321
2025-09-16 15:30:00+05:30,2998.2,2999.9,2988.4,2990.0,21764
2025-09-17 09:30:00+05:30,3000.9,3009.7,2980.6,2998.8,20139
2025-09-17 09:45:00+05:30,2999.0,3010.0,2982.0,3008.0,23082
2025-09-17 10:00:00+05:30,3008.0,3016.9,2993.0,3005.8,25292
2025-09-17 10:15:00+05:30,3005.8,3010.0,2990.4,2996.9,12019
2025-09-17 10:30:00+05:30,2996.9,2997.0,2990.8,2991.9,3610
2025-09-17 10:45:00+05:30,2991.9,3000.0,2991.9,2996.0,8445
2025-09-17 11:00:00+05:30,2996.2,3000.0,2991.1,2998.6,6203
2025-09-17 11:15:00+05:30,2998.3,3000.8,2994.4,3000.6,3506
2025-09-17 11:30:00+05:30,3000.6,3005.7,3000.6,3001.6,2270
2025-09-17 11:45:00+05:30,3002.9,3005.0,3001.7,3002.5,4026
2025-09-17 12:00:00+05:30,3003.7,3003.8,2986.0,2988.7,6309
2025-09-17 12:15:00+05:30,2988.7,3004.7,2986.4,3003.9,8410
2025-09-17 12:30:00+05:30,3003.0,3015.0,3003.0,3013.6,12766
2025-09-17 12:45:00+05:30,3012.2,3013.4,3010.2,3012.7,2971
2025-09-17 13:00:00+05:30,3012.7,3012.8,3005.9,3012.8,5543
2025-09-17 13:15:00+05:30,3012.8,3015.0,3009.1,3015.0,3852
2025-09-17 13:30:00+05:30,3015.0,3015.0,3007.1,3009.0,2767
2025-09-17 13:45:00+05:30,3009.0,3009.0,3003.9,3006.0,3238
2025-09-17 14:00:00+05:30,3006.0,3008.0,3003.0,3007.2,6866
2025-09-17 14:15:00+05:30,3006.9,3007.0,2993.5,3001.0,4972
2025-09-17 14:30:00+05:30,2999.8,3004.9,2999.5,3004.6,4050
2025-09-17 14:45:00+05:30,3004.6,3007.2,3002.6,3005.7,3564
2025-09-17 15:00:00+05:30,3005.8,3011.9,2999.9,3010.2,9696
2025-09-17 15:15:00+05:30,3010.2,3014.0,3007.9,3011.0,9892
2025-09-17 15:30:00+05:30,3011.0,3015.0,3005.0,3005.0,20146
2025-09-18 09:30:00+05:30,3014.1,3015.0,2993.1,2999.0,13688
2025-09-18 09:45:00+05:30,2997.5,2999.0,2988.0,2996.7,10666
2025-09-18 10:00:00+05:30,2996.7,2997.9,2990.0,2991.9,3041
2025-09-18 10:15:00+05:30,2990.4,2996.0,2988.0,2993.3,3057
2025-09-18 10:30:00+05:30,2993.3,2996.0,2990.0,2995.2,2462
2025-09-18 10:45:00+05:30,2995.2,3004.0,2978.3,2998.9,11531
2025-09-18 11:00:00+05:30,2996.8,3008.0,2996.8,3004.1,8025
2025-09-18 11:15:00+05:30,3001.1,3011.0,3001.0,3011.0,11465
2025-09-18 11:30:00+05:30,3011.0,3014.0,3009.3,3014.0,6344
2025-09-18 11:45:00+05:30,3014.0,3019.0,3010.0,3015.7,24469
2025-09-18 12:00:00+05:30,3015.7,3019.0,3013.3,3018.0,9610
2025-09-18 12:15:00+05:30,3018.0,3035.7,3014.2,3027.0,16623
2025-09-18 12:30:00+05:30,3027.0,3031.0,3015.0,3019.0,6484
2025-09-18 12:45:00+05:30,3018.0,3021.6,3005.1,3009.8,66413
2025-09-18 13:00:00+05:30,3009.7,3015.0,3005.8,3007.8,47202
2025-09-18 13:15:00+05:30,3006.3,3008.5,3006.0,3007.8,2751
2025-09-18 13:30:00+05:30,3007.8,3011.1,3002.0,3010.6,18779
2025-09-18 13:45:00+05:30,3011.1,3019.9,3009.1,3019.7,4241
2025-09-18 14:00:00+05:30,3019.7,3021.7,3014.8,3017.6,2280
2025-09-18 14:15:00+05:30,3016.7,3018.4,3011.0,3011.5,1948
2025-09-18 14:30:00+05:30,3011.5,3013.0,3007.8,3011.0,7154
2025-09-18 14:45:00+05:30,3011.0,3012.0,3005.0,3008.0,12664
2025-09-18 15:00:00+05:30,3007.8,3013.0,3003.1,3010.7,19447
2025-09-18 15:15:00+05:30,3011.3,3012.0,3008.7,3010.0,8454
2025-09-18 15:30:00+05:30,3010.0,3011.0,3009.0,3010.0,19358
2025-09-19 09:30:00+05:30,3016.9,3039.3,3003.0,3035.8,25057
2025-09-19 09:45:00+05:30,3035.8,3046.1,3030.3,3032.8,36876
2025-09-19 10:00:00+05:30,3031.2,3033.5,3023.0,3029.4,12553
2025-09-19 10:15:00+05:30,3029.4,3038.7,3025.5,3036.9,8397
2025-09-19 10:30:00+05:30,3036.5,3039.0,3035.0,3038.7,5519
2025-09-19 10:45:00+05:30,3038.9,3039.0,3027.0,3028.2,6603
2025-09-19 11:00:00+05:30,3028.8,3030.0,3023.7,3026.8,6055
2025-09-19 11:15:00+05:30,3026.6,3029.3,3022.2,3026.5,3995
2025-09-19 11:30:00+05:30,3026.5,3030.0,3022.5,3027.4,4605
2025-09-19 11:45:00+05:30,3027.4,3028.5,3022.6,3023.9,1736
2025-09-19 12:00:00+05:30,3022.3,3030.3,3022.2,3028.4,6054
2025-09-19 12:15:00+05:30,3028.4,3031.0,3025.0,3027.5,3554
2025-09-19 12:30:00+05:30,3027.5,3032.0,3022.8,3025.0,76001
2025-09-19 12:45:00+05:30,3025.1,3029.5,3023.8,3026.8,2330
2025-09-19 13:00:00+05:30,3026.8,3034.7,3021.0,3034.6,44906
2025-09-19 13:15:00+05:30,3034.7,3039.0,3027.1,3030.0,6273
2025-09-19 13:30:00+05:30,3030.0,3037.0,3029.1,3036.7,2871
2025-09-19 13:45:00+05:30,3036.9,3036.9,3031.2,3031.2,5229
2025-09-19 14:00:00+05:30,3034.0,3035.1,3033.4,3035.0,2216
2025-09-19 14:15:00+05:30,3035.1,3039.0,3032.0,3035.0,11554
2025-09-19 14:30:00+05:30,3033.2,3040.2,3027.5,3036.6,28375
2025-09-19 14:45:00+05:30,3037.5,3051.0,3037.5,3049.9,36930
2025-09-19 15:00:00+05:30,3051.0,3067.0,3044.0,3051.6,88189
2025-09-19 15:15:00+05:30,3051.7,3058.4,3045.2,3052.2,51251
2025-09-19 15:30:00+05:30,3052.4,3060.0,3035.9,3060.0,62668
2025-09-22 09:30:00+05:30,3060.7,3062.0,3032.8,3037.6,10272
2025-09-22 09:45:00+05:30,3037.6,3059.0,3035.3,3039.3,6219
2025-09-22 10:00:00+05:30,3039.3,3052.5,3032.0,3037.2,5578
2025-09-22 10:15:00+05:30,3039.1,3040.7,3033.7,3035.5,1260
2025-09-22 10:30:00+05:30,3035.5,3039.7,3033.2,3038.3,1929
2025-09-22 10:45:00+05:30,3038.3,3040.4,3034.5,3036.8,1570
2025-09-22 11:00:00+05:30,3036.8,3042.2,3035.2,3037.8,1135
2025-09-22 11:15:00+05:30,3037.8,3044.4,3035.1,3043.5,2084
2025-09-22 11:30:00+05:30,3043.5,3044.1,3037.0,3038.0,1242
2025-09-22 11:45:00+05:30,3037.7,3041.3,3037.0,3040.2,929
2025-09-22 12:00:00+05:30,3040.2,3042.5,3035.0,3039.1,1475
2025-09-22 12:15:00+05:30,3040.4,3042.2,3036.4,3039.9,879
2025-09-22 12:30:00+05:30,3038.3,3040.2,3019.5,3026.6,5550
2025-09-22 12:45:00+05:30,3028.0,3033.0,3025.1,3031.5,2633
2025-09-22 13:00:00+05:30,3033.0,3035.0,3028.8,3035.0,733
2025-09-22 13:15:00+05:30,3035.0,3036.0,3032.7,3034.2,665
2025-09-22 13:30:00+05:30,3035.7,3036.0,3018.4,3020.0,4690
2025-09-22 13:45:00+05:30,3020.0,3021.7,3011.2,3012.7,2325
2025-09-22 14:00:00+05:30,3012.7,3024.6,3010.0,3018.1,3571
2025-09-22 14:15:00+05:30,3018.8,3040.0,3013.8,3020.4,4883
2025-09-22 14:30:00+05:30,3020.7,3023.4,3018.0,3018.6,2706
2025-09-22 14:45:00+05:30,3018.2,3026.1,3018.0,3023.8,3842
2025-09-22 15:00:00+05:30,3025.6,3029.0,3019.1,3027.9,5559
2025-09-22 15:15:00+05:30,3028.1,3034.9,3028.0,3030.0,9322
2025-09-22 15:30:00+05:30,3030.5,3030.9,3020.0,3024.9,13100
2025-09-23 09:30:00+05:30,3030.7,3034.0,3001.0,3011.1,10922
2025-09-23 09:45:00+05:30,3011.1,3013.0,3008.0,3009.0,1968
2025-09-23 10:00:00+05:30,3009.0,3011.9,2985.7,2992.9,8940
2025-09-23 10:15:00+05:30,2992.9,2993.9,2986.0,2992.2,4011
2025-09-23 10:30:00+05:30,2992.1,3004.6,2988.2,3003.8,6934
2025-09-23 10:45:00+05:30,3003.8,3003.8,2991.5,2996.6,2342
2025-09-23 11:00:00+05:30,2996.6,3000.0,2992.9,2998.0,2621
2025-09-23 11:15:00+05:30,2999.1,3000.5,2991.0,2992.4,3465
2025-09-23 11:30:00+05:30,2992.4,2995.9,2987.8,2993.6,2093
2025-09-23 11:45:00+05:30,2993.8,2993.8,2991.0,2991.2,1570
2025-09-23 12:00:00+05:30,2991.3,2993.9,2990.0,2991.0,1624
2025-09-23 12:15:00+05:30,2991.0,2992.2,2986.2,2986.4,1585
2025-09-23 12:30:00+05:30,2987.9,2989.5,2982.1,2986.6,2725
2025-09-23 12:45:00+05:30,2987.0,2989.7,2985.0,2986.2,1925
2025-09-23 13:00:00+05:30,2986.2,2988.6,2985.5,2986.1,1455
2025-09-23 13:15:00+05:30,2987.4,2989.6,2982.4,2984.7,3748
2025-09-23 13:30:00+05:30,2984.7,2994.1,2984.0,2986.6,2733
2025-09-23 13:45:00+05:30,2986.9,2994.2,2986.0,2989.5,2078
2025-09-23 14:00:00+05:30,2991.0,2992.8,2982.1,2982.2,3147
2025-09-23 14:15:00+05:30,2982.2,2990.4,2975.0,2975.0,10320
2025-09-23 14:30:00+05:30,2975.0,2986.3,2971.1,2980.8,6294
2025-09-23 14:45:00+05:30,2980.8,2983.2,2968.7,2970.1,5266
2025-09-23 15:00:00+05:30,2970.1,2973.2,2962.5,2965.3,8500
2025-09-23 15:15:00+05:30,2965.3,2966.6,2954.9,2955.3,10772
2025-09-23 15:30:00+05:30,2955.0,2973.9,2946.8,2962.0,17813
2025-09-24 09:30:00+05:30,2979.9,2979.9,2932.0,2966.1,15465
2025-09-24 09:45:00+05:30,2967.0,2978.0,2951.0,2957.9,8317
2025-09-24 10:00:00+05:30,2958.6,2964.0,2952.6,2960.6,4784
2025-09-24 10:15:00+05:30,2962.5,2969.0,2959.0,2965.7,2364
2025-09-24 10:30:00+05:30,2966.8,2970.0,2950.6,2950.8,5365
2025-09-24 10:45:00+05:30,2952.4,2952.4,2940.0,2941.9,2646
2025-09-24 11:00:00+05:30,2941.9,2946.5,2938.0,2940.0,5160
2025-09-24 11:15:00+05:30,2940.1,2941.4,2930.5,2937.0,4075
2025-09-24 11:30:00+05:30,2937.0,2943.9,2930.5,2933.0,3060
2025-09-24 11:45:00+05:30,2933.0,2939.3,2932.6,2934.6,2034
2025-09-24 12:00:00+05:30,2934.6,2950.5,2930.9,2930.9,2480
2025-09-24 12:15:00+05:30,2930.5,2944.0,2925.0,2942.1,6885
2025-09-24 12:30:00+05:30,2941.5,2944.5,2937.5,2937.5,1892
2025-09-24 12:45:00+05:30,2939.2,2956.4,2937.6,2953.8,6466
2025-09-24 13:00:00+05:30,2954.6,2960.5,2953.4,2956.3,2542
2025-09-24 13:15:00+05:30,2955.6,2961.8,2952.9,2958.5,3704
2025-09-24 13:30:00+05:30,2959.7,2974.0,2955.0,2972.6,6239
2025-09-24 13:45:00+05:30,2974.0,2977.0,2970.1,2976.0,3100
2025-09-24 14:00:00+05:30,2976.0,2985.0,2974.1,2985.0,5131
2025-09-24 14:15:00+05:30,2984.7,2984.7,2966.3,2968.0,5284
2025-09-24 14:30:00+05:30,2969.4,2974.9,2964.2,2974.3,3531
2025-09-24 14:45:00+05:30,2974.3,2974.9,2963.4,2966.1,2379
2025-09-24 15:00:00+05:30,2966.1,2975.3,2963.1,2967.0,5345
2025-09-24 15:15:00+05:30,2967.9,2972.0,2965.5,2970.0,7997
2025-09-24 15:30:00+05:30,2970.9,2974.9,2963.6,2967.0,11613
2025-09-25 09:30:00+05:30,2969.4,3037.8,2969.4,3017.5,62846
2025-09-25 09:45:00+05:30,3017.5,3021.0,2995.0,2998.1,23544
2025-09-25 10:00:00+05:30,2998.1,3001.8,2995.6,3000.2,13583
2025-09-25 10:15:00+05:30,3000.8,3002.2,2996.2,2999.8,8341
2025-09-25 10:30:00+05:30,2999.8,3005.0,2997.2,3000.1,6653
2025-09-25 10:45:00+05:30,3000.1,3002.4,2998.0,3000.6,5753
2025-09-25 11:00:00+05:30,3001.2,3002.6,2997.4,2999.8,5616
2025-09-25 11:15:00+05:30,2999.8,3001.5,2997.0,2998.5,7233
2025-09-25 11:30:00+05:30,2998.2,3000.3,2984.3,2985.4,8986
2025-09-25 11:45:00+05:30,2986.0,2992.8,2980.2,2982.9,7807
2025-09-25 12:00:00+05:30,2982.9,2985.0,2980.1,2983.5,7325
2025-09-25 12:15:00+05:30,2983.5,2984.8,2965.3,2970.2,11530
2025-09-25 12:30:00+05:30,2970.2,2985.0,2970.0,2980.2,8969
2025-09-25 12:45:00+05:30,2980.7,2980.7,2965.5,2969.4,7150
2025-09-25 13:00:00+05:30,2969.4,2972.4,2961.0,2969.2,7180
2025-09-25 13:15:00+05:30,2970.3,2971.0,2968.6,2970.2,6795
2025-09-25 13:30:00+05:30,2970.2,2972.2,2967.4,2969.7,6479
2025-09-25 13:45:00+05:30,2969.5,2971.3,2966.1,2969.8,5738
2025-09-25 14:00:00+05:30,2969.5,2970.7,2967.2,2970.3,7455
2025-09-25 14:15:00+05:30,2970.3,2970.9,2968.1,2970.3,9475
2025-09-25 14:30:00+05:30,2970.0,2972.0,2969.6,2970.9,8118
2025-09-25 14:45:00+05:30,2970.3,2987.0,2968.0,2970.2,14281
2025-09-25 15:00:00+05:30,2970.3,2981.9,2969.4,2971.2,12660
2025-09-25 15:15:00+05:30,2969.7,2976.5,2953.0,2956.0,28603
2025-09-25 15:30:00+05:30,2957.2,2969.9,2952.0,2957.0,35063
2025-09-26 09:30:00+05:30,2965.0,2971.0,2904.5,2909.6,16490
2025-09-26 09:45:00+05:30,2909.6,2928.0,2898.5,2928.0,6363
2025-09-26 10:00:00+05:30,2928.0,2933.2,2925.0,2929.6,17768
2025-09-26 10:15:00+05:30,2928.2,2929.6,2913.0,2916.1,2678
2025-09-26 10:30:00+05:30,2917.1,2919.5,2910.0,2915.9,1472
2025-09-26 10:45:00+05:30,2915.9,2927.5,2913.0,2926.0,1295
2025-09-26 11:00:00+05:30,2925.7,2925.9,2920.0,2921.7,1613
2025-09-26 11:15:00+05:30,2921.6,2925.0,2918.5,2923.8,2419
2025-09-26 11:30:00+05:30,2923.8,2924.4,2918.5,2921.0,2355
2025-09-26 11:45:00+05:30,2921.0,2924.6,2920.0,2923.3,2216
2025-09-26 12:00:00+05:30,2923.4,2925.0,2921.7,2925.0,1174
2025-09-26 12:15:00+05:30,2925.0,2925.0,2918.1,2924.4,2441
2025-09-26 12:30:00+05:30,2924.4,2925.0,2921.9,2925.0,1354
2025-09-26 12:45:00+05:30,2925.0,2925.0,2920.5,2922.1,1573
2025-09-26 13:00:00+05:30,2923.0,2925.0,2921.0,2922.0,1725
2025-09-26 13:15:00+05:30,2921.0,2925.0,2921.0,2923.7,1669
2025-09-26 13:30:00+05:30,2923.7,2924.8,2912.6,2912.6,1980
2025-09-26 13:45:00+05:30,2912.6,2917.6,2907.6,2910.7,2492
2025-09-26 14:00:00+05:30,2910.7,2914.5,2906.6,2910.6,1794
2025-09-26 14:15:00+05:30,2910.5,2913.3,2908.2,2912.6,2532
2025-09-26 14:30:00+05:30,2912.6,2913.0,2906.0,2908.8,3734
2025-09-26 14:45:00+05:30,2909.5,2910.0,2907.1,2908.7,3990
2025-09-26 15:00:00+05:30,2908.7,2910.0,2894.9,2895.0,8475
2025-09-26 15:15:00+05:30,2895.0,2896.4,2876.9,2881.5,15916
2025-09-26 15:30:00+05:30,2881.5,2895.2,2872.9,2893.9,25920
2025-09-29 09:30:00+05:30,2894.3,2920.4,2892.0,2913.0,8021
2025-09-29 09:45:00+05:30,2912.2,2912.2,2899.4,2907.0,6664
2025-09-29 10:00:00+05:30,2907.0,2911.0,2905.0,2909.4,3215
2025-09-29 10:15:00+05:30,2909.1,2910.6,2904.0,2905.2,2333
2025-09-29 10:30:00+05:30,2905.2,2908.0,2896.2,2901.3,4970
2025-09-29 10:45:00+05:30,2901.3,2902.8,2890.1,2892.3,1705
2025-09-29 11:00:00+05:30,2892.3,2900.4,2889.0,2898.2,3878
2025-09-29 11:15:00+05:30,2896.3,2900.4,2896.2,2898.2,2780
2025-09-29 11:30:00+05:30,2898.2,2900.0,2893.0,2893.8,1329
2025-09-29 11:45:00+05:30,2893.8,2895.7,2885.0,2885.0,1116
2025-09-29 12:00:00+05:30,2885.0,2896.0,2881.3,2894.8,2185
2025-09-29 12:15:00+05:30,2895.3,2896.5,2888.1,2894.9,1341
2025-09-29 12:30:00+05:30,2891.6,2899.0,2890.9,2897.8,1074
2025-09-29 12:45:00+05:30,2898.1,2899.9,2892.1,2897.5,2820
2025-09-29 13:00:00+05:30,2898.0,2900.1,2895.7,2899.7,1149
2025-09-29 13:15:00+05:30,2899.7,2900.0,2898.0,2898.5,928
2025-09-29 13:30:00+05:30,2898.5,2900.8,2896.3,2899.9,1301
2025-09-29 13:45:00+05:30,2899.9,2901.4,2898.0,2898.4,1589
2025-09-29 14:00:00+05:30,2898.4,2912.0,2898.0,2907.9,8945
2025-09-29 14:15:00+05:30,2907.9,2915.0,2907.0,2913.2,2879
2025-09-29 14:30:00+05:30,2912.2,2919.0,2911.6,2919.0,4770
2025-09-29 14:45:00+05:30,2919.0,2924.0,2917.4,2924.0,11257
2025-09-29 15:00:00+05:30,2924.1,2925.5,2911.0,2916.4,12322
2025-09-29 15:15:00+05:30,2915.7,2915.7,2862.2,2866.5,28810
2025-09-29 15:30:00+05:30,2866.5,2907.6,2861.7,2899.0,26406
2025-09-30 09:30:00+05:30,2880.0,2902.8,2875.6,2877.6,8633
2025-09-30 09:45:00+05:30,2878.5,2892.7,2877.5,2882.0,2318
2025-09-30 10:00:00+05:30,2883.4,2889.2,2880.3,2888.4,1267
2025-09-30 10:15:00+05:30,2888.4,2890.0,2880.4,2881.1,1515
2025-09-30 10:30:00+05:30,2881.1,2897.0,2881.0,2886.3,2625
2025-09-30 10:45:00+05:30,2886.4,2891.8,2883.0,2888.1,3298
2025-09-30 11:00:00+05:30,2888.1,2888.1,2883.7,2884.9,1141
2025-09-30 11:15:00+05:30,2886.0,2887.8,2884.4,2887.1,853
2025-09-30 11:30:00+05:30,2887.1,2894.0,2887.0,2890.6,1615
2025-09-30 11:45:00+05:30,2891.7,2891.7,2886.3,2887.6,1045
2025-09-30 12:00:00+05:30,2887.6,2887.6,2875.6,2880.0,3231
2025-09-30 12:15:00+05:30,2880.4,2886.5,2878.7,2880.4,1668
2025-09-30 12:30:00+05:30,2880.4,2886.2,2880.4,2882.3,1107
2025-09-30 12:45:00+05:30,2882.3,2885.8,2877.4,2878.6,1704
2025-09-30 13:00:00+05:30,2878.6,2880.0,2870.6,2871.2,3452
2025-09-30 13:15:00+05:30,2871.2,2876.9,2870.8,2876.1,2056
2025-09-30 13:30:00+05:30,2876.0,2877.4,2873.1,2874.1,1817
2025-09-30 13:45:00+05:30,2874.1,2874.1,2870.6,2870.8,2699
2025-09-30 14:00:00+05:30,2870.8,2880.0,2870.6,2879.2,3259
2025-09-30 14:15:00+05:30,2879.2,2879.9,2875.6,2879.6,3112
2025-09-30 14:30:00+05:30,2879.9,2879.9,2873.3,2876.9,2947
2025-09-30 14:45:00+05:30,2876.9,2876.9,2865.6,2869.8,7944
2025-09-30 15:00:00+05:30,2869.8,2882.2,2859.7,2881.2,28998
2025-09-30 15:15:00+05:30,2881.1,2893.7,2880.0,2887.5,25115
2025-09-30 15:30:00+05:30,2887.7,2893.2,2884.3,2887.9,18271
2025-10-01 09:30:00+05:30,2884.8,2884.8,2854.2,2874.1,5830
2025-10-01 09:45:00+05:30,2874.6,2884.3,2864.0,2876.9,2617
2025-10-01 10:00:00+05:30,2876.8,2876.8,2868.3,2869.5,2171
2025-10-01 10:15:00+05:30,2869.5,2872.8,2864.9,2872.8,1206
2025-10-01 10:30:00+05:30,2871.7,2883.6,2870.2,2880.7,1449
2025-10-01 10:45:00+05:30,2882.1,2882.1,2875.0,2879.2,1904
2025-10-01 11:00:00+05:30,2879.2,2879.8,2875.5,2877.0,1133
2025-10-01 11:15:00+05:30,2878.2,2879.0,2875.0,2878.8,1464
2025-10-01 11:30:00+05:30,2878.8,2883.9,2876.1,2881.2,1272
2025-10-01 11:45:00+05:30,2882.3,2888.9,2879.5,2887.8,2219
2025-10-01 12:00:00+05:30,2888.3,2892.2,2885.3,2892.0,2162
2025-10-01 12:15:00+05:30,2892.0,2898.0,2888.0,2891.4,2737
2025-10-01 12:30:00+05:30,2891.4,2902.0,2890.9,2902.0,3088
2025-10-01 12:45:00+05:30,2902.0,2904.0,2899.9,2903.8,5438
2025-10-01 13:00:00+05:30,2903.7,2903.8,2895.9,2901.2,4672
2025-10-01 13:15:00+05:30,2901.2,2908.0,2900.1,2906.6,3374
2025-10-01 13:30:00+05:30,2906.6,2907.3,2902.9,2905.7,2192
2025-10-01 13:45:00+05:30,2905.7,2908.0,2905.5,2907.4,2314
2025-10-01 14:00:00+05:30,2907.4,2911.8,2902.9,2911.4,4012
2025-10-01 14:15:00+05:30,2911.4,2917.7,2909.9,2917.7,5303
2025-10-01 14:30:00+05:30,2917.8,2919.9,2913.3,2916.9,6032
2025-10-01 14:45:00+05:30,2915.6,2919.4,2906.9,2910.7,4934
2025-10-01 15:00:00+05:30,2910.9,2919.8,2910.7,2918.0,5606
2025-10-01 15:15:00+05:30,2918.0,2922.0,2916.3,2917.5,11222
2025-10-01 15:30:00+05:30,2917.5,2918.6,2905.6,2918.6,15784
2025-10-03 09:30:00+05:30,2940.0,2942.0,2906.8,2914.3,24196
2025-10-03 09:45:00+05:30,2914.3,2933.0,2897.0,2931.6,6814
2025-10-03 10:00:00+05:30,2931.2,2932.0,2922.4,2931.5,3308
2025-10-03 10:15:00+05:30,2931.5,2949.1,2927.0,2942.8,5575
2025-10-03 10:30:00+05:30,2944.9,2946.4,2935.4,2939.7,2453
2025-10-03 10:45:00+05:30,2939.7,2947.0,2937.6,2941.0,2728
2025-10-03 11:00:00+05:30,2941.0,2941.4,2930.4,2932.5,2711
2025-10-03 11:15:00+05:30,2932.5,2941.2,2930.7,2934.6,3840
2025-10-03 11:30:00+05:30,2934.6,2937.1,2930.5,2933.9,1101
2025-10-03 11:45:00+05:30,2933.9,2957.0,2931.0,2955.9,13547
2025-10-03 12:00:00+05:30,2956.9,2962.0,2955.5,2961.8,8991
2025-10-03 12:15:00+05:30,2961.9,2968.0,2960.3,2965.2,13006
2025-10-03 12:30:00+05:30,2965.2,2966.3,2955.1,2955.1,7444
2025-10-03 12:45:00+05:30,2953.3,2954.1,2918.0,2930.0,10684
2025-10-03 13:00:00+05:30,2930.0,2942.9,2930.0,2939.5,4025
2025-10-03 13:15:00+05:30,2939.5,2939.5,2932.8,2932.9,2931
2025-10-03 13:30:00+05:30,2932.9,2939.0,2930.9,2935.4,1371
2025-10-03 13:45:00+05:30,2935.5,2940.0,2920.5,2921.8,10147
2025-10-03 14:00:00+05:30,2921.8,2929.5,2914.0,2915.3,3598
2025-10-03 14:15:00+05:30,2915.2,2925.3,2914.2,2917.7,2147
2025-10-03 14:30:00+05:30,2917.7,2925.3,2917.7,2922.0,2043
2025-10-03 14:45:00+05:30,2922.6,2925.0,2920.6,2925.0,2905
2025-10-03 15:00:00+05:30,2925.0,2937.0,2923.6,2937.0,5206
2025-10-03 15:15:00+05:30,2939.0,2964.0,2937.6,2961.2,17179
2025-10-03 15:30:00+05:30,2961.2,2968.9,2946.9,2951.0,25036
2025-10-06 09:30:00+05:30,2973.0,2973.0,2939.5,2940.9,9586
2025-10-06 09:45:00+05:30,2940.9,2953.0,2934.0,2946.6,3844
2025-10-06 10:00:00+05:30,2946.6,2959.6,2945.6,2953.3,7336
2025-10-06 10:15:00+05:30,2953.3,2959.0,2952.0,2953.3,2315
2025-10-06 10:30:00+05:30,2953.3,2953.3,2936.9,2947.0,3145
2025-10-06 10:45:00+05:30,2947.0,2954.2,2946.5,2954.2,1777
2025-10-06 11:00:00+05:30,2952.5,2954.3,2946.2,2948.8,1246
2025-10-06 11:15:00+05:30,2948.8,2955.0,2947.0,2951.6,2564
2025-10-06 11:30:00+05:30,2951.6,2962.0,2950.5,2962.0,8563
2025-10-06 11:45:00+05:30,2962.0,2970.0,2959.5,2968.2,5192
2025-10-06 12:00:00+05:30,2968.2,2970.0,2960.8,2965.6,5952
2025-10-06 12:15:00+05:30,2965.6,2968.7,2959.6,2961.0,1559
2025-10-06 12:30:00+05:30,2962.7,2969.6,2961.8,2965.9,2097
2025-10-06 12:45:00+05:30,2965.9,2965.9,2955.8,2957.7,995
2025-10-06 13:00:00+05:30,2957.7,2960.4,2950.0,2958.4,1808
2025-10-06 13:15:00+05:30,2958.2,2964.4,2957.0,2961.4,1198
2025-10-06 13:30:00+05:30,2961.4,2962.9,2957.4,2957.6,941
2025-10-06 13:45:00+05:30,2958.4,2960.0,2957.1,2958.1,1316
2025-10-06 14:00:00+05:30,2958.0,2958.4,2956.4,2957.0,1681
2025-10-06 14:15:00+05:30,2957.0,2960.0,2955.0,2958.3,8318
2025-10-06 14:30:00+05:30,2958.3,2964.6,2957.4,2959.1,4076
2025-10-06 14:45:00+05:30,2959.1,2959.1,2953.2,2953.2,2311
2025-10-06 15:00:00+05:30,2953.2,2966.0,2949.1,2961.8,10646
2025-10-06 15:15:00+05:30,2962.2,2962.2,2948.0,2957.6,12172
2025-10-06 15:30:00+05:30,2957.6,2960.0,2919.0,2957.0,20792
2025-10-07 09:30:00+05:30,2950.0,2980.0,2950.0,2973.0,8682
2025-10-07 09:45:00+05:30,2973.1,3003.1,2973.1,2999.0,11543
2025-10-07 10:00:00+05:30,2999.3,3001.0,2990.2,2994.5,5435
2025-10-07 10:15:00+05:30,2994.5,2997.5,2989.4,2991.7,6677
2025-10-07 10:30:00+05:30,2994.0,3014.5,2990.6,3001.0,26057
2025-10-07 10:45:00+05:30,3002.8,3009.5,2999.0,2999.0,16905
2025-10-07 11:00:00+05:30,3000.1,3002.3,2992.0,3000.0,13251
2025-10-07 11:15:00+05:30,2999.9,3000.4,2984.7,2993.7,11072
2025-10-07 11:30:00+05:30,2995.7,2999.0,2991.1,2992.8,8983
2025-10-07 11:45:00+05:30,2996.0,2996.0,2985.2,2990.0,5721
2025-10-07 12:00:00+05:30,2990.0,2995.4,2988.9,2990.0,4320
2025-10-07 12:15:00+05:30,2990.0,3000.0,2987.6,2991.5,11572
2025-10-07 12:30:00+05:30,2991.6,2991.6,2986.0,2988.0,6602
2025-10-07 12:45:00+05:30,2988.0,2991.0,2983.0,2990.0,7940
2025-10-07 13:00:00+05:30,2990.1,2991.0,2982.7,2986.7,10690
2025-10-07 13:15:00+05:30,2986.4,2991.9,2985.8,2986.3,7695
2025-10-07 13:30:00+05:30,2988.5,2992.8,2984.0,2990.2,10777
2025-10-07 13:45:00+05:30,2990.4,2999.5,2986.3,2998.5,8109
2025-10-07 14:00:00+05:30,2998.7,3000.0,2992.9,2998.7,8105
2025-10-07 14:15:00+05:30,2998.8,3001.9,2994.0,2998.7,10447
2025-10-07 14:30:00+05:30,2999.5,3001.6,2995.0,3000.0,8026
2025-10-07 14:45:00+05:30,2999.4,3000.9,2995.6,2996.5,10538
2025-10-07 15:00:00+05:30,2999.4,2999.4,2983.0,2992.7,10953
2025-10-07 15:15:00+05:30,2995.2,3002.0,2992.2,2997.7,12174
2025-10-07 15:30:00+05:30,2997.1,3005.0,2988.9,2991.0,21092
2025-10-08 09:30:00+05:30,3000.0,3005.6,2977.5,2981.9,5735
2025-10-08 09:45:00+05:30,2981.9,2993.3,2981.1,2988.2,2347
2025-10-08 10:00:00+05:30,2988.2,2988.2,2981.0,2986.3,2881
2025-10-08 10:15:00+05:30,2988.1,2997.8,2985.0,2988.7,1897
2025-10-08 10:30:00+05:30,2988.7,2992.3,2982.0,2990.1,2663
2025-10-08 10:45:00+05:30,2989.8,2991.7,2983.0,2983.1,2245
2025-10-08 11:00:00+05:30,2983.1,2983.1,2966.0,2967.4,5071
2025-10-08 11:15:00+05:30,2967.4,2978.5,2966.0,2969.0,2035
2025-10-08 11:30:00+05:30,2969.0,2973.4,2966.8,2969.8,1374
2025-10-08 11:45:00+05:30,2970.9,2977.5,2970.9,2974.5,1156
2025-10-08 12:00:00+05:30,2974.5,2975.8,2970.0,2973.2,928
2025-10-08 12:15:00+05:30,2973.2,2973.9,2970.9,2972.4,1169
2025-10-08 12:30:00+05:30,2972.4,2974.7,2970.5,2973.7,944
2025-10-08 12:45:00+05:30,2973.7,2973.8,2970.0,2972.6,946
2025-10-08 13:00:00+05:30,2973.2,2980.0,2973.2,2977.8,984
2025-10-08 13:15:00+05:30,2977.8,2980.0,2976.4,2979.8,926
2025-10-08 13:30:00+05:30,2979.8,2979.9,2975.7,2978.7,952
2025-10-08 13:45:00+05:30,2978.7,2979.0,2975.0,2975.2,933
2025-10-08 14:00:00+05:30,2975.2,2986.0,2975.2,2983.2,1858
2025-10-08 14:15:00+05:30,2983.0,2984.4,2975.5,2980.2,1684
2025-10-08 14:30:00+05:30,2980.2,2982.1,2973.3,2976.0,2674
2025-10-08 14:45:00+05:30,2976.2,2977.9,2973.3,2974.8,1168
2025-10-08 15:00:00+05:30,2974.8,2982.0,2974.1,2978.1,2329
2025-10-08 15:15:00+05:30,2978.0,2989.1,2974.9,2982.2,9669
2025-10-08 15:30:00+05:30,2981.8,2987.4,2974.6,2982.0,12618
2025-10-09 09:30:00+05:30,2982.0,2995.9,2972.0,2979.6,7145
2025-10-09 09:45:00+05:30,2979.6,2986.4,2965.5,2965.5,2287
2025-10-09 10:00:00+05:30,2967.3,2977.7,2965.5,2977.2,1774
2025-10-09 10:15:00+05:30,2977.2,2982.0,2967.0,2968.8,2734
2025-10-09 10:30:00+05:30,2968.1,2981.0,2961.8,2980.8,2186
2025-10-09 10:45:00+05:30,2980.6,2983.2,2970.0,2972.2,4153
2025-10-09 11:00:00+05:30,2973.6,2973.6,2956.1,2960.0,2362
2025-10-09 11:15:00+05:30,2961.2,2962.8,2956.2,2961.9,1208
2025-10-09 11:30:00+05:30,2962.0,2965.0,2960.0,2963.5,729
2025-10-09 11:45:00+05:30,2963.4,2963.5,2954.0,2954.0,907
2025-10-09 12:00:00+05:30,2954.0,2968.0,2952.0,2966.9,1595
2025-10-09 12:15:00+05:30,2966.8,2972.0,2961.7,2967.4,1505
2025-10-09 12:30:00+05:30,2967.0,2977.2,2963.4,2969.1,1118
2025-10-09 12:45:00+05:30,2969.1,2971.0,2961.0,2966.7,971
2025-10-09 13:00:00+05:30,2966.8,2971.7,2963.4,2965.1,747
2025-10-09 13:15:00+05:30,2966.5,2973.2,2962.9,2972.6,1008
2025-10-09 13:30:00+05:30,2972.6,2973.0,2967.9,2971.0,1320
2025-10-09 13:45:00+05:30,2971.9,2976.0,2968.0,2975.9,1218
2025-10-09 14:00:00+05:30,2975.9,2975.9,2969.0,2972.6,2504
2025-10-09 14:15:00+05:30,2973.0,2975.8,2969.6,2971.6,2510
2025-10-09 14:30:00+05:30,2971.6,2971.6,2965.0,2966.6,1621
2025-10-09 14:45:00+05:30,2966.6,2988.5,2961.0,2974.6,8865
2025-10-09 15:00:00+05:30,2974.5,2995.0,2971.0,2990.9,12477
2025-10-09 15:15:00+05:30,2991.3,2991.3,2979.5,2988.5,21437
2025-10-09 15:30:00+05:30,2989.2,2997.0,2974.0,2974.0,16222
2025-10-10 09:30:00+05:30,2985.0,3004.8,2975.0,3001.4,4041
2025-10-10 09:45:00+05:30,3003.1,3010.0,2997.9,3007.0,2601
2025-10-10 10:00:00+05:30,3007.0,3008.0,2992.0,3000.4,1911
2025-10-10 10:15:00+05:30,2999.7,3006.8,2994.9,3002.6,1816
2025-10-10 10:30:00+05:30,3002.6,3002.6,2987.2,2990.9,2118
2025-10-10 10:45:00+05:30,2991.3,3000.0,2988.0,2991.5,4309
2025-10-10 11:00:00+05:30,2988.1,2995.9,2988.0,2993.0,2303
2025-10-10 11:15:00+05:30,2993.0,2994.8,2991.0,2992.8,946
2025-10-10 11:30:00+05:30,2993.0,2994.0,2985.5,2989.9,1698
2025-10-10 11:45:00+05:30,2990.0,2991.0,2987.3,2989.3,1025
2025-10-10 12:00:00+05:30,2989.1,2990.0,2987.4,2989.4,865
2025-10-10 12:15:00+05:30,2989.4,2989.8,2985.0,2989.5,1344
2025-10-10 12:30:00+05:30,2989.8,2990.0,2987.0,2990.0,1446
2025-10-10 12:45:00+05:30,2990.0,2995.3,2986.3,2990.1,9519
2025-10-10 13:00:00+05:30,2992.1,2992.3,2986.2,2990.0,1918
2025-10-10 13:15:00+05:30,2990.0,2990.0,2986.5,2986.5,1933
2025-10-10 13:30:00+05:30,2986.5,2986.5,2978.5,2983.3,2777
2025-10-10 13:45:00+05:30,2983.3,2989.0,2979.5,2988.4,1658
2025-10-10 14:00:00+05:30,2987.4,2992.2,2984.4,2989.6,6463
2025-10-10 14:15:00+05:30,2987.2,2988.3,2980.1,2987.5,1948
2025-10-10 14:30:00+05:30,2987.5,2989.9,2983.5,2987.4,2103
2025-10-10 14:45:00+05:30,2988.9,2989.5,2982.0,2984.2,1896
2025-10-10 15:00:00+05:30,2984.4,2986.2,2982.5,2983.0,1506
2025-10-10 15:15:00+05:30,2984.0,2987.9,2982.5,2984.1,8964
2025-10-10 15:30:00+05:30,2984.1,2998.8,2983.2,2988.1,20635
2025-10-13 09:30:00+05:30,2988.0,3004.9,2972.2,2996.2,6702
2025-10-13 09:45:00+05:30,2997.1,3029.6,2982.1,3026.4,11208
2025-10-13 10:00:00+05:30,3028.3,3040.0,2996.3,2997.3,13960
2025-10-13 10:15:00+05:30,2997.7,3000.7,2993.0,2998.7,3631
2025-10-13 10:30:00+05:30,2999.1,2999.8,2991.0,2995.0,2152
2025-10-13 10:45:00+05:30,2995.9,3000.6,2992.0,2998.5,2460
2025-10-13 11:00:00+05:30,2997.4,3005.0,2992.2,2997.0,2520
2025-10-13 11:15:00+05:30,2997.0,2997.6,2991.9,2993.4,1417
2025-10-13 11:30:00+05:30,2991.9,2996.6,2991.0,2991.6,2035
2025-10-13 11:45:00+05:30,2993.2,2997.3,2985.0,2994.5,3316
2025-10-13 12:00:00+05:30,2993.8,2993.8,2986.5,2992.2,1698
2025-10-13 12:15:00+05:30,2992.6,3004.2,2991.8,3000.0,4733
2025-10-13 12:30:00+05:30,3000.0,3003.2,2994.1,3000.0,3672
2025-10-13 12:45:00+05:30,3000.0,3006.3,3000.0,3003.2,3957
2025-10-13 13:00:00+05:30,3003.2,3005.3,2997.5,3000.1,3294
2025-10-13 13:15:00+05:30,2998.5,3004.7,2997.8,3004.3,3571
2025-10-13 13:30:00+05:30,3004.3,3008.0,3001.6,3004.0,2748
2025-10-13 13:45:00+05:30,3003.7,3012.0,3001.7,3005.0,12702
2025-10-13 14:00:00+05:30,3005.0,3011.0,3002.3,3008.2,5007
2025-10-13 14:15:00+05:30,3008.1,3013.0,3005.1,3009.9,3407
2025-10-13 14:30:00+05:30,3011.7,3012.9,3005.0,3006.1,4387
2025-10-13 14:45:00+05:30,3006.4,3009.0,3003.8,3008.5,2531
2025-10-13 15:00:00+05:30,3008.5,3011.0,3004.0,3007.0,4336
2025-10-13 15:15:00+05:30,3007.0,3009.5,2998.4,3000.0,5001
2025-10-13 15:30:00+05:30,3000.0,3000.1,2980.0,2981.0,10710
2025-10-14 09:30:00+05:30,2998.0,2998.0,2971.2,2976.4,6640
2025-10-14 09:45:00+05:30,2976.4,2977.8,2958.1,2960.5,8980
2025-10-14 10:00:00+05:30,2961.5,2964.2,2955.0,2956.1,3547
2025-10-14 10:15:00+05:30,2956.8,2958.4,2945.1,2945.8,4098
2025-10-14 10:30:00+05:30,2947.4,2955.5,2940.0,2945.7,5565
2025-10-14 10:45:00+05:30,2945.2,2945.7,2940.1,2940.2,2161
2025-10-14 11:00:00+05:30,2940.7,2945.8,2936.1,2936.9,2887
2025-10-14 11:15:00+05:30,2936.4,2950.0,2931.0,2938.7,5311
2025-10-14 11:30:00+05:30,2938.2,2946.1,2931.0,2931.1,2546
2025-10-14 11:45:00+05:30,2931.9,2940.5,2929.7,2935.8,2384
2025-10-14 12:00:00+05:30,2936.4,2950.0,2935.0,2940.1,2765
2025-10-14 12:15:00+05:30,2940.2,2943.0,2937.8,2940.0,1895
2025-10-14 12:30:00+05:30,2940.1,2943.6,2925.0,2925.0,18241
2025-10-14 12:45:00+05:30,2926.4,2929.4,2917.9,2918.8,2675
2025-10-14 13:00:00+05:30,2918.7,2922.0,2913.1,2920.3,2235
2025-10-14 13:15:00+05:30,2920.4,2926.0,2920.0,2920.1,1972
2025-10-14 13:30:00+05:30,2922.0,2932.2,2920.1,2931.0,1665
2025-10-14 13:45:00+05:30,2931.0,2935.9,2921.2,2923.5,4346
2025-10-14 14:00:00+05:30,2924.5,2940.0,2919.0,2926.1,5911
2025-10-14 14:15:00+05:30,2926.1,2937.2,2924.9,2937.2,2908
2025-10-14 14:30:00+05:30,2938.4,2938.6,2928.0,2932.7,2431
2025-10-14 14:45:00+05:30,2932.8,2935.1,2926.4,2928.6,4713
2025-10-14 15:00:00+05:30,2928.7,2935.0,2920.4,2931.1,5591
2025-10-14 15:15:00+05:30,2931.1,2935.3,2917.2,2917.2,11809
2025-10-14 15:30:00+05:30,2917.0,2917.0,2887.1,2903.3,30717
2025-10-15 09:30:00+05:30,2914.9,2945.0,2909.6,2937.0,5525
2025-10-15 09:45:00+05:30,2937.4,2944.9,2932.0,2939.0,2697
2025-10-15 10:00:00+05:30,2940.7,2942.5,2938.2,2940.0,1161
2025-10-15 10:15:00+05:30,2940.0,2953.0,2938.2,2944.1,2609
2025-10-15 10:30:00+05:30,2946.0,2950.3,2937.9,2945.8,2329
2025-10-15 10:45:00+05:30,2945.8,2945.8,2941.3,2945.0,1006
2025-10-15 11:00:00+05:30,2945.0,2948.0,2940.5,2947.0,999
2025-10-15 11:15:00+05:30,2947.0,2950.6,2940.0,2942.9,1801
2025-10-15 11:30:00+05:30,2942.9,2944.4,2938.7,2939.5,1382
2025-10-15 11:45:00+05:30,2941.1,2941.2,2932.6,2935.4,1764
2025-10-15 12:00:00+05:30,2936.5,2937.9,2931.0,2933.0,1068
2025-10-15 12:15:00+05:30,2932.9,2933.8,2925.0,2925.8,1721
2025-10-15 12:30:00+05:30,2927.4,2930.0,2921.5,2930.0,1589
2025-10-15 12:45:00+05:30,2930.0,2934.6,2925.3,2927.0,2087
2025-10-15 13:00:00+05:30,2927.0,2929.8,2923.3,2924.8,1240
2025-10-15 13:15:00+05:30,2926.0,2935.7,2921.0,2928.7,2856
2025-10-15 13:30:00+05:30,2929.0,2930.0,2924.0,2928.6,1045
2025-10-15 13:45:00+05:30,2928.9,2945.2,2923.4,2936.3,11500
2025-10-15 14:00:00+05:30,2937.6,2938.2,2932.0,2937.3,1773
2025-10-15 14:15:00+05:30,2935.4,2940.0,2930.3,2939.7,2312
2025-10-15 14:30:00+05:30,2939.7,2963.0,2939.7,2951.3,6419
2025-10-15 14:45:00+05:30,2952.0,2958.0,2945.5,2957.7,5231
2025-10-15 15:00:00+05:30,2957.7,2965.0,2952.2,2960.0,10200
2025-10-15 15:15:00+05:30,2960.0,2960.0,2949.5,2950.0,9147
2025-10-15 15:30:00+05:30,2951.0,2955.0,2944.0,2946.0,8419
2025-10-16 09:30:00+05:30,2953.1,2989.8,2951.8,2988.0,8183
2025-10-16 09:45:00+05:30,2988.0,3003.0,2987.3,3000.3,9901
2025-10-16 10:00:00+05:30,3000.3,3000.3,2988.0,2995.2,2379
2025-10-16 10:15:00+05:30,2996.4,3003.0,2994.0,3001.1,3028
2025-10-16 10:30:00+05:30,3000.9,3010.0,2997.9,3001.2,4563
2025-10-16 10:45:00+05:30,3000.7,3003.7,2996.6,3002.0,2801
2025-10-16 11:00:00+05:30,3002.3,3003.0,2989.4,2989.9,4596
2025-10-16 11:15:00+05:30,2988.0,2998.0,2988.0,2994.1,2712
2025-10-16 11:30:00+05:30,2994.1,3000.0,2992.2,2997.0,2986
2025-10-16 11:45:00+05:30,2997.0,3000.0,2995.0,2999.9,1802
2025-10-16 12:00:00+05:30,2999.6,3000.0,2995.6,2999.7,2523
2025-10-16 12:15:00+05:30,2999.7,3012.2,2997.4,3011.0,11381
2025-10-16 12:30:00+05:30,3011.0,3017.0,3000.5,3001.8,7690
2025-10-16 12:45:00+05:30,3001.1,3005.0,2993.0,2999.8,3488
2025-10-16 13:00:00+05:30,3000.0,3011.7,2997.9,3010.8,5414
2025-10-16 13:15:00+05:30,3011.3,3013.0,2997.5,3000.0,7083
2025-10-16 13:30:00+05:30,3000.0,3002.1,2998.7,3001.4,7159
2025-10-16 13:45:00+05:30,3001.4,3002.6,2999.9,3000.0,6344
2025-10-16 14:00:00+05:30,3000.0,3017.0,2999.8,3010.0,9241
2025-10-16 14:15:00+05:30,3011.8,3014.0,3001.0,3002.0,6707
2025-10-16 14:30:00+05:30,3001.8,3005.9,3000.7,3005.8,4804
2025-10-16 14:45:00+05:30,3006.0,3006.7,2998.2,3000.0,6344
2025-10-16 15:00:00+05:30,2999.9,3000.0,2996.9,2999.6,4977
2025-10-16 15:15:00+05:30,2999.6,3002.1,2992.5,2995.6,6413
2025-10-16 15:30:00+05:30,2996.0,3003.0,2995.0,3003.0,9920
2025-10-17 09:30:00+05:30,2997.4,3085.1,2996.5,3071.4,80448
2025-10-17 09:45:00+05:30,3071.4,3085.0,3057.4,3063.7,55474
2025-10-17 10:00:00+05:30,3065.1,3071.0,3057.0,3070.0,15949
2025-10-17 10:15:00+05:30,3070.8,3073.0,3044.5,3067.5,14162
2025-10-17 10:30:00+05:30,3067.5,3069.0,3060.0,3064.9,4378
2025-10-17 10:45:00+05:30,3064.9,3104.0,3063.0,3089.8,81249
2025-10-17 11:00:00+05:30,3087.4,3089.7,3077.1,3085.9,13900
2025-10-17 11:15:00+05:30,3087.4,3096.0,3080.8,3096.0,22986
2025-10-17 11:30:00+05:30,3095.9,3130.0,3092.3,3120.0,60291
2025-10-17 11:45:00+05:30,3119.2,3125.0,3117.0,3124.5,29065
2025-10-17 12:00:00+05:30,3125.2,3129.0,3106.6,3109.0,31312
2025-10-17 12:15:00+05:30,3109.0,3120.3,3108.0,3120.0,24610
2025-10-17 12:30:00+05:30,3120.0,3129.5,3115.5,3120.0,18617
2025-10-17 12:45:00+05:30,3120.0,3120.0,3092.3,3100.8,25765
2025-10-17 13:00:00+05:30,3101.1,3108.4,3082.8,3089.1,20973
2025-10-17 13:15:00+05:30,3089.1,3090.9,3083.1,3090.0,10795
2025-10-17 13:30:00+05:30,3090.0,3092.8,3082.9,3091.9,22430
2025-10-17 13:45:00+05:30,3090.1,3116.6,3088.8,3092.8,30664
2025-10-17 14:00:00+05:30,3092.8,3093.0,3087.1,3093.0,7247
2025-10-17 14:15:00+05:30,3093.0,3098.0,3088.2,3089.3,8575
2025-10-17 14:30:00+05:30,3091.4,3098.0,3085.3,3097.2,8349
2025-10-17 14:45:00+05:30,3097.9,3098.0,3091.0,3095.9,10459
2025-10-17 15:00:00+05:30,3095.9,3095.9,3090.6,3095.7,7405
2025-10-17 15:15:00+05:30,3095.9,3106.5,3093.0,3099.9,41609
2025-10-17 15:30:00+05:30,3099.8,3125.0,3098.8,3116.0,54677
2025-10-20 09:30:00+05:30,3130.0,3281.9,3130.0,3223.9,292333
2025-10-20 09:45:00+05:30,3222.8,3263.8,3210.9,3252.3,160321
2025-10-20 10:00:00+05:30,3250.7,3273.0,3237.9,3245.9,137421
2025-10-20 10:15:00+05:30,3246.0,3252.0,3231.0,3237.0,80557
2025-10-20 10:30:00+05:30,3238.0,3248.0,3223.2,3244.5,48852
2025-10-20 10:45:00+05:30,3246.6,3258.0,3241.0,3254.2,45868
2025-10-20 11:00:00+05:30,3254.2,3258.4,3244.5,3250.0,28694
2025-10-20 11:15:00+05:30,3250.0,3254.8,3214.6,3232.5,67365
2025-10-20 11:30:00+05:30,3235.1,3243.3,3231.0,3237.6,28018
2025-10-20 11:45:00+05:30,3237.6,3239.3,3222.3,3232.7,24773
2025-10-20 12:00:00+05:30,3232.0,3237.2,3225.0,3231.1,22926
2025-10-20 12:15:00+05:30,3231.1,3250.0,3228.7,3248.4,29385
2025-10-20 12:30:00+05:30,3248.4,3254.0,3232.0,3235.3,33161
2025-10-20 12:45:00+05:30,3237.3,3241.0,3229.1,3233.9,28400
2025-10-20 13:00:00+05:30,3233.7,3239.0,3228.0,3231.5,22711
2025-10-20 13:15:00+05:30,3231.8,3236.9,3224.6,3230.0,25318
2025-10-20 13:30:00+05:30,3228.8,3234.2,3225.1,3230.0,23177
2025-10-20 13:45:00+05:30,3229.6,3234.9,3223.0,3229.3,28116
2025-10-20 14:00:00+05:30,3230.0,3236.0,3223.1,3232.2,25689
2025-10-20 14:15:00+05:30,3233.8,3234.8,3224.2,3224.9,25493
2025-10-20 14:30:00+05:30,3225.0,3233.8,3225.0,3232.0,29062
2025-10-20 14:45:00+05:30,3231.3,3238.2,3224.9,3231.5,36603
2025-10-20 15:00:00+05:30,3232.0,3238.8,3228.0,3234.5,46481
2025-10-20 15:15:00+05:30,3234.3,3252.8,3231.8,3249.5,94905
2025-10-20 15:30:00+05:30,3249.5,3280.0,3246.1,3274.9,109011
2025-10-21 14:00:00+05:30,3280.0,3310.9,3276.5,3290.7,36026
2025-10-21 14:15:00+05:30,3293.7,3299.1,3290.0,3298.0,10140
2025-10-21 14:30:00+05:30,3298.8,3299.9,3292.2,3297.5,6837
2025-10-21 14:45:00+05:30,3297.5,3314.4,3294.8,3308.0,20277
2025-10-21 15:00:00+05:30,3308.0,3308.0,3308.0,3308.0,0
2025-10-23 09:30:00+05:30,3302.1,3375.0,3261.0,3334.4,101598
2025-10-23 09:45:00+05:30,3335.3,3372.7,3335.0,3368.9,42075
2025-10-23 10:00:00+05:30,3370.0,3423.0,3368.6,3396.3,73951
2025-10-23 10:15:00+05:30,3396.3,3396.3,3361.5,3364.1,38160
2025-10-23 10:30:00+05:30,3364.3,3366.4,3332.7,3334.4,27531
2025-10-23 10:45:00+05:30,3332.5,3339.6,3320.0,3323.5,47021
2025-10-23 11:00:00+05:30,3323.4,3326.4,3312.4,3315.6,36456
2025-10-23 11:15:00+05:30,3315.2,3327.6,3314.1,3318.3,19468
2025-10-23 11:30:00+05:30,3317.9,3325.0,3310.4,3319.3,19504
2025-10-23 11:45:00+05:30,3319.1,3325.0,3316.6,3319.5,19774
2025-10-23 12:00:00+05:30,3319.4,3323.5,3312.8,3314.8,14757
2025-10-23 12:15:00+05:30,3314.8,3314.8,3296.1,3299.7,21616
2025-10-23 12:30:00+05:30,3297.7,3299.8,3280.0,3284.2,11240
2025-10-23 12:45:00+05:30,3282.8,3302.0,3282.8,3284.2,16319
2025-10-23 13:00:00+05:30,3284.2,3288.0,3276.0,3277.2,4815
2025-10-23 13:15:00+05:30,3276.0,3277.7,3269.5,3272.9,7964
2025-10-23 13:30:00+05:30,3272.1,3278.4,3266.0,3274.2,6710
2025-10-23 13:45:00+05:30,3275.0,3275.2,3263.0,3267.6,7919
2025-10-23 14:00:00+05:30,3267.6,3270.0,3250.4,3270.0,11139
2025-10-23 14:15:00+05:30,3269.4,3287.9,3268.3,3287.5,17018
2025-10-23 14:30:00+05:30,3286.6,3317.9,3282.7,3316.0,21943
2025-10-23 14:45:00+05:30,3313.4,3321.5,3305.3,3319.0,21312
2025-10-23 15:00:00+05:30,3318.4,3324.0,3312.9,3322.1,17634
2025-10-23 15:15:00+05:30,3320.3,3320.6,3275.4,3285.9,29282
2025-10-23 15:30:00+05:30,3286.0,3288.0,3260.7,3264.1,34404
2025-10-24 09:30:00+05:30,3290.9,3325.0,3284.6,3320.4,31540
2025-10-24 09:45:00+05:30,3320.4,3326.9,3310.1,3313.7,20281
2025-10-24 10:00:00+05:30,3311.5,3320.0,3289.5,3311.0,14379
2025-10-24 10:15:00+05:30,3311.0,3313.7,3299.3,3302.4,10564
2025-10-24 10:30:00+05:30,3302.9,3304.5,3283.3,3294.4,13138
2025-10-24 10:45:00+05:30,3293.3,3296.4,3271.8,3280.0,21364
2025-10-24 11:00:00+05:30,3278.3,3280.6,3250.0,3267.7,13258
2025-10-24 11:15:00+05:30,3267.7,3269.0,3263.5,3268.0,4161
2025-10-24 11:30:00+05:30,3268.0,3269.3,3262.1,3266.4,3111
2025-10-24 11:45:00+05:30,3266.3,3271.9,3263.5,3269.7,2783
2025-10-24 12:00:00+05:30,3269.8,3270.0,3251.4,3253.1,8447
2025-10-24 12:15:00+05:30,3253.1,3260.1,3251.4,3257.9,9312
2025-10-24 12:30:00+05:30,3257.9,3257.9,3245.0,3246.4,6410
2025-10-24 12:45:00+05:30,3246.4,3256.1,3240.6,3255.0,5303
2025-10-24 13:00:00+05:30,3254.4,3257.1,3244.8,3247.5,3186
2025-10-24 13:15:00+05:30,3247.0,3254.9,3241.8,3246.8,4802
2025-10-24 13:30:00+05:30,3246.8,3250.0,3237.3,3245.5,4719
2025-10-24 13:45:00+05:30,3245.6,3245.6,3230.8,3234.2,7237
2025-10-24 14:00:00+05:30,3234.2,3241.5,3230.8,3235.2,7577
2025-10-24 14:15:00+05:30,3235.2,3245.5,3235.2,3239.7,6031
2025-10-24 14:30:00+05:30,3239.7,3245.5,3237.6,3238.8,5255
2025-10-24 14:45:00+05:30,3238.9,3248.0,3225.0,3229.8,14815
2025-10-24 15:00:00+05:30,3229.8,3236.7,3224.0,3224.3,11828
2025-10-24 15:15:00+05:30,3224.3,3234.6,3216.0,3218.4,23155
2025-10-24 15:30:00+05:30,3218.5,3220.3,3208.1,3219.9,33923
2025-10-27 09:30:00+05:30,3228.8,3242.4,3190.8,3203.1,19922
2025-10-27 09:45:00+05:30,3203.1,3204.8,3188.1,3196.9,7606
2025-10-27 10:00:00+05:30,3199.1,3228.7,3196.7,3226.5,7131
2025-10-27 10:15:00+05:30,3226.5,3228.6,3208.5,3209.7,4557
2025-10-27 10:30:00+05:30,3209.7,3218.3,3209.7,3212.7,2709
2025-10-27 10:45:00+05:30,3212.7,3217.9,3210.0,3211.3,1283
2025-10-27 11:00:00+05:30,3211.3,3216.5,3210.5,3215.0,1110
2025-10-27 11:15:00+05:30,3215.0,3225.0,3213.0,3222.5,6454
2025-10-27 11:30:00+05:30,3223.9,3225.2,3220.0,3222.0,3163
2025-10-27 11:45:00+05:30,3221.7,3224.0,3220.5,3222.0,1781
2025-10-27 12:00:00+05:30,3221.0,3222.1,3215.0,3215.8,4739
2025-10-27 12:15:00+05:30,3215.8,3221.1,3215.8,3219.0,1234
2025-10-27 12:30:00+05:30,3219.0,3223.7,3217.1,3220.0,2351
2025-10-27 12:45:00+05:30,3220.8,3222.3,3212.8,3216.8,6850
2025-10-27 13:00:00+05:30,3215.3,3218.3,3213.6,3215.0,985
2025-10-27 13:15:00+05:30,3215.0,3221.9,3214.8,3220.4,9494
2025-10-27 13:30:00+05:30,3220.0,3221.2,3219.1,3221.2,7179
2025-10-27 13:45:00+05:30,3221.2,3222.8,3219.5,3220.0,2222
2025-10-27 14:00:00+05:30,3220.0,3220.9,3219.5,3220.0,2314
2025-10-27 14:15:00+05:30,3220.0,3223.4,3218.3,3220.9,2651
2025-10-27 14:30:00+05:30,3221.6,3223.0,3217.0,3217.0,2072
2025-10-27 14:45:00+05:30,3218.3,3218.3,3213.0,3217.3,1998
2025-10-27 15:00:00+05:30,3217.3,3218.5,3213.0,3214.0,3819
2025-10-27 15:15:00+05:30,3215.1,3218.5,3212.3,3214.2,8383
2025-10-27 15:30:00+05:30,3214.2,3220.5,3201.7,3217.0,16126
2025-10-28 09:30:00+05:30,3230.1,3288.8,3200.0,3236.8,33985
2025-10-28 09:45:00+05:30,3236.8,3236.8,3215.2,3215.2,4987
2025-10-28 10:00:00+05:30,3217.0,3223.3,3213.0,3218.7,5496
2025-10-28 10:15:00+05:30,3217.0,3222.1,3212.0,3215.0,4998
2025-10-28 10:30:00+05:30,3215.0,3219.3,3212.5,3215.1,1909
2025-10-28 10:45:00+05:30,3215.1,3218.8,3210.6,3217.1,4106
2025-10-28 11:00:00+05:30,3217.0,3219.8,3210.8,3217.5,4148
2025-10-28 11:15:00+05:30,3216.8,3240.0,3215.5,3231.9,11971
2025-10-28 11:30:00+05:30,3230.0,3235.3,3221.3,3223.9,6850
2025-10-28 11:45:00+05:30,3223.9,3223.9,3211.3,3214.3,3418
2025-10-28 12:00:00+05:30,3214.3,3221.9,3211.0,3212.0,3903
2025-10-28 12:15:00+05:30,3212.0,3217.0,3206.1,3209.7,4066
2025-10-28 12:30:00+05:30,3209.7,3210.0,3201.0,3201.6,8023
2025-10-28 12:45:00+05:30,3200.0,3210.9,3200.0,3209.3,3236
2025-10-28 13:00:00+05:30,3209.1,3210.0,3201.1,3201.5,2040
2025-10-28 13:15:00+05:30,3201.1,3205.0,3192.6,3202.3,13529
2025-10-28 13:30:00+05:30,3202.5,3209.3,3201.0,3207.7,5082
2025-10-28 13:45:00+05:30,3205.5,3208.5,3195.4,3198.7,5093
2025-10-28 14:00:00+05:30,3199.4,3200.2,3195.6,3199.5,2230
2025-10-28 14:15:00+05:30,3199.5,3200.4,3198.2,3199.6,3461
2025-10-28 14:30:00+05:30,3199.6,3200.9,3195.3,3199.8,4294
2025-10-28 14:45:00+05:30,3199.8,3199.8,3186.3,3199.0,5654
2025-10-28 15:00:00+05:30,3197.1,3200.0,3189.0,3191.7,9700
2025-10-28 15:15:00+05:30,3191.7,3198.0,3180.2,3192.1,17573
2025-10-28 15:30:00+05:30,3192.1,3199.0,3177.0,3189.0,24185
2025-10-29 09:30:00+05:30,3209.0,3231.0,3183.8,3222.9,23492
2025-10-29 09:45:00+05:30,3224.0,3228.0,3212.8,3217.6,9353
2025-10-29 10:00:00+05:30,3220.0,3226.0,3215.0,3218.3,4489
2025-10-29 10:15:00+05:30,3218.3,3218.8,3205.0,3210.0,4548
2025-10-29 10:30:00+05:30,3211.6,3212.9,3190.0,3193.7,14789
2025-10-29 10:45:00+05:30,3194.0,3209.7,3185.6,3195.9,18532
2025-10-29 11:00:00+05:30,3196.0,3196.7,3190.0,3196.7,5198
2025-10-29 11:15:00+05:30,3197.0,3206.0,3192.0,3192.4,12417
2025-10-29 11:30:00+05:30,3192.4,3193.7,3180.0,3182.5,3978
2025-10-29 11:45:00+05:30,3183.0,3194.4,3183.0,3187.7,2698
2025-10-29 12:00:00+05:30,3187.7,3193.1,3184.0,3185.0,2879
2025-10-29 12:15:00+05:30,3186.2,3191.3,3186.2,3190.1,2694
2025-10-29 12:30:00+05:30,3190.1,3196.4,3187.8,3192.1,2627
2025-10-29 12:45:00+05:30,3192.1,3196.0,3184.0,3189.2,5587
2025-10-29 13:00:00+05:30,3190.0,3197.2,3189.2,3193.0,10571
2025-10-29 13:15:00+05:30,3193.0,3204.8,3191.9,3195.6,11665
2025-10-29 13:30:00+05:30,3195.6,3218.4,3191.7,3206.6,36755
2025-10-29 13:45:00+05:30,3206.6,3226.4,3206.3,3220.0,45619
2025-10-29 14:00:00+05:30,3220.0,3222.2,3210.4,3210.4,22815
2025-10-29 14:15:00+05:30,3210.2,3215.0,3200.0,3209.0,7713
2025-10-29 14:30:00+05:30,3206.7,3212.1,3195.3,3201.4,23690
2025-10-29 14:45:00+05:30,3199.2,3233.0,3147.9,3166.2,210964
2025-10-29 15:00:00+05:30,3166.3,3177.2,3145.1,3163.6,55833
2025-10-29 15:15:00+05:30,3164.5,3172.8,3162.2,3167.0,34681
2025-10-29 15:30:00+05:30,3167.0,3170.2,3158.0,3169.9,59027
2025-10-30 09:30:00+05:30,3187.0,3187.0,3155.0,3177.3,42874
2025-10-30 09:45:00+05:30,3177.3,3179.9,3158.4,3172.5,22036
2025-10-30 10:00:00+05:30,3171.9,3174.9,3165.5,3169.9,25794
2025-10-30 10:15:00+05:30,3169.9,3170.0,3163.4,3167.1,6187
2025-10-30 10:30:00+05:30,3165.8,3167.9,3157.0,3160.0,7991
2025-10-30 10:45:00+05:30,3160.0,3161.6,3156.2,3156.9,3502
2025-10-30 11:00:00+05:30,3156.9,3165.4,3155.1,3162.2,9322
2025-10-30 11:15:00+05:30,3162.2,3170.0,3132.2,3146.4,83813
2025-10-30 11:30:00+05:30,3146.3,3149.9,3140.1,3149.2,5462
2025-10-30 11:45:00+05:30,3149.4,3153.1,3147.1,3152.6,3743
2025-10-30 12:00:00+05:30,3152.6,3159.0,3151.2,3156.0,2950
2025-10-30 12:15:00+05:30,3156.0,3158.6,3152.8,3154.8,4819
2025-10-30 12:30:00+05:30,3154.6,3155.6,3144.2,3147.0,6523
2025-10-30 12:45:00+05:30,3146.9,3152.2,3143.6,3143.6,4852
2025-10-30 13:00:00+05:30,3145.5,3150.8,3138.0,3138.0,5549
2025-10-30 13:15:00+05:30,3139.0,3140.3,3133.8,3138.8,4443
2025-10-30 13:30:00+05:30,3139.6,3139.6,3132.9,3133.4,4828
2025-10-30 13:45:00+05:30,3133.0,3135.2,3128.1,3129.9,3889
2025-10-30 14:00:00+05:30,3128.2,3140.0,3128.2,3138.4,8972
2025-10-30 14:15:00+05:30,3138.4,3144.1,3133.1,3133.1,11604
2025-10-30 14:30:00+05:30,3134.6,3141.0,3133.0,3137.2,12151
2025-10-30 14:45:00+05:30,3137.2,3139.9,3133.1,3135.5,5322
2025-10-30 15:00:00+05:30,3134.5,3141.6,3133.3,3138.3,8988
2025-10-30 15:15:00+05:30,3138.3,3149.6,3137.2,3147.3,14258
2025-10-30 15:30:00+05:30,3147.3,3149.8,3138.0,3145.0,39334
2025-10-31 09:30:00+05:30,3149.0,3156.6,3134.2,3145.1,197003
2025-10-31 09:45:00+05:30,3145.0,3147.7,3141.0,3141.0,18738
2025-10-31 10:00:00+05:30,3141.0,3150.3,3136.5,3147.9,137871
2025-10-31 10:15:00+05:30,3147.9,3151.1,3143.1,3148.3,13455
2025-10-31 10:30:00+05:30,3148.3,3161.9,3145.0,3154.8,90649
2025-10-31 10:45:00+05:30,3154.8,3176.2,3154.0,3162.5,75102
2025-10-31 11:00:00+05:30,3162.5,3166.1,3151.7,3163.6,17173
2025-10-31 11:15:00+05:30,3164.3,3167.2,3157.0,3161.0,7959
2025-10-31 11:30:00+05:30,3161.0,3169.5,3158.1,3164.9,17548
2025-10-31 11:45:00+05:30,3164.9,3167.9,3158.0,3163.7,13906
2025-10-31 12:00:00+05:30,3163.6,3165.3,3158.0,3159.8,4929
2025-10-31 12:15:00+05:30,3160.0,3160.0,3157.8,3160.0,5316
2025-10-31 12:30:00+05:30,3160.0,3161.4,3156.7,3159.5,8127
2025-10-31 12:45:00+05:30,3159.3,3160.0,3155.6,3159.0,4857
2025-10-31 13:00:00+05:30,3157.6,3159.5,3152.8,3153.4,12273
2025-10-31 13:15:00+05:30,3153.4,3156.0,3141.2,3144.2,8767
2025-10-31 13:30:00+05:30,3144.2,3146.0,3134.1,3136.2,6015
2025-10-31 13:45:00+05:30,3137.1,3139.4,3129.0,3132.1,5741
2025-10-31 14:00:00+05:30,3133.3,3135.2,3121.1,3133.1,9547
2025-10-31 14:15:00+05:30,3131.8,3134.0,3123.3,3130.0,3711
2025-10-31 14:30:00+05:30,3130.0,3131.2,3121.0,3123.1,7438
2025-10-31 14:45:00+05:30,3123.1,3127.5,3112.1,3125.5,10559
2025-10-31 15:00:00+05:30,3125.5,3127.0,3118.7,3125.0,9482
2025-10-31 15:15:00+05:30,3125.0,3139.0,3121.2,3134.7,32195
2025-10-31 15:30:00+05:30,3134.4,3146.0,3129.3,3135.0,34991
2025-11-03 09:30:00+05:30,3149.9,3170.0,3120.5,3165.0,52428
2025-11-03 09:45:00+05:30,3163.8,3165.0,3153.3,3159.7,10040
2025-11-03 10:00:00+05:30,3159.6,3159.6,3142.1,3147.7,16835
2025-11-03 10:15:00+05:30,3147.7,3157.4,3146.0,3154.9,7670
2025-11-03 10:30:00+05:30,3154.9,3167.5,3150.5,3167.5,15731
2025-11-03 10:45:00+05:30,3167.6,3175.0,3162.0,3170.0,16824
2025-11-03 11:00:00+05:30,3170.0,3203.4,3167.9,3188.1,40461
2025-11-03 11:15:00+05:30,3190.9,3191.4,3178.0,3178.0,8799
2025-11-03 11:30:00+05:30,3178.0,3195.0,3178.0,3194.1,7899
2025-11-03 11:45:00+05:30,3193.0,3195.4,3190.0,3193.4,7359
2025-11-03 12:00:00+05:30,3193.4,3196.2,3186.1,3190.2,9251
2025-11-03 12:15:00+05:30,3190.2,3190.5,3178.6,3179.2,8602
2025-11-03 12:30:00+05:30,3179.9,3190.0,3173.0,3187.2,12319
2025-11-03 12:45:00+05:30,3187.1,3189.5,3185.5,3188.7,3268
2025-11-03 13:00:00+05:30,3187.4,3197.0,3187.4,3190.9,14823
2025-11-03 13:15:00+05:30,3189.2,3190.9,3186.1,3186.1,3225
2025-11-03 13:30:00+05:30,3186.1,3188.1,3183.0,3184.6,4492
2025-11-03 13:45:00+05:30,3185.0,3185.7,3184.2,3184.6,4018
2025-11-03 14:00:00+05:30,3184.6,3195.3,3184.6,3193.0,9803
2025-11-03 14:15:00+05:30,3193.0,3195.0,3189.6,3192.0,11084
2025-11-03 14:30:00+05:30,3192.0,3195.0,3189.6,3192.2,5427
2025-11-03 14:45:00+05:30,3193.0,3195.4,3188.3,3193.0,15286
2025-11-03 15:00:00+05:30,3192.1,3197.0,3191.0,3194.6,13910
2025-11-03 15:15:00+05:30,3195.0,3196.0,3190.2,3192.9,17169
2025-11-03 15:30:00+05:30,3192.9,3196.2,3186.6,3193.4,29736
2025-11-04 09:30:00+05:30,3210.0,3210.0,3185.1,3203.0,23784
2025-11-04 09:45:00+05:30,3202.6,3206.7,3192.9,3193.9,11925
2025-11-04 10:00:00+05:30,3194.9,3202.5,3192.1,3195.7,10387
2025-11-04 10:15:00+05:30,3195.6,3200.3,3192.5,3197.4,4448
2025-11-04 10:30:00+05:30,3198.3,3206.0,3193.1,3204.1,5912
2025-11-04 10:45:00+05:30,3204.5,3205.8,3200.9,3203.6,6350
2025-11-04 11:00:00+05:30,3203.5,3207.6,3201.1,3206.6,5318
2025-11-04 11:15:00+05:30,3206.6,3207.5,3199.7,3201.0,5143
2025-11-04 11:30:00+05:30,3201.0,3204.0,3197.7,3202.0,9286
2025-11-04 11:45:00+05:30,3202.0,3203.0,3199.4,3202.0,7295
2025-11-04 12:00:00+05:30,3202.0,3205.9,3201.5,3203.7,9069
2025-11-04 12:15:00+05:30,3203.5,3211.4,3203.1,3210.0,22884
2025-11-04 12:30:00+05:30,3212.5,3216.1,3207.0,3213.8,20905
2025-11-04 12:45:00+05:30,3213.8,3215.7,3210.8,3215.4,7362
2025-11-04 13:00:00+05:30,3214.9,3215.5,3210.4,3212.9,5271
2025-11-04 13:15:00+05:30,3212.9,3214.2,3206.1,3206.7,8366
2025-11-04 13:30:00+05:30,3206.7,3210.0,3205.5,3207.8,7585
2025-11-04 13:45:00+05:30,3208.0,3209.5,3204.0,3207.0,7110
2025-11-04 14:00:00+05:30,3207.1,3211.0,3204.0,3204.1,6707
2025-11-04 14:15:00+05:30,3204.1,3205.0,3199.7,3200.0,6145
2025-11-04 14:30:00+05:30,3200.0,3203.5,3200.0,3203.5,5646
2025-11-04 14:45:00+05:30,3203.0,3205.0,3202.8,3203.3,19280
2025-11-04 15:00:00+05:30,3203.3,3204.3,3195.2,3195.8,10760
2025-11-04 15:15:00+05:30,3197.6,3200.0,3196.0,3200.0,13618
2025-11-04 15:30:00+05:30,3200.0,3200.0,3196.0,3199.2,23053
2025-11-06 09:30:00+05:30,3207.0,3255.0,3185.0,3251.1,48401
2025-11-06 09:45:00+05:30,3251.1,3253.0,3240.0,3244.2,18533
2025-11-06 10:00:00+05:30,3245.7,3258.0,3242.7,3248.7,26587
2025-11-06 10:15:00+05:30,3248.7,3252.6,3241.5,3245.9,11344
2025-11-06 10:30:00+05:30,3245.0,3249.2,3229.5,3240.8,15514
2025-11-06 10:45:00+05:30,3242.4,3248.0,3219.9,3222.2,14471
2025-11-06 11:00:00+05:30,3223.7,3233.6,3219.1,3228.0,8544
2025-11-06 11:15:00+05:30,3228.6,3231.1,3225.9,3227.7,8202
2025-11-06 11:30:00+05:30,3230.1,3230.6,3222.1,3225.5,7152
2025-11-06 11:45:00+05:30,3225.7,3228.0,3222.8,3225.8,5996
2025-11-06 12:00:00+05:30,3226.4,3228.9,3222.1,3225.9,5163
2025-11-06 12:15:00+05:30,3227.3,3234.7,3225.6,3232.1,6126
2025-11-06 12:30:00+05:30,3232.1,3237.5,3227.0,3235.8,6390
2025-11-06 12:45:00+05:30,3234.2,3237.3,3222.7,3226.0,9153
2025-11-06 13:00:00+05:30,3224.2,3237.9,3222.1,3235.0,8246
2025-11-06 13:15:00+05:30,3235.4,3243.5,3228.3,3234.7,9075
2025-11-06 13:30:00+05:30,3232.9,3235.0,3222.0,3222.7,8477
2025-11-06 13:45:00+05:30,3224.7,3228.5,3215.8,3218.3,7941
2025-11-06 14:00:00+05:30,3218.3,3226.2,3216.0,3222.3,8089
2025-11-06 14:15:00+05:30,3222.3,3228.5,3221.0,3225.1,6440
2025-11-06 14:30:00+05:30,3225.0,3230.0,3220.6,3224.9,6381
2025-11-06 14:45:00+05:30,3224.9,3225.0,3223.3,3223.5,5890
2025-11-06 15:00:00+05:30,3224.5,3225.1,3208.3,3213.1,13889
2025-11-06 15:15:00+05:30,3212.5,3219.1,3169.0,3177.1,27505
2025-11-06 15:30:00+05:30,3177.3,3184.8,3172.1,3178.0,22877
2025-11-07 09:30:00+05:30,3175.0,3184.2,3163.5,3175.1,10881
2025-11-07 09:45:00+05:30,3175.2,3194.3,3174.0,3183.8,8438
2025-11-07 10:00:00+05:30,3182.6,3223.9,3181.9,3217.6,14373
2025-11-07 10:15:00+05:30,3217.6,3237.8,3217.6,3227.8,28702
2025-11-07 10:30:00+05:30,3227.8,3249.9,3224.1,3249.9,30165
2025-11-07 10:45:00+05:30,3249.6,3259.8,3249.6,3256.8,26621
2025-11-07 11:00:00+05:30,3256.8,3268.0,3256.8,3265.2,21077
2025-11-07 11:15:00+05:30,3265.2,3274.0,3261.0,3272.4,22224
2025-11-07 11:30:00+05:30,3272.4,3276.0,3267.4,3273.2,15467
2025-11-07 11:45:00+05:30,3273.2,3276.0,3272.9,3274.1,10600
2025-11-07 12:00:00+05:30,3274.1,3276.0,3262.2,3266.6,18845
2025-11-07 12:15:00+05:30,3266.7,3270.0,3263.3,3269.9,12892
2025-11-07 12:30:00+05:30,3270.0,3306.0,3267.8,3304.1,32001
2025-11-07 12:45:00+05:30,3304.1,3309.7,3284.7,3292.4,30484
2025-11-07 13:00:00+05:30,3292.3,3294.5,3262.0,3270.0,24164
2025-11-07 13:15:00+05:30,3270.0,3281.4,3264.0,3274.4,13116
2025-11-07 13:30:00+05:30,3275.0,3282.3,3268.9,3278.1,13829
2025-11-07 13:45:00+05:30,3278.6,3292.0,3278.3,3289.5,21302
2025-11-07 14:00:00+05:30,3291.0,3303.6,3289.6,3300.0,36446
2025-11-07 14:15:00+05:30,3300.0,3302.0,3295.3,3301.5,19938
2025-11-07 14:30:00+05:30,3300.1,3303.0,3300.0,3301.8,9122
2025-11-07 14:45:00+05:30,3301.9,3313.9,3300.0,3313.5,33784
2025-11-07 15:00:00+05:30,3312.1,3329.0,3301.9,3305.9,55235
2025-11-07 15:15:00+05:30,3305.8,3315.0,3303.3,3312.6,43613
2025-11-07 15:30:00+05:30,3312.3,3315.0,3301.8,3308.0,43049
2025-11-10 09:30:00+05:30,3315.9,3317.7,3262.9,3267.5,17413
2025-11-10 09:45:00+05:30,3267.5,3268.7,3255.3,3260.4,7217
2025-11-10 10:00:00+05:30,3260.1,3267.0,3250.6,3254.4,6607
2025-11-10 10:15:00+05:30,3254.4,3268.1,3250.6,3255.6,10263
2025-11-10 10:30:00+05:30,3256.0,3257.6,3251.3,3252.9,3966
2025-11-10 10:45:00+05:30,3252.5,3266.9,3252.0,3260.0,7273
2025-11-10 11:00:00+05:30,3258.7,3269.5,3258.7,3265.1,6315
2025-11-10 11:15:00+05:30,3265.0,3267.0,3253.2,3253.7,6520
2025-11-10 11:30:00+05:30,3253.7,3261.6,3247.0,3261.6,13671
2025-11-10 11:45:00+05:30,3261.6,3268.6,3255.4,3262.1,9565
2025-11-10 12:00:00+05:30,3262.3,3266.0,3260.0,3262.0,5101
2025-11-10 12:15:00+05:30,3263.4,3263.9,3257.5,3258.0,4862
2025-11-10 12:30:00+05:30,3258.1,3264.1,3258.1,3259.4,4504
2025-11-10 12:45:00+05:30,3259.4,3260.0,3258.0,3259.7,4823
2025-11-10 13:00:00+05:30,3259.7,3261.2,3255.1,3255.9,4090
2025-11-10 13:15:00+05:30,3256.7,3260.0,3254.0,3257.7,4877
2025-11-10 13:30:00+05:30,3257.2,3261.0,3255.6,3260.6,3802
2025-11-10 13:45:00+05:30,3259.9,3262.5,3257.1,3257.5,3596
2025-11-10 14:00:00+05:30,3258.4,3260.0,3255.0,3259.0,3840
2025-11-10 14:15:00+05:30,3259.2,3260.0,3254.9,3255.1,4440
2025-11-10 14:30:00+05:30,3256.7,3260.0,3254.9,3258.3,3908
2025-11-10 14:45:00+05:30,3259.0,3260.0,3258.2,3258.4,5647
2025-11-10 15:00:00+05:30,3258.4,3260.5,3251.1,3260.0,10143
2025-11-10 15:15:00+05:30,3260.0,3264.7,3258.0,3259.4,16076
2025-11-10 15:30:00+05:30,3259.4,3260.0,3256.0,3260.0,18563
2025-11-11 09:30:00+05:30,3259.6,3304.0,3259.6,3297.9,17218
2025-11-11 09:45:00+05:30,3299.0,3299.0,3285.0,3286.1,18575
2025-11-11 10:00:00+05:30,3286.1,3292.0,3286.1,3289.0,3380
2025-11-11 10:15:00+05:30,3288.7,3297.4,3288.1,3291.0,4860
2025-11-11 10:30:00+05:30,3291.0,3291.0,3287.9,3289.9,4491
2025-11-11 10:45:00+05:30,3290.0,3291.4,3289.3,3290.0,4121
2025-11-11 11:00:00+05:30,3289.9,3290.4,3286.7,3286.7,6200
2025-11-11 11:15:00+05:30,3286.3,3289.0,3283.0,3286.8,2877
2025-11-11 11:30:00+05:30,3288.5,3290.0,3283.3,3287.9,3965
2025-11-11 11:45:00+05:30,3287.9,3288.0,3285.0,3286.4,2898
2025-11-11 12:00:00+05:30,3287.7,3287.7,3280.1,3283.6,3346
2025-11-11 12:15:00+05:30,3283.6,3285.0,3282.9,3283.9,3321
2025-11-11 12:30:00+05:30,3283.9,3285.8,3282.2,3284.6,4717
2025-11-11 12:45:00+05:30,3283.8,3286.1,3279.9,3281.1,3964
2025-11-11 13:00:00+05:30,3281.0,3281.0,3268.0,3269.2,32771
2025-11-11 13:15:00+05:30,3270.6,3280.0,3249.6,3276.1,17322
2025-11-11 13:30:00+05:30,3277.4,3280.0,3272.0,3278.1,2152
2025-11-11 13:45:00+05:30,3278.9,3285.0,3278.1,3284.5,4775
2025-11-11 14:00:00+05:30,3284.9,3285.0,3279.7,3281.2,2988
2025-11-11 14:15:00+05:30,3282.0,3285.0,3281.4,3284.0,2450
2025-11-11 14:30:00+05:30,3284.0,3285.0,3278.3,3284.5,4849
2025-11-11 14:45:00+05:30,3282.8,3284.9,3273.9,3274.9,5930
2025-11-11 15:00:00+05:30,3276.1,3288.9,3273.0,3276.3,19056
2025-11-11 15:15:00+05:30,3276.3,3278.0,3273.2,3275.0,34406
2025-11-11 15:30:00+05:30,3275.0,3277.7,3269.0,3272.5,12010
2025-11-12 09:30:00+05:30,3288.0,3357.0,3280.0,3333.5,69179
2025-11-12 09:45:00+05:30,3334.8,3334.8,3292.8,3309.5,23442
2025-11-12 10:00:00+05:30,3309.5,3311.0,3292.6,3298.6,13953
2025-11-12 10:15:00+05:30,3298.0,3303.0,3291.4,3294.8,8461
2025-11-12 10:30:00+05:30,3294.7,3300.0,3291.1,3296.3,7893
2025-11-12 10:45:00+05:30,3298.0,3319.0,3296.4,3311.9,14129
2025-11-12 11:00:00+05:30,3311.9,3320.0,3304.4,3313.6,12458
2025-11-12 11:15:00+05:30,3315.1,3319.7,3311.0,3316.1,7681
2025-11-12 11:30:00+05:30,3315.6,3320.0,3312.6,3317.9,10179
2025-11-12 11:45:00+05:30,3317.9,3320.0,3307.5,3314.6,6540
2025-11-12 12:00:00+05:30,3314.8,3317.8,3308.1,3308.1,6391
2025-11-12 12:15:00+05:30,3308.2,3318.0,3308.0,3316.2,7448
2025-11-12 12:30:00+05:30,3316.2,3319.0,3311.0,3317.2,7109
2025-11-12 12:45:00+05:30,3317.9,3318.0,3310.4,3311.7,6181
2025-11-12 13:00:00+05:30,3311.7,3314.8,3301.8,3303.3,10018
2025-11-12 13:15:00+05:30,3303.3,3306.1,3291.0,3291.6,7140
2025-11-12 13:30:00+05:30,3293.8,3295.4,3276.9,3281.0,12308
2025-11-12 13:45:00+05:30,3281.1,3310.0,3273.0,3304.7,14663
2025-11-12 14:00:00+05:30,3304.7,3309.7,3298.9,3307.7,8389
2025-11-12 14:15:00+05:30,3307.6,3314.0,3307.1,3314.0,5096
2025-11-12 14:30:00+05:30,3312.7,3314.7,3307.1,3312.6,6493
2025-11-12 14:45:00+05:30,3313.6,3314.9,3306.0,3309.4,10433
2025-11-12 15:00:00+05:30,3311.9,3315.0,3306.6,3308.4,7762
2025-11-12 15:15:00+05:30,3308.4,3313.0,3298.1,3304.0,37232
2025-11-12 15:30:00+05:30,3304.3,3304.3,3298.0,3300.0,36388
2025-11-13 09:30:00+05:30,3319.0,3319.0,3286.9,3287.0,8858
2025-11-13 09:45:00+05:30,3289.1,3289.1,3270.8,3272.1,7515
2025-11-13 10:00:00+05:30,3269.6,3279.3,3268.0,3274.1,3971
2025-11-13 10:15:00+05:30,3274.1,3275.2,3265.0,3269.2,4856
2025-11-13 10:30:00+05:30,3269.3,3277.7,3268.9,3276.2,4296
2025-11-13 10:45:00+05:30,3276.2,3282.3,3276.2,3281.4,3769
2025-11-13 11:00:00+05:30,3281.4,3285.0,3276.7,3281.1,3066
2025-11-13 11:15:00+05:30,3281.1,3284.8,3280.4,3281.0,1797
2025-11-13 11:30:00+05:30,3281.0,3284.4,3277.0,3278.4,2389
2025-11-13 11:45:00+05:30,3278.4,3278.9,3271.0,3271.5,2802
2025-11-13 12:00:00+05:30,3271.2,3275.4,3255.5,3256.1,6249
2025-11-13 12:15:00+05:30,3256.1,3261.4,3253.3,3255.0,5929
2025-11-13 12:30:00+05:30,3254.2,3255.5,3218.0,3218.3,16583
2025-11-13 12:45:00+05:30,3218.3,3223.4,3216.1,3220.0,9011
2025-11-13 13:00:00+05:30,3220.0,3221.9,3219.2,3220.0,3836
2025-11-13 13:15:00+05:30,3220.0,3220.0,3214.5,3219.9,6163
2025-11-13 13:30:00+05:30,3220.0,3225.9,3217.3,3219.4,9762
2025-11-13 13:45:00+05:30,3220.0,3220.0,3216.1,3218.1,5379
2025-11-13 14:00:00+05:30,3218.1,3221.2,3216.0,3219.9,5730
2025-11-13 14:15:00+05:30,3219.9,3220.0,3200.0,3201.0,24666
2025-11-13 14:30:00+05:30,3201.6,3204.3,3198.0,3200.0,13547
2025-11-13 14:45:00+05:30,3200.0,3201.2,3196.5,3199.0,9189
2025-11-13 15:00:00+05:30,3199.7,3200.0,3189.0,3189.0,12926
2025-11-13 15:15:00+05:30,3190.0,3193.0,3188.7,3190.0,25158
2025-11-13 15:30:00+05:30,3190.0,3191.5,3179.0,3180.0,41631
2025-11-14 09:30:00+05:30,3186.0,3222.4,3180.0,3211.3,16790
2025-11-14 09:45:00+05:30,3211.3,3228.5,3211.3,3215.0,12388
2025-11-14 10:00:00+05:30,3215.0,3217.0,3207.5,3207.5,5334
2025-11-14 10:15:00+05:30,3208.3,3209.8,3206.0,3206.5,3276
2025-11-14 10:30:00+05:30,3206.5,3219.7,3205.0,3214.0,7104
2025-11-14 10:45:00+05:30,3214.0,3217.7,3211.7,3215.8,2289
2025-11-14 11:00:00+05:30,3215.5,3228.3,3214.1,3222.4,4623
2025-11-14 11:15:00+05:30,3222.2,3228.3,3220.5,3222.7,1902
2025-11-14 11:30:00+05:30,3222.5,3226.4,3220.0,3226.0,2882
2025-11-14 11:45:00+05:30,3226.0,3240.0,3224.8,3237.2,5416
2025-11-14 12:00:00+05:30,3237.3,3237.3,3231.1,3236.0,1619
2025-11-14 12:15:00+05:30,3238.0,3245.0,3235.2,3241.3,6555
2025-11-14 12:30:00+05:30,3240.4,3248.6,3240.4,3248.6,3259
2025-11-14 12:45:00+05:30,3248.6,3254.0,3245.6,3248.2,8803
2025-11-14 13:00:00+05:30,3250.5,3251.4,3244.5,3245.5,3874
2025-11-14 13:15:00+05:30,3245.5,3253.9,3244.7,3247.9,4518
2025-11-14 13:30:00+05:30,3247.9,3251.9,3246.4,3249.4,2647
2025-11-14 13:45:00+05:30,3249.4,3250.0,3246.0,3247.7,2600
2025-11-14 14:00:00+05:30,3247.7,3262.3,3246.9,3257.6,13965
2025-11-14 14:15:00+05:30,3257.6,3260.2,3248.6,3248.6,5595
2025-11-14 14:30:00+05:30,3248.6,3253.1,3246.1,3249.9,4095
2025-11-14 14:45:00+05:30,3249.9,3252.5,3248.0,3248.6,3669
2025-11-14 15:00:00+05:30,3248.6,3250.2,3246.0,3249.0,8115
2025-11-14 15:15:00+05:30,3250.0,3265.7,3249.1,3263.4,14951
2025-11-14 15:30:00+05:30,3262.5,3265.5,3255.6,3260.0,16998
2025-11-17 09:30:00+05:30,3279.5,3296.0,3273.6,3287.0,16568
2025-11-17 09:45:00+05:30,3287.0,3298.9,3283.2,3295.1,8386
2025-11-17 10:00:00+05:30,3295.1,3315.0,3293.8,3297.1,16570
2025-11-17 10:15:00+05:30,3298.7,3302.8,3290.0,3291.4,7334
2025-11-17 10:30:00+05:30,3291.4,3298.7,3280.6,3293.9,9365
2025-11-17 10:45:00+05:30,3293.9,3299.7,3289.5,3289.5,4057
2025-11-17 11:00:00+05:30,3290.3,3291.9,3285.1,3286.5,4554
2025-11-17 11:15:00+05:30,3286.5,3296.5,3282.1,3286.3,4401
2025-11-17 11:30:00+05:30,3287.2,3297.5,3285.0,3292.1,5058
2025-11-17 11:45:00+05:30,3291.6,3298.1,3290.1,3295.0,5700
2025-11-17 12:00:00+05:30,3294.6,3298.3,3291.4,3294.5,3479
2025-11-17 12:15:00+05:30,3294.5,3296.5,3290.0,3290.5,3176
2025-11-17 12:30:00+05:30,3290.5,3290.5,3278.5,3280.2,12264
2025-11-17 12:45:00+05:30,3280.2,3287.9,3280.2,3284.4,4872
2025-11-17 13:00:00+05:30,3284.4,3291.0,3284.1,3289.2,2614
2025-11-17 13:15:00+05:30,3289.2,3290.3,3278.4,3288.5,8043
2025-11-17 13:30:00+05:30,3288.5,3288.5,3276.5,3285.8,19007
2025-11-17 13:45:00+05:30,3285.8,3287.3,3282.0,3285.5,3261
2025-11-17 14:00:00+05:30,3285.5,3290.3,3284.5,3287.9,1876
2025-11-17 14:15:00+05:30,3287.9,3298.0,3287.9,3292.0,11400
2025-11-17 14:30:00+05:30,3292.0,3294.1,3284.1,3292.1,6210
2025-11-17 14:45:00+05:30,3292.0,3299.0,3292.0,3293.7,6137
2025-11-17 15:00:00+05:30,3293.7,3296.8,3276.2,3281.9,13572
2025-11-17 15:15:00+05:30,3282.0,3289.0,3279.2,3283.8,28685
2025-11-17 15:30:00+05:30,3283.9,3299.5,3281.9,3285.5,26936
2025-11-18 09:30:00+05:30,3299.0,3311.9,3286.0,3300.0,14484
2025-11-18 09:45:00+05:30,3299.2,3308.0,3298.4,3306.1,14939
2025-11-18 10:00:00+05:30,3306.1,3309.0,3296.0,3297.0,11190
2025-11-18 10:15:00+05:30,3298.6,3298.6,3293.0,3295.9,6241
2025-11-18 10:30:00+05:30,3295.4,3298.4,3289.7,3289.8,5586
2025-11-18 10:45:00+05:30,3291.1,3294.2,3285.0,3293.3,11815
2025-11-18 11:00:00+05:30,3293.1,3303.6,3285.6,3290.1,5325
2025-11-18 11:15:00+05:30,3291.0,3295.0,3287.1,3294.9,3044
2025-11-18 11:30:00+05:30,3294.9,3294.9,3288.0,3288.2,3202
2025-11-18 11:45:00+05:30,3288.2,3295.0,3281.0,3282.3,32334
2025-11-18 12:00:00+05:30,3282.3,3285.8,3280.0,3283.9,2741
2025-11-18 12:15:00+05:30,3283.6,3287.7,3283.0,3284.7,2376
2025-11-18 12:30:00+05:30,3284.7,3284.9,3276.6,3283.3,2975
2025-11-18 12:45:00+05:30,3283.3,3290.7,3283.2,3285.5,4645
2025-11-18 13:00:00+05:30,3285.6,3291.6,3284.8,3285.6,3880
2025-11-18 13:15:00+05:30,3285.6,3290.6,3285.1,3289.0,3077
2025-11-18 13:30:00+05:30,3289.0,3293.0,3288.9,3292.9,10204
2025-11-18 13:45:00+05:30,3292.7,3294.0,3283.4,3287.5,38025
2025-11-18 14:00:00+05:30,3287.9,3300.0,3287.7,3293.7,11619
2025-11-18 14:15:00+05:30,3294.1,3300.0,3293.2,3299.2,4922
2025-11-18 14:30:00+05:30,3299.2,3300.0,3285.0,3286.4,11588
2025-11-18 14:45:00+05:30,3286.1,3288.3,3283.4,3284.4,6120
2025-11-18 15:00:00+05:30,3284.7,3289.1,3280.0,3284.9,8154
2025-11-18 15:15:00+05:30,3284.9,3294.2,3284.9,3287.5,21852
2025-11-18 15:30:00+05:30,3287.5,3300.0,3285.8,3288.0,27117
2025-11-19 09:30:00+05:30,3299.0,3301.0,3282.4,3291.0,17322
2025-11-19 09:45:00+05:30,3291.0,3291.6,3281.5,3286.8,5490
2025-11-19 10:00:00+05:30,3286.8,3289.6,3282.1,3283.0,4352
2025-11-19 10:15:00+05:30,3282.9,3282.9,3267.6,3269.3,6068
2025-11-19 10:30:00+05:30,3269.9,3270.0,3264.8,3269.9,3538
2025-11-19 10:45:00+05:30,3269.9,3276.5,3268.9,3273.3,10827
2025-11-19 11:00:00+05:30,3273.4,3279.9,3270.1,3274.1,4304
2025-11-19 11:15:00+05:30,3276.0,3278.4,3270.0,3270.2,4484
2025-11-19 11:30:00+05:30,3270.3,3272.7,3268.4,3270.4,4305
2025-11-19 11:45:00+05:30,3270.4,3271.2,3268.7,3270.0,5486
2025-11-19 12:00:00+05:30,3269.9,3270.0,3265.0,3267.2,4542
2025-11-19 12:15:00+05:30,3267.1,3270.0,3266.3,3270.0,6863
2025-11-19 12:30:00+05:30,3270.0,3270.0,3256.1,3258.1,7919
2025-11-19 12:45:00+05:30,3259.3,3260.0,3246.6,3247.8,8173
2025-11-19 13:00:00+05:30,3247.9,3251.4,3246.0,3246.0,8031
2025-11-19 13:15:00+05:30,3246.0,3249.1,3242.1,3246.7,4426
2025-11-19 13:30:00+05:30,3246.7,3248.7,3229.9,3230.1,14506
2025-11-19 13:45:00+05:30,3230.0,3233.7,3225.2,3228.1,7539
2025-11-19 14:00:00+05:30,3227.2,3230.0,3227.2,3229.8,3860
2025-11-19 14:15:00+05:30,3229.8,3230.0,3228.4,3229.6,4474
2025-11-19 14:30:00+05:30,3230.0,3230.0,3225.5,3229.6,6016
2025-11-19 14:45:00+05:30,3229.6,3258.2,3228.4,3253.8,7033
2025-11-19 15:00:00+05:30,3253.8,3260.0,3228.1,3228.8,10640
2025-11-19 15:15:00+05:30,3228.9,3236.4,3226.6,3230.0,28460
2025-11-19 15:30:00+05:30,3229.9,3230.0,3226.4,3230.0,25870
2025-11-20 09:30:00+05:30,3262.0,3340.0,3261.7,3339.0,82394
2025-11-20 09:45:00+05:30,3338.5,3385.5,3335.3,3370.1,185821
2025-11-20 10:00:00+05:30,3370.1,3417.6,3370.0,3406.9,178789
2025-11-20 10:15:00+05:30,3406.5,3422.6,3388.0,3413.4,135351
2025-11-20 10:30:00+05:30,3414.9,3451.0,3412.0,3444.7,195260
2025-11-20 10:45:00+05:30,3445.8,3490.0,3439.1,3458.1,253111
2025-11-20 11:00:00+05:30,3458.1,3548.1,3458.1,3544.1,448856
2025-11-20 11:15:00+05:30,3544.1,3591.9,3543.5,3570.7,630697
2025-11-20 11:30:00+05:30,3572.0,3572.1,3512.3,3537.8,456788
2025-11-20 11:45:00+05:30,3538.4,3539.4,3475.2,3493.7,426953
2025-11-20 12:00:00+05:30,3494.0,3500.0,3465.0,3468.0,243685
2025-11-20 12:15:00+05:30,3467.7,3468.0,3422.0,3428.9,445362
2025-11-20 12:30:00+05:30,3429.4,3443.5,3415.0,3416.1,201975
2025-11-20 12:45:00+05:30,3417.1,3423.3,3401.0,3401.9,205855
2025-11-20 13:00:00+05:30,3402.2,3425.0,3381.3,3386.9,225846
2025-11-20 13:15:00+05:30,3386.9,3390.0,3371.0,3373.3,175609
2025-11-20 13:30:00+05:30,3374.0,3375.8,3360.6,3370.6,108207
2025-11-20 13:45:00+05:30,3371.0,3372.0,3344.9,3363.0,156662
2025-11-20 14:00:00+05:30,3362.0,3375.1,3360.1,3367.3,134069
2025-11-20 14:15:00+05:30,3366.3,3373.8,3335.0,3356.6,193705
2025-11-20 14:30:00+05:30,3355.3,3386.0,3351.5,3383.3,119508
2025-11-20 14:45:00+05:30,3383.1,3385.0,3353.4,3357.0,112433
2025-11-20 15:00:00+05:30,3357.0,3367.0,3352.4,3360.2,86540
2025-11-20 15:15:00+05:30,3360.8,3376.6,3355.0,3367.9,226459
2025-11-20 15:30:00+05:30,3367.1,3400.0,3363.9,3400.0,271908
2025-11-21 09:30:00+05:30,3395.0,3447.2,3385.0,3401.0,273531
2025-11-21 09:45:00+05:30,3402.6,3404.0,3380.5,3390.6,69855
2025-11-21 10:00:00+05:30,3390.8,3405.0,3385.0,3387.5,137294
2025-11-21 10:15:00+05:30,3387.5,3391.6,3377.0,3388.5,26931
2025-11-21 10:30:00+05:30,3388.5,3395.5,3368.4,3372.0,46984
2025-11-21 10:45:00+05:30,3370.9,3378.0,3360.0,3363.0,38641
2025-11-21 11:00:00+05:30,3363.0,3386.0,3360.0,3379.9,30324
2025-11-21 11:15:00+05:30,3378.4,3384.7,3370.0,3377.3,20594
2025-11-21 11:30:00+05:30,3377.3,3378.8,3350.0,3350.2,22846
2025-11-21 11:45:00+05:30,3350.2,3357.5,3340.5,3342.5,24378
2025-11-21 12:00:00+05:30,3342.5,3346.0,3322.2,3323.0,24994
2025-11-21 12:15:00+05:30,3323.0,3329.2,3313.4,3319.8,27603
2025-11-21 12:30:00+05:30,3319.5,3328.6,3311.1,3327.9,24175
2025-11-21 12:45:00+05:30,3328.0,3328.0,3314.7,3319.0,10686
2025-11-21 13:00:00+05:30,3318.4,3334.4,3286.3,3300.0,64811
2025-11-21 13:15:00+05:30,3300.8,3309.5,3295.7,3306.2,17194
2025-11-21 13:30:00+05:30,3306.2,3311.0,3306.2,3308.1,9366
2025-11-21 13:45:00+05:30,3308.1,3310.0,3304.3,3305.8,5777
2025-11-21 14:00:00+05:30,3305.7,3310.0,3292.7,3292.8,16883
2025-11-21 14:15:00+05:30,3292.6,3293.8,3280.0,3289.9,31105
2025-11-21 14:30:00+05:30,3289.9,3290.4,3282.0,3288.0,10641
2025-11-21 14:45:00+05:30,3288.0,3291.0,3287.0,3288.0,18680
2025-11-21 15:00:00+05:30,3288.0,3289.0,3256.2,3259.4,31746
2025-11-21 15:15:00+05:30,3259.4,3286.9,3253.6,3279.3,67262
2025-11-21 15:30:00+05:30,3280.0,3297.0,3267.7,3297.0,54617
2025-11-24 09:30:00+05:30,3289.4,3330.0,3286.7,3319.4,57985
2025-11-24 09:45:00+05:30,3318.6,3325.0,3305.1,3319.3,27155
2025-11-24 10:00:00+05:30,3317.9,3332.1,3285.6,3295.8,32030
2025-11-24 10:15:00+05:30,3297.6,3300.0,3288.8,3293.3,18474
2025-11-24 10:30:00+05:30,3293.3,3309.7,3293.3,3300.5,9694
2025-11-24 10:45:00+05:30,3300.0,3304.6,3294.1,3297.7,13513
2025-11-24 11:00:00+05:30,3295.1,3299.0,3294.0,3296.6,7962
2025-11-24 11:15:00+05:30,3296.6,3299.3,3286.6,3289.8,13066
2025-11-24 11:30:00+05:30,3289.8,3296.8,3289.6,3295.7,5724
2025-11-24 11:45:00+05:30,3295.2,3297.7,3281.8,3285.9,6502
2025-11-24 12:00:00+05:30,3287.4,3289.9,3286.2,3289.8,3878
2025-11-24 12:15:00+05:30,3288.9,3289.9,3286.8,3289.3,3707
2025-11-24 12:30:00+05:30,3289.3,3289.9,3285.1,3285.6,4963
2025-11-24 12:45:00+05:30,3285.6,3289.8,3285.6,3288.1,4020
2025-11-24 13:00:00+05:30,3288.0,3290.1,3285.6,3288.4,3922
2025-11-24 13:15:00+05:30,3288.4,3291.3,3281.5,3285.6,3811
2025-11-24 13:30:00+05:30,3285.6,3289.7,3285.5,3287.9,3318
2025-11-24 13:45:00+05:30,3289.4,3290.8,3285.0,3290.4,4704
2025-11-24 14:00:00+05:30,3290.4,3291.3,3285.2,3287.9,4370
2025-11-24 14:15:00+05:30,3289.5,3290.0,3268.7,3271.4,12536
2025-11-24 14:30:00+05:30,3271.4,3274.5,3265.0,3266.8,7626
2025-11-24 14:45:00+05:30,3266.8,3276.9,3266.8,3274.1,5956
2025-11-24 15:00:00+05:30,3274.1,3276.9,3237.0,3246.4,24468
2025-11-24 15:15:00+05:30,3248.0,3267.5,3243.6,3256.7,87667
2025-11-24 15:30:00+05:30,3256.1,3269.0,3251.7,3267.8,77225
2025-11-25 09:30:00+05:30,3280.0,3316.8,3272.3,3291.0,55077
2025-11-25 09:45:00+05:30,3291.0,3297.3,3282.1,3295.2,18017
2025-11-25 10:00:00+05:30,3292.7,3295.4,3277.0,3279.5,14773
2025-11-25 10:15:00+05:30,3279.5,3289.5,3270.0,3287.9,13056
2025-11-25 10:30:00+05:30,3287.9,3299.5,3284.1,3298.8,10251
2025-11-25 10:45:00+05:30,3299.0,3299.3,3290.5,3294.8,10186
2025-11-25 11:00:00+05:30,3293.9,3295.0,3285.0,3288.6,6260
2025-11-25 11:15:00+05:30,3288.6,3289.2,3283.7,3287.9,4216
2025-11-25 11:30:00+05:30,3287.9,3290.0,3280.8,3284.8,6069
2025-11-25 11:45:00+05:30,3284.8,3289.2,3283.3,3288.8,4292
2025-11-25 12:00:00+05:30,3288.8,3289.3,3283.0,3288.8,5288
2025-11-25 12:15:00+05:30,3288.8,3298.0,3286.9,3298.0,6941
2025-11-25 12:30:00+05:30,3298.0,3298.0,3287.0,3293.2,6714
2025-11-25 12:45:00+05:30,3293.2,3293.2,3285.0,3289.2,6648
2025-11-25 13:00:00+05:30,3289.2,3289.9,3287.4,3289.3,3406
2025-11-25 13:15:00+05:30,3289.3,3289.5,3287.2,3289.5,5069
2025-11-25 13:30:00+05:30,3289.5,3289.5,3286.0,3287.2,3670
2025-11-25 13:45:00+05:30,3287.2,3290.0,3287.0,3288.0,4773
2025-11-25 14:00:00+05:30,3288.0,3288.5,3285.0,3287.3,4005
2025-11-25 14:15:00+05:30,3287.3,3289.0,3286.5,3288.0,5418
2025-11-25 14:30:00+05:30,3288.0,3289.5,3284.9,3284.9,4565
2025-11-25 14:45:00+05:30,3285.0,3287.7,3281.7,3285.4,7452
2025-11-25 15:00:00+05:30,3285.4,3297.7,3284.0,3285.0,14428
2025-11-25 15:15:00+05:30,3285.0,3285.6,3282.5,3285.6,28023
2025-11-25 15:30:00+05:30,3285.6,3286.2,3279.2,3283.0,20744
2025-11-26 09:30:00+05:30,3301.0,3308.0,3276.1,3284.0,21087
2025-11-26 09:45:00+05:30,3283.5,3288.6,3268.0,3272.8,7311
2025-11-26 10:00:00+05:30,3271.2,3275.2,3269.0,3269.9,3773
2025-11-26 10:15:00+05:30,3270.6,3282.1,3270.0,3277.2,3408
2025-11-26 10:30:00+05:30,3277.2,3280.0,3273.3,3273.7,2522
2025-11-26 10:45:00+05:30,3273.7,3290.9,3272.5,3283.7,11948
2025-11-26 11:00:00+05:30,3283.7,3292.4,3282.1,3290.0,6691
2025-11-26 11:15:00+05:30,3290.0,3301.0,3286.8,3291.7,11867
2025-11-26 11:30:00+05:30,3291.7,3304.7,3291.7,3296.1,9236
2025-11-26 11:45:00+05:30,3296.1,3302.8,3292.3,3300.9,7379
2025-11-26 12:00:00+05:30,3300.9,3303.1,3294.3,3300.0,5726
2025-11-26 12:15:00+05:30,3300.0,3311.0,3299.2,3300.0,12984
2025-11-26 12:30:00+05:30,3300.0,3311.8,3300.0,3308.0,6923
2025-11-26 12:45:00+05:30,3308.2,3310.8,3304.8,3309.6,7931
2025-11-26 13:00:00+05:30,3309.1,3309.4,3297.6,3306.0,15085
2025-11-26 13:15:00+05:30,3306.0,3313.0,3295.7,3296.7,11265
2025-11-26 13:30:00+05:30,3295.7,3297.6,3290.4,3295.8,4574
2025-11-26 13:45:00+05:30,3295.8,3301.0,3294.0,3295.0,4003
2025-11-26 14:00:00+05:30,3295.0,3297.8,3294.4,3295.0,6592
2025-11-26 14:15:00+05:30,3295.0,3295.0,3289.5,3294.0,12221
2025-11-26 14:30:00+05:30,3294.0,3299.9,3289.0,3294.0,8250
2025-11-26 14:45:00+05:30,3294.0,3295.0,3289.5,3293.9,10627
2025-11-26 15:00:00+05:30,3294.0,3302.2,3292.9,3293.5,16726
2025-11-26 15:15:00+05:30,3293.5,3294.0,3292.8,3292.8,21106
2025-11-26 15:30:00+05:30,3293.2,3302.4,3289.2,3296.8,29678
2025-11-27 09:30:00+05:30,3307.5,3308.0,3261.9,3262.3,18712
2025-11-27 09:45:00+05:30,3264.0,3265.0,3234.9,3239.0,18396
2025-11-27 10:00:00+05:30,3239.8,3251.3,3239.0,3250.1,7996
2025-11-27 10:15:00+05:30,3251.2,3253.7,3234.1,3237.3,6924
2025-11-27 10:30:00+05:30,3237.2,3245.8,3235.9,3243.8,3450
2025-11-27 10:45:00+05:30,3242.9,3242.9,3216.3,3221.9,19045
2025-11-27 11:00:00+05:30,3222.0,3225.0,3215.1,3219.1,9410
2025-11-27 11:15:00+05:30,3217.3,3217.5,3202.0,3207.2,18360
2025-11-27 11:30:00+05:30,3205.5,3209.3,3195.8,3199.8,11522
2025-11-27 11:45:00+05:30,3199.1,3200.9,3190.9,3197.0,6321
2025-11-27 12:00:00+05:30,3196.4,3196.4,3180.1,3188.4,13637
2025-11-27 12:15:00+05:30,3188.4,3195.9,3187.8,3194.0,10459
2025-11-27 12:30:00+05:30,3192.4,3194.9,3184.1,3191.0,8280
2025-11-27 12:45:00+05:30,3190.0,3195.3,3184.4,3190.1,5691
2025-11-27 13:00:00+05:30,3190.0,3198.6,3190.0,3195.2,6164
2025-11-27 13:15:00+05:30,3193.5,3196.3,3181.0,3181.7,7527
2025-11-27 13:30:00+05:30,3181.1,3181.7,3175.0,3178.4,11781
2025-11-27 13:45:00+05:30,3176.7,3176.7,3166.0,3166.7,11400
2025-11-27 14:00:00+05:30,3166.7,3170.0,3166.0,3170.0,6174
2025-11-27 14:15:00+05:30,3170.0,3177.8,3169.4,3170.0,9133
2025-11-27 14:30:00+05:30,3169.7,3171.0,3168.0,3169.9,5497
2025-11-27 14:45:00+05:30,3169.0,3170.0,3168.0,3169.1,4054
2025-11-27 15:00:00+05:30,3169.3,3173.5,3156.0,3159.7,21504
2025-11-27 15:15:00+05:30,3159.4,3163.6,3145.0,3161.5,43210
2025-11-27 15:30:00+05:30,3161.5,3179.0,3159.0,3177.0,39424
2025-11-28 09:30:00+05:30,3183.0,3206.8,3170.4,3179.6,31098
2025-11-28 09:45:00+05:30,3179.6,3186.8,3165.8,3180.6,13377
2025-11-28 10:00:00+05:30,3180.3,3196.0,3178.2,3186.9,8866
2025-11-28 10:15:00+05:30,3186.9,3194.0,3170.2,3176.4,17661
2025-11-28 10:30:00+05:30,3175.0,3213.6,3172.4,3211.0,23439
2025-11-28 10:45:00+05:30,3211.0,3220.0,3197.1,3204.5,22022
2025-11-28 11:00:00+05:30,3202.3,3228.9,3193.0,3225.7,20949
2025-11-28 11:15:00+05:30,3225.7,3243.5,3196.3,3200.4,51687
2025-11-28 11:30:00+05:30,3200.4,3206.7,3197.3,3200.0,23633
2025-11-28 11:45:00+05:30,3200.0,3200.4,3194.0,3199.9,6661
2025-11-28 12:00:00+05:30,3198.2,3206.5,3198.2,3200.0,5788
2025-11-28 12:15:00+05:30,3200.6,3220.0,3199.5,3217.1,6872
2025-11-28 12:30:00+05:30,3216.9,3230.0,3211.2,3227.5,8616
2025-11-28 12:45:00+05:30,3226.3,3232.2,3224.2,3230.0,7256
2025-11-28 13:00:00+05:30,3230.0,3236.0,3226.1,3236.0,8241
2025-11-28 13:15:00+05:30,3236.0,3245.0,3228.0,3238.5,22247
2025-11-28 13:30:00+05:30,3238.5,3244.9,3233.0,3244.5,7708
2025-11-28 13:45:00+05:30,3244.5,3245.0,3231.7,3238.8,11897
2025-11-28 14:00:00+05:30,3238.6,3239.5,3226.7,3234.3,10758
2025-11-28 14:15:00+05:30,3234.2,3234.7,3227.0,3227.0,8873
2025-11-28 14:30:00+05:30,3227.0,3232.2,3217.1,3223.9,10344
2025-11-28 14:45:00+05:30,3224.0,3230.0,3221.1,3223.5,7768
2025-11-28 15:00:00+05:30,3223.5,3228.3,3223.0,3224.1,12560
2025-11-28 15:15:00+05:30,3224.1,3225.0,3210.1,3213.0,24348
2025-11-28 15:30:00+05:30,3213.5,3213.5,3191.0,3207.0,31799
2025-12-01 09:30:00+05:30,3190.0,3217.1,3186.3,3196.5,14753
2025-12-01 09:45:00+05:30,3197.9,3204.3,3189.0,3189.0,6628
2025-12-01 10:00:00+05:30,3189.0,3203.2,3189.0,3195.1,3571
2025-12-01 10:15:00+05:30,3195.1,3207.0,3193.4,3207.0,3802
2025-12-01 10:30:00+05:30,3207.0,3207.3,3202.1,3202.9,1200
2025-12-01 10:45:00+05:30,3202.9,3210.2,3199.0,3209.2,2963
2025-12-01 11:00:00+05:30,3209.3,3226.6,3205.1,3225.9,8870
2025-12-01 11:15:00+05:30,3225.1,3242.2,3211.0,3219.4,12107
2025-12-01 11:30:00+05:30,3220.0,3220.0,3210.0,3214.6,3031
2025-12-01 11:45:00+05:30,3214.6,3225.6,3212.7,3213.1,2334
2025-12-01 12:00:00+05:30,3212.7,3219.0,3208.0,3217.6,1942
2025-12-01 12:15:00+05:30,3218.7,3219.0,3212.1,3215.4,1223
2025-12-01 12:30:00+05:30,3215.4,3218.7,3211.4,3218.7,1424
2025-12-01 12:45:00+05:30,3218.7,3223.5,3203.3,3207.8,4444
2025-12-01 13:00:00+05:30,3207.6,3215.2,3207.6,3215.0,1083
2025-12-01 13:15:00+05:30,3215.2,3216.0,3207.0,3212.8,1320
2025-12-01 13:30:00+05:30,3212.8,3219.2,3211.1,3213.2,2579
2025-12-01 13:45:00+05:30,3213.2,3220.0,3212.8,3217.3,2486
2025-12-01 14:00:00+05:30,3217.9,3223.2,3216.1,3216.3,1852
2025-12-01 14:15:00+05:30,3217.9,3221.6,3216.1,3221.5,965
2025-12-01 14:30:00+05:30,3221.5,3221.5,3216.0,3216.0,1621
2025-12-01 14:45:00+05:30,3217.8,3224.9,3205.0,3208.0,4426
2025-12-01 15:00:00+05:30,3208.0,3215.6,3202.5,3213.2,2666
2025-12-01 15:15:00+05:30,3213.2,3225.8,3210.4,3222.7,13194
2025-12-01 15:30:00+05:30,3220.2,3224.3,3205.2,3212.0,14778
2025-12-02 09:30:00+05:30,3229.0,3229.0,3205.0,3223.5,14177
2025-12-02 09:45:00+05:30,3223.5,3224.9,3211.9,3211.9,6658
2025-12-02 10:00:00+05:30,3211.9,3217.3,3208.4,3209.4,4315
2025-12-02 10:15:00+05:30,3209.4,3232.5,3206.1,3230.0,9794
2025-12-02 10:30:00+05:30,3230.0,3242.0,3226.0,3240.5,10696
2025-12-02 10:45:00+05:30,3242.0,3244.0,3238.3,3244.0,4846
2025-12-02 11:00:00+05:30,3244.0,3249.0,3240.9,3247.0,5406
2025-12-02 11:15:00+05:30,3247.0,3248.9,3216.5,3219.0,9121
2025-12-02 11:30:00+05:30,3218.9,3231.2,3205.0,3210.6,18998
2025-12-02 11:45:00+05:30,3210.6,3212.6,3209.5,3211.0,2971
2025-12-02 12:00:00+05:30,3211.0,3214.4,3205.1,3205.1,4471
2025-12-02 12:15:00+05:30,3207.8,3209.0,3201.5,3208.0,4266
2025-12-02 12:30:00+05:30,3208.0,3211.8,3205.4,3208.7,7202
2025-12-02 12:45:00+05:30,3208.7,3211.1,3201.5,3203.4,2263
2025-12-02 13:00:00+05:30,3203.0,3208.9,3203.0,3208.9,2934
2025-12-02 13:15:00+05:30,3208.9,3209.0,3204.1,3206.1,2198
2025-12-02 13:30:00+05:30,3206.1,3208.0,3201.5,3205.0,2377
2025-12-02 13:45:00+05:30,3205.0,3209.0,3204.9,3209.0,2544
2025-12-02 14:00:00+05:30,3207.7,3210.7,3196.9,3204.8,5898
2025-12-02 14:15:00+05:30,3204.1,3204.9,3202.0,3203.4,2839
2025-12-02 14:30:00+05:30,3203.4,3210.0,3203.4,3208.2,3333
2025-12-02 14:45:00+05:30,3208.2,3209.0,3205.2,3205.2,3487
2025-12-02 15:00:00+05:30,3207.0,3210.7,3205.3,3208.9,8054
2025-12-02 15:15:00+05:30,3210.2,3226.9,3209.4,3210.8,27529
2025-12-02 15:30:00+05:30,3210.8,3211.0,3206.0,3210.0,31788
2025-12-03 09:30:00+05:30,3214.0,3268.0,3213.9,3262.8,36150
2025-12-03 09:45:00+05:30,3262.6,3273.6,3257.3,3272.0,30373
2025-12-03 10:00:00+05:30,3271.8,3273.4,3227.2,3232.0,23342
2025-12-03 10:15:00+05:30,3234.5,3240.0,3228.3,3235.5,8318
2025-12-03 10:30:00+05:30,3235.6,3252.7,3235.6,3239.2,11673
2025-12-03 10:45:00+05:30,3238.7,3255.0,3236.8,3253.9,10686
2025-12-03 11:00:00+05:30,3253.5,3254.8,3238.1,3243.0,17348
2025-12-03 11:15:00+05:30,3244.8,3249.9,3243.0,3249.9,4057
2025-12-03 11:30:00+05:30,3249.9,3253.0,3244.2,3251.7,4631
2025-12-03 11:45:00+05:30,3251.7,3255.8,3248.4,3249.0,7249
2025-12-03 12:00:00+05:30,3248.9,3254.0,3246.9,3250.5,4134
2025-12-03 12:15:00+05:30,3249.6,3255.0,3249.2,3253.6,4156
2025-12-03 12:30:00+05:30,3253.6,3254.4,3246.3,3247.6,7974
2025-12-03 12:45:00+05:30,3248.8,3254.7,3248.8,3252.0,4693
2025-12-03 13:00:00+05:30,3252.0,3259.0,3252.0,3254.0,15554
2025-12-03 13:15:00+05:30,3254.0,3254.5,3251.1,3252.9,4322
2025-12-03 13:30:00+05:30,3252.9,3254.5,3252.4,3252.9,7284
2025-12-03 13:45:00+05:30,3253.0,3254.5,3248.0,3251.4,10181
2025-12-03 14:00:00+05:30,3251.4,3259.6,3248.5,3258.9,5720
2025-12-03 14:15:00+05:30,3258.9,3263.3,3255.0,3257.9,9493
2025-12-03 14:30:00+05:30,3258.0,3260.0,3255.7,3257.9,5462
2025-12-03 14:45:00+05:30,3257.9,3263.2,3257.5,3259.9,10619
2025-12-03 15:00:00+05:30,3260.0,3263.3,3257.0,3260.0,17868
2025-12-03 15:15:00+05:30,3259.6,3263.6,3257.0,3259.5,23469
2025-12-03 15:30:00+05:30,3260.0,3268.0,3256.1,3259.9,24455
2025-12-04 09:30:00+05:30,3260.7,3265.7,3240.6,3242.0,10315
2025-12-04 09:45:00+05:30,3242.1,3249.7,3235.0,3238.4,5374
2025-12-04 10:00:00+05:30,3238.4,3254.4,3238.4,3249.0,8290
2025-12-04 10:15:00+05:30,3249.0,3250.0,3247.3,3248.6,2070
2025-12-04 10:30:00+05:30,3248.6,3251.7,3247.3,3250.0,4533
2025-12-04 10:45:00+05:30,3250.0,3251.6,3248.4,3249.6,4278
2025-12-04 11:00:00+05:30,3249.6,3249.9,3243.0,3246.8,3604
2025-12-04 11:15:00+05:30,3245.1,3249.9,3245.0,3248.1,1445
2025-12-04 11:30:00+05:30,3248.1,3248.2,3241.1,3241.6,2496
2025-12-04 11:45:00+05:30,3241.6,3245.4,3239.5,3241.5,2187
2025-12-04 12:00:00+05:30,3240.7,3245.2,3237.8,3242.0,1944
2025-12-04 12:15:00+05:30,3242.0,3243.5,3222.8,3225.0,7061
2025-12-04 12:30:00+05:30,3225.0,3240.0,3225.0,3230.7,2737
2025-12-04 12:45:00+05:30,3230.8,3235.0,3228.2,3228.8,1593
2025-12-04 13:00:00+05:30,3228.8,3234.1,3227.0,3232.5,3655
2025-12-04 13:15:00+05:30,3232.5,3243.2,3232.5,3239.6,4477
2025-12-04 13:30:00+05:30,3239.6,3241.7,3234.1,3237.2,2417
2025-12-04 13:45:00+05:30,3235.8,3236.8,3231.5,3231.8,1259
2025-12-04 14:00:00+05:30,3231.8,3234.4,3228.0,3232.0,2633
2025-12-04 14:15:00+05:30,3232.0,3237.6,3232.0,3235.4,1138
2025-12-04 14:30:00+05:30,3235.4,3239.0,3219.9,3227.0,14702
2025-12-04 14:45:00+05:30,3227.0,3233.8,3226.2,3231.5,3449
2025-12-04 15:00:00+05:30,3231.5,3234.3,3217.5,3225.0,11189
2025-12-04 15:15:00+05:30,3225.7,3225.7,3207.3,3216.5,19959
2025-12-04 15:30:00+05:30,3216.5,3223.4,3210.0,3210.0,19832
2025-12-05 09:30:00+05:30,3217.3,3222.8,3184.3,3194.1,13501
2025-12-05 09:45:00+05:30,3192.2,3196.5,3185.3,3187.0,2954
2025-12-05 10:00:00+05:30,3187.0,3190.0,3180.0,3187.2,2820
2025-12-05 10:15:00+05:30,3187.1,3208.9,3186.1,3194.8,3603
2025-12-05 10:30:00+05:30,3194.7,3204.0,3189.0,3193.0,2739
2025-12-05 10:45:00+05:30,3191.5,3196.5,3191.5,3194.5,2081
2025-12-05 11:00:00+05:30,3193.9,3195.7,3190.7,3191.5,1521
2025-12-05 11:15:00+05:30,3193.0,3199.9,3190.7,3195.9,6123
2025-12-05 11:30:00+05:30,3196.7,3203.1,3196.7,3201.4,1578
2025-12-05 11:45:00+05:30,3201.4,3203.7,3198.7,3200.0,3385
2025-12-05 12:00:00+05:30,3200.0,3203.6,3198.1,3202.5,2947
2025-12-05 12:15:00+05:30,3203.8,3203.8,3200.1,3201.3,1277
2025-12-05 12:30:00+05:30,3202.3,3203.8,3200.0,3200.7,2849
2025-12-05 12:45:00+05:30,3202.2,3203.8,3199.2,3200.8,2287
2025-12-05 13:00:00+05:30,3201.4,3203.8,3200.0,3200.8,1024
2025-12-05 13:15:00+05:30,3201.6,3202.0,3200.0,3200.7,571
2025-12-05 13:30:00+05:30,3201.4,3204.0,3200.0,3201.7,3145
2025-12-05 13:45:00+05:30,3203.8,3210.0,3200.0,3201.9,17793
2025-12-05 14:00:00+05:30,3201.9,3203.0,3200.0,3202.0,2075
2025-12-05 14:15:00+05:30,3203.0,3203.0,3196.0,3199.0,3583
2025-12-05 14:30:00+05:30,3199.0,3199.0,3190.0,3196.7,13542
2025-12-05 14:45:00+05:30,3196.8,3203.8,3192.5,3196.0,6856
2025-12-05 15:00:00+05:30,3196.1,3199.9,3193.5,3198.1,3213
2025-12-05 15:15:00+05:30,3199.0,3205.0,3192.0,3195.6,15067
2025-12-05 15:30:00+05:30,3195.6,3222.0,3188.2,3207.7,21375
2025-12-08 09:30:00+05:30,3201.9,3236.8,3201.0,3227.2,11400
2025-12-08 09:45:00+05:30,3227.3,3260.0,3219.4,3243.2,13709
2025-12-08 10:00:00+05:30,3243.2,3255.0,3233.8,3236.7,11871
2025-12-08 10:15:00+05:30,3236.7,3240.6,3228.7,3236.8,9446
2025-12-08 10:30:00+05:30,3236.8,3244.2,3235.0,3237.4,6489
2025-12-08 10:45:00+05:30,3237.4,3238.0,3226.7,3229.1,5338
2025-12-08 11:00:00+05:30,3228.1,3229.1,3206.0,3208.2,8431
2025-12-08 11:15:00+05:30,3210.0,3220.1,3202.1,3205.7,10468
2025-12-08 11:30:00+05:30,3205.0,3209.3,3205.0,3209.1,2711
2025-12-08 11:45:00+05:30,3209.1,3210.8,3195.1,3199.5,7323
2025-12-08 12:00:00+05:30,3199.5,3204.3,3195.0,3200.4,3577
2025-12-08 12:15:00+05:30,3200.4,3210.9,3199.0,3199.1,3743
2025-12-08 12:30:00+05:30,3199.1,3202.4,3196.0,3199.0,4575
2025-12-08 12:45:00+05:30,3199.0,3199.5,3181.3,3184.1,14307
2025-12-08 13:00:00+05:30,3184.1,3190.0,3182.9,3188.6,2627
2025-12-08 13:15:00+05:30,3188.6,3194.1,3185.0,3190.4,2965
2025-12-08 13:30:00+05:30,3190.4,3193.0,3164.8,3175.4,7321
2025-12-08 13:45:00+05:30,3173.8,3174.4,3145.7,3150.5,12864
2025-12-08 14:00:00+05:30,3151.7,3159.0,3140.0,3148.7,14202
2025-12-08 14:15:00+05:30,3148.8,3156.5,3146.0,3148.7,7293
2025-12-08 14:30:00+05:30,3148.7,3152.7,3145.0,3148.4,6042
2025-12-08 14:45:00+05:30,3148.1,3158.5,3144.4,3145.9,9805
2025-12-08 15:00:00+05:30,3146.3,3162.9,3144.7,3144.8,15427
2025-12-08 15:15:00+05:30,3144.7,3157.5,3142.5,3148.9,17385
2025-12-08 15:30:00+05:30,3149.5,3155.9,3139.0,3142.0,23828
2025-12-09 09:30:00+05:30,3140.0,3147.0,3092.9,3103.7,17835
2025-12-09 09:45:00+05:30,3103.7,3138.3,3095.0,3122.1,10944
2025-12-09 10:00:00+05:30,3122.1,3128.5,3113.3,3121.9,4297
2025-12-09 10:15:00+05:30,3121.9,3128.9,3115.2,3125.4,3043
2025-12-09 10:30:00+05:30,3125.5,3146.8,3110.1,3113.0,9001
2025-12-09 10:45:00+05:30,3111.5,3120.0,3106.9,3120.0,5057
2025-12-09 11:00:00+05:30,3120.0,3121.3,3110.5,3110.5,3745
2025-12-09 11:15:00+05:30,3110.0,3116.8,3102.0,3109.1,10007
2025-12-09 11:30:00+05:30,3109.1,3109.8,3101.0,3103.0,9219
2025-12-09 11:45:00+05:30,3104.0,3125.6,3102.0,3113.8,13308
2025-12-09 12:00:00+05:30,3113.7,3126.0,3110.5,3126.0,6419
2025-12-09 12:15:00+05:30,3136.0,3195.0,3136.0,3190.1,18096
2025-12-09 12:30:00+05:30,3190.2,3205.0,3187.6,3194.1,8313
2025-12-09 12:45:00+05:30,3194.4,3200.0,3188.8,3199.0,3752
2025-12-09 13:00:00+05:30,3199.0,3205.0,3196.4,3200.0,6333
2025-12-09 13:15:00+05:30,3200.0,3203.6,3185.0,3188.7,4638
2025-12-09 13:30:00+05:30,3188.4,3196.1,3188.4,3196.0,3112
2025-12-09 13:45:00+05:30,3196.1,3200.0,3191.9,3195.5,3107
2025-12-09 14:00:00+05:30,3195.5,3200.0,3191.2,3197.1,3568
2025-12-09 14:15:00+05:30,3199.0,3204.8,3198.4,3204.0,4293
2025-12-09 14:30:00+05:30,3202.8,3204.3,3196.7,3203.3,3564
2025-12-09 14:45:00+05:30,3203.3,3208.8,3201.7,3207.9,5122
2025-12-09 15:00:00+05:30,3208.1,3210.5,3198.0,3200.0,7580
2025-12-09 15:15:00+05:30,3199.9,3218.3,3199.9,3210.0,50513
2025-12-09 15:30:00+05:30,3209.9,3211.5,3205.5,3209.0,23423
2025-12-10 09:30:00+05:30,3215.0,3235.0,3204.6,3222.8,11816
2025-12-10 09:45:00+05:30,3221.8,3289.4,3220.6,3276.9,23633
2025-12-10 10:00:00+05:30,3275.4,3280.2,3255.8,3268.0,18287
2025-12-10 10:15:00+05:30,3267.3,3272.4,3238.8,3240.0,13394
2025-12-10 10:30:00+05:30,3240.0,3249.5,3236.0,3243.7,6817
2025-12-10 10:45:00+05:30,3244.0,3252.5,3243.3,3247.7,4656
2025-12-10 11:00:00+05:30,3247.9,3252.5,3240.1,3244.3,4615
2025-12-10 11:15:00+05:30,3244.3,3249.7,3244.0,3247.8,4756
2025-12-10 11:30:00+05:30,3249.0,3262.2,3247.9,3255.7,7227
2025-12-10 11:45:00+05:30,3255.9,3264.0,3234.3,3234.8,8154
2025-12-10 12:00:00+05:30,3234.8,3235.1,3229.2,3230.0,7348
2025-12-10 12:15:00+05:30,3230.0,3247.0,3228.5,3244.5,6899
2025-12-10 12:30:00+05:30,3245.0,3247.5,3238.4,3243.2,3635
2025-12-10 12:45:00+05:30,3243.9,3246.9,3226.8,3232.1,4195
2025-12-10 13:00:00+05:30,3233.0,3236.9,3226.2,3229.2,4559
2025-12-10 13:15:00+05:30,3229.5,3236.4,3220.3,3225.9,10915
2025-12-10 13:30:00+05:30,3225.0,3230.0,3225.0,3230.0,3103
2025-12-10 13:45:00+05:30,3229.9,3239.9,3228.1,3235.2,6369
2025-12-10 14:00:00+05:30,3235.2,3239.0,3232.6,3238.2,3111
2025-12-10 14:15:00+05:30,3238.2,3239.9,3234.0,3238.5,3153
2025-12-10 14:30:00+05:30,3238.5,3240.0,3234.8,3236.7,4025
2025-12-10 14:45:00+05:30,3236.7,3240.0,3236.0,3238.9,10576
2025-12-10 15:00:00+05:30,3238.9,3240.0,3234.0,3237.3,9843
2025-12-10 15:15:00+05:30,3237.3,3240.0,3237.3,3239.2,12345
2025-12-10 15:30:00+05:30,3237.9,3239.2,3210.0,3214.2,17046
2025-12-11 09:30:00+05:30,3235.7,3235.7,3190.0,3200.0,12663
2025-12-11 09:45:00+05:30,3197.3,3198.6,3181.2,3187.0,2835
2025-12-11 10:00:00+05:30,3184.0,3187.8,3173.8,3176.8,7977
2025-12-11 10:15:00+05:30,3176.8,3189.6,3172.8,3186.4,2838
2025-12-11 10:30:00+05:30,3188.1,3195.5,3185.2,3188.8,4452
2025-12-11 10:45:00+05:30,3188.8,3192.7,3188.1,3190.6,1346
2025-12-11 11:00:00+05:30,3190.7,3200.3,3188.0,3198.0,5528
2025-12-11 11:15:00+05:30,3199.0,3204.0,3196.5,3198.5,6763
2025-12-11 11:30:00+05:30,3198.5,3200.0,3191.3,3198.2,3941
2025-12-11 11:45:00+05:30,3198.2,3200.0,3197.7,3199.5,3645
2025-12-11 12:00:00+05:30,3200.0,3200.0,3196.0,3199.9,2782
2025-12-11 12:15:00+05:30,3199.9,3200.0,3195.2,3196.9,3225
2025-12-11 12:30:00+05:30,3196.9,3200.0,3194.1,3198.3,3950
2025-12-11 12:45:00+05:30,3199.0,3200.0,3195.8,3197.8,3493
2025-12-11 13:00:00+05:30,3200.0,3201.0,3196.8,3200.0,19821
2025-12-11 13:15:00+05:30,3200.0,3200.1,3195.2,3199.2,5466
2025-12-11 13:30:00+05:30,3199.2,3200.0,3198.0,3200.0,5355
2025-12-11 13:45:00+05:30,3200.0,3200.4,3199.2,3199.9,6539
2025-12-11 14:00:00+05:30,3199.9,3200.1,3199.7,3199.9,4724
2025-12-11 14:15:00+05:30,3199.9,3200.0,3196.5,3199.6,4781
2025-12-11 14:30:00+05:30,3199.6,3200.1,3198.1,3200.0,5544
2025-12-11 14:45:00+05:30,3199.9,3200.0,3196.6,3197.5,5284
2025-12-11 15:00:00+05:30,3199.9,3200.0,3197.0,3200.0,5105
2025-12-11 15:15:00+05:30,3199.4,3201.6,3197.6,3198.6,18362
2025-12-11 15:30:00+05:30,3198.6,3204.0,3194.3,3204.0,13433
2025-12-12 09:30:00+05:30,3212.5,3257.9,3204.6,3249.1,12510
2025-12-12 09:45:00+05:30,3249.0,3254.0,3227.3,3229.6,18396
2025-12-12 10:00:00+05:30,3229.4,3230.0,3221.0,3225.0,4476
2025-12-12 10:15:00+05:30,3225.0,3228.8,3219.2,3223.0,4470
2025-12-12 10:30:00+05:30,3223.0,3229.9,3223.0,3228.5,4356
2025-12-12 10:45:00+05:30,3228.5,3236.0,3225.5,3229.9,18461
2025-12-12 11:00:00+05:30,3229.9,3233.9,3226.1,3230.7,3870
2025-12-12 11:15:00+05:30,3230.0,3238.5,3228.2,3229.9,6164
2025-12-12 11:30:00+05:30,3230.0,3232.6,3227.8,3230.0,3670
2025-12-12 11:45:00+05:30,3230.0,3230.0,3226.4,3229.0,2883
2025-12-12 12:00:00+05:30,3229.0,3230.0,3220.0,3229.2,5511
2025-12-12 12:15:00+05:30,3228.8,3230.0,3227.0,3229.7,2722
2025-12-12 12:30:00+05:30,3229.7,3232.9,3227.2,3230.0,7225
2025-12-12 12:45:00+05:30,3229.9,3242.9,3228.5,3241.7,3913
2025-12-12 13:00:00+05:30,3241.0,3241.0,3226.1,3230.0,3422
2025-12-12 13:15:00+05:30,3230.0,3231.5,3220.1,3223.0,3948
2025-12-12 13:30:00+05:30,3223.0,3225.0,3218.1,3222.6,39464
2025-12-12 13:45:00+05:30,3222.6,3225.0,3219.9,3224.0,2885
2025-12-12 14:00:00+05:30,3224.0,3225.5,3223.1,3225.5,4978
2025-12-12 14:15:00+05:30,3225.0,3225.5,3216.0,3221.5,4933
2025-12-12 14:30:00+05:30,3220.6,3224.9,3218.5,3223.1,3543
2025-12-12 14:45:00+05:30,3221.6,3225.0,3218.7,3224.7,5296
2025-12-12 15:00:00+05:30,3224.7,3225.0,3222.2,3224.9,5731
2025-12-12 15:15:00+05:30,3224.7,3226.0,3220.0,3223.4,13348
2025-12-12 15:30:00+05:30,3225.1,3226.0,3220.2,3225.0,11786
2025-12-15 09:30:00+05:30,3218.5,3218.6,3180.0,3198.3,9029
2025-12-15 09:45:00+05:30,3198.1,3213.0,3196.0,3210.2,3348
2025-12-15 10:00:00+05:30,3212.2,3217.9,3207.0,3209.8,2408
2025-12-15 10:15:00+05:30,3207.5,3217.5,3206.0,3216.2,2212
2025-12-15 10:30:00+05:30,3216.2,3217.6,3208.4,3210.9,2088
2025-12-15 10:45:00+05:30,3210.9,3213.9,3208.1,3210.7,1801
2025-12-15 11:00:00+05:30,3210.7,3225.5,3206.7,3215.1,2115
2025-12-15 11:15:00+05:30,3215.3,3228.0,3212.5,3218.5,2272
2025-12-15 11:30:00+05:30,3219.2,3220.1,3210.3,3216.0,2897
2025-12-15 11:45:00+05:30,3216.0,3225.6,3210.0,3220.7,2672
2025-12-15 12:00:00+05:30,3220.7,3229.0,3218.9,3219.9,3573
2025-12-15 12:15:00+05:30,3219.9,3234.9,3219.9,3233.9,2892
2025-12-15 12:30:00+05:30,3233.9,3243.2,3233.9,3240.6,4485
2025-12-15 12:45:00+05:30,3240.6,3246.6,3224.2,3226.1,4137
2025-12-15 13:00:00+05:30,3226.1,3238.5,3224.0,3237.7,2572
2025-12-15 13:15:00+05:30,3237.9,3241.8,3235.9,3241.6,1944
2025-12-15 13:30:00+05:30,3241.6,3270.0,3241.1,3262.0,15500
2025-12-15 13:45:00+05:30,3262.0,3268.0,3256.4,3257.1,6848
2025-12-15 14:00:00+05:30,3257.1,3262.7,3244.0,3245.9,4936
2025-12-15 14:15:00+05:30,3245.9,3255.8,3241.6,3248.6,15018
2025-12-15 14:30:00+05:30,3249.0,3249.1,3241.3,3245.0,4665
2025-12-15 14:45:00+05:30,3243.2,3244.5,3231.7,3236.6,6007
2025-12-15 15:00:00+05:30,3235.3,3238.6,3224.6,3224.6,10038
2025-12-15 15:15:00+05:30,3226.1,3227.1,3222.6,3223.0,14574
2025-12-15 15:30:00+05:30,3223.0,3226.6,3211.0,3215.0,18222
2025-12-16 09:30:00+05:30,3215.0,3215.0,3175.0,3193.5,13302
2025-12-16 09:45:00+05:30,3193.5,3193.7,3180.0,3184.5,3571
2025-12-16 10:00:00+05:30,3184.5,3190.0,3182.0,3183.6,2264
2025-12-16 10:15:00+05:30,3183.6,3185.0,3180.0,3184.3,6358
2025-12-16 10:30:00+05:30,3184.3,3188.6,3176.0,3177.9,2652
2025-12-16 10:45:00+05:30,3177.9,3178.0,3168.0,3168.0,5036
2025-12-16 11:00:00+05:30,3168.0,3168.0,3164.2,3166.2,2221
2025-12-16 11:15:00+05:30,3166.2,3167.0,3151.0,3151.0,4220
2025-12-16 11:30:00+05:30,3152.0,3153.0,3146.8,3150.8,3897
2025-12-16 11:45:00+05:30,3150.8,3152.1,3141.0,3141.3,3203
2025-12-16 12:00:00+05:30,3141.3,3146.7,3134.9,3135.6,3834
2025-12-16 12:15:00+05:30,3134.7,3139.1,3131.0,3131.1,5475
2025-12-16 12:30:00+05:30,3131.1,3143.3,3131.0,3135.9,3790
2025-12-16 12:45:00+05:30,3136.6,3164.9,3130.0,3154.5,6858
2025-12-16 13:00:00+05:30,3152.7,3160.0,3142.4,3144.0,4977
2025-12-16 13:15:00+05:30,3143.7,3148.5,3141.7,3141.7,3401
2025-12-16 13:30:00+05:30,3141.7,3148.8,3140.0,3144.2,3375
2025-12-16 13:45:00+05:30,3146.0,3166.4,3145.9,3160.6,5376
2025-12-16 14:00:00+05:30,3160.6,3161.0,3152.9,3155.6,3800
2025-12-16 14:15:00+05:30,3155.6,3160.0,3154.2,3158.0,1691
2025-12-16 14:30:00+05:30,3158.0,3160.0,3152.0,3153.5,1546
2025-12-16 14:45:00+05:30,3153.5,3159.8,3151.6,3157.3,2319
2025-12-16 15:00:00+05:30,3157.3,3164.3,3151.8,3155.8,6211
2025-12-16 15:15:00+05:30,3157.4,3174.0,3157.4,3165.0,11066
2025-12-16 15:30:00+05:30,3164.5,3177.0,3163.8,3177.0,12176
2025-12-17 09:30:00+05:30,3177.9,3195.2,3163.7,3175.3,5946
2025-12-17 09:45:00+05:30,3173.1,3183.0,3170.9,3180.0,3407
2025-12-17 10:00:00+05:30,3180.0,3198.0,3179.0,3195.0,7835
2025-12-17 10:15:00+05:30,3192.5,3194.9,3173.0,3181.9,9126
2025-12-17 10:30:00+05:30,3183.0,3185.0,3154.9,3161.2,6336
2025-12-17 10:45:00+05:30,3161.8,3162.3,3159.0,3160.3,1220
2025-12-17 11:00:00+05:30,3160.3,3164.5,3155.0,3157.9,1827
2025-12-17 11:15:00+05:30,3157.9,3172.8,3155.5,3168.0,3024
2025-12-17 11:30:00+05:30,3167.9,3167.9,3143.1,3148.0,6910
2025-12-17 11:45:00+05:30,3148.0,3148.0,3133.0,3138.0,10355
2025-12-17 12:00:00+05:30,3138.0,3138.0,3108.0,3108.0,28910
2025-12-17 12:15:00+05:30,3108.0,3123.8,3097.5,3114.0,29113
2025-12-17 12:30:00+05:30,3114.0,3114.0,3097.5,3098.1,10454
2025-12-17 12:45:00+05:30,3098.1,3100.5,3095.5,3098.8,5540
2025-12-17 13:00:00+05:30,3098.8,3099.9,3080.1,3092.9,10817
2025-12-17 13:15:00+05:30,3092.8,3098.9,3090.1,3097.7,4161
2025-12-17 13:30:00+05:30,3097.7,3097.7,3080.0,3089.8,9788
2025-12-17 13:45:00+05:30,3092.5,3092.6,3080.8,3090.6,4134
2025-12-17 14:00:00+05:30,3090.7,3092.5,3088.0,3091.8,4619
2025-12-17 14:15:00+05:30,3089.0,3100.0,3085.0,3096.8,6794
2025-12-17 14:30:00+05:30,3096.8,3100.0,3074.9,3075.5,13191
2025-12-17 14:45:00+05:30,3079.6,3087.9,3070.0,3077.0,16727
2025-12-17 15:00:00+05:30,3078.0,3078.7,3066.2,3069.3,7153
2025-12-17 15:15:00+05:30,3071.6,3076.8,3062.0,3072.7,15214
2025-12-17 15:30:00+05:30,3072.1,3079.7,3065.0,3079.7,22883
2025-12-18 09:30:00+05:30,3089.8,3127.6,3084.1,3099.0,33013
2025-12-18 09:45:00+05:30,3099.0,3107.5,3090.7,3095.4,13142
2025-12-18 10:00:00+05:30,3095.4,3099.6,3082.1,3098.3,10013
2025-12-18 10:15:00+05:30,3098.3,3103.8,3092.0,3096.4,8084
2025-12-18 10:30:00+05:30,3096.4,3110.3,3094.0,3100.0,13788
2025-12-18 10:45:00+05:30,3100.1,3103.6,3098.3,3100.0,9541
2025-12-18 11:00:00+05:30,3100.0,3106.2,3099.1,3101.6,8618
2025-12-18 11:15:00+05:30,3100.3,3112.5,3100.0,3104.7,19897
2025-12-18 11:30:00+05:30,3104.7,3154.0,3101.7,3133.9,34321
2025-12-18 11:45:00+05:30,3133.9,3143.2,3129.6,3142.0,10127
2025-12-18 12:00:00+05:30,3142.0,3148.0,3131.8,3141.5,11504
2025-12-18 12:15:00+05:30,3141.5,3156.7,3134.0,3144.2,14762
2025-12-18 12:30:00+05:30,3144.2,3158.3,3132.0,3132.0,12631
2025-12-18 12:45:00+05:30,3132.0,3159.0,3132.0,3155.6,10421
2025-12-18 13:00:00+05:30,3154.7,3172.0,3148.1,3163.0,18864
2025-12-18 13:15:00+05:30,3163.0,3182.0,3162.3,3178.2,11632
2025-12-18 13:30:00+05:30,3177.6,3190.0,3162.0,3177.1,20648
2025-12-18 13:45:00+05:30,3177.4,3179.9,3168.5,3169.4,7039
2025-12-18 14:00:00+05:30,3170.7,3183.7,3168.7,3174.0,10845
2025-12-18 14:15:00+05:30,3174.0,3176.0,3167.9,3169.5,5671
2025-12-18 14:30:00+05:30,3170.0,3173.7,3146.8,3154.0,14584
2025-12-18 14:45:00+05:30,3154.0,3164.5,3146.1,3151.4,43125
2025-12-18 15:00:00+05:30,3151.3,3162.0,3150.0,3158.5,12497
2025-12-18 15:15:00+05:30,3158.9,3172.0,3158.5,3160.2,28534
2025-12-18 15:30:00+05:30,3160.0,3173.2,3156.8,3162.9,31226
2025-12-19 09:30:00+05:30,3150.0,3175.0,3138.2,3150.5,23239
2025-12-19 09:45:00+05:30,3150.5,3162.4,3141.9,3151.0,11117
2025-12-19 10:00:00+05:30,3151.0,3155.0,3145.6,3150.0,3010
2025-12-19 10:15:00+05:30,3150.0,3152.1,3145.6,3149.8,2105
2025-12-19 10:30:00+05:30,3149.8,3154.5,3146.5,3150.9,3172
2025-12-19 10:45:00+05:30,3150.7,3152.7,3142.2,3143.5,3606
2025-12-19 11:00:00+05:30,3143.1,3143.9,3125.0,3141.0,12024
2025-12-19 11:15:00+05:30,3141.0,3179.9,3137.3,3168.7,19374
2025-12-19 11:30:00+05:30,3169.2,3188.9,3165.3,3177.2,18754
2025-12-19 11:45:00+05:30,3179.4,3184.7,3176.9,3184.0,4765
2025-12-19 12:00:00+05:30,3182.4,3188.9,3177.8,3181.5,9069
2025-12-19 12:15:00+05:30,3181.5,3189.9,3171.4,3180.9,16105
2025-12-19 12:30:00+05:30,3180.8,3182.0,3175.2,3180.9,10775
2025-12-19 12:45:00+05:30,3180.2,3185.5,3174.5,3179.6,14172
2025-12-19 13:00:00+05:30,3180.3,3195.0,3173.7,3180.0,16969
2025-12-19 13:15:00+05:30,3178.9,3188.0,3178.1,3178.5,13371
2025-12-19 13:30:00+05:30,3178.9,3224.9,3178.9,3221.1,20520
2025-12-19 13:45:00+05:30,3221.4,3245.0,3219.7,3245.0,18502
2025-12-19 14:00:00+05:30,3245.0,3248.0,3211.8,3217.4,33188
2025-12-19 14:15:00+05:30,3212.1,3212.8,3200.7,3202.9,9271
2025-12-19 14:30:00+05:30,3202.9,3229.8,3200.8,3226.0,6589
2025-12-19 14:45:00+05:30,3225.8,3234.5,3218.7,3231.0,18253
2025-12-19 15:00:00+05:30,3231.7,3231.8,3215.5,3218.9,10362
2025-12-19 15:15:00+05:30,3218.6,3218.6,3182.2,3188.0,51762
2025-12-19 15:30:00+05:30,3188.0,3214.8,3183.9,3190.1,39457
2025-12-22 09:30:00+05:30,3194.9,3195.0,3150.1,3156.7,20816
2025-12-22 09:45:00+05:30,3156.6,3185.0,3151.1,3167.1,13245
2025-12-22 10:00:00+05:30,3166.1,3193.0,3161.6,3174.6,9049
2025-12-22 10:15:00+05:30,3174.7,3210.0,3171.4,3204.1,17329
2025-12-22 10:30:00+05:30,3205.0,3211.5,3186.1,3195.3,12310
2025-12-22 10:45:00+05:30,3196.3,3205.8,3190.8,3193.0,10238
2025-12-22 11:00:00+05:30,3194.7,3212.0,3192.6,3196.4,9493
2025-12-22 11:15:00+05:30,3198.0,3219.3,3196.2,3203.4,12758
2025-12-22 11:30:00+05:30,3204.8,3217.8,3201.3,3203.0,6369
2025-12-22 11:45:00+05:30,3204.7,3254.0,3204.7,3245.4,21919
2025-12-22 12:00:00+05:30,3247.7,3258.0,3235.7,3248.1,17087
2025-12-22 12:15:00+05:30,3247.5,3262.0,3247.5,3254.5,17323
2025-12-22 12:30:00+05:30,3254.5,3268.2,3254.5,3265.2,13662
2025-12-22 12:45:00+05:30,3266.7,3268.0,3245.8,3255.0,9425
2025-12-22 13:00:00+05:30,3255.0,3255.0,3245.5,3253.0,7348
2025-12-22 13:15:00+05:30,3253.0,3262.6,3250.3,3258.9,7234
2025-12-22 13:30:00+05:30,3258.4,3264.8,3255.0,3262.9,8523
2025-12-22 13:45:00+05:30,3263.8,3263.8,3255.0,3258.4,8576
2025-12-22 14:00:00+05:30,3258.1,3262.0,3256.0,3261.2,7423
2025-12-22 14:15:00+05:30,3261.2,3264.0,3256.6,3263.9,7234
2025-12-22 14:30:00+05:30,3263.9,3265.0,3259.4,3265.0,7759
2025-12-22 14:45:00+05:30,3264.9,3270.0,3263.2,3269.0,8403
2025-12-22 15:00:00+05:30,3269.0,3270.0,3258.4,3268.7,10701
2025-12-22 15:15:00+05:30,3268.7,3275.0,3265.0,3268.8,17650
2025-12-22 15:30:00+05:30,3267.3,3275.9,3260.0,3268.0,15722
